
  BLADE ROW NUMBER            1  JMIX =          111


  INLET BOUNDARY CONDITIONS TO ROW NUMBER 1.

  STAGNATION PRESSURE 
  344740.1  344740.1  344740.0  344740.0  344740.0  344740.0  344740.0  344740.0
  344740.0  344740.0  344740.0  344740.0  344740.0  344740.0  344740.0  344740.0
  344740.0  344740.0  344740.0  344740.0  344740.0  344740.0  344740.1  344740.1
  344740.0  344740.1  344740.0  344740.0  344740.0  344740.0  344740.0  344740.0
  344740.0  344740.0  344740.0  344740.0  344740.1
  STATIC PRESSURE 
  341700.8  341774.2  341847.7  341875.4  341893.3  341900.2  341899.1  341891.8
  341880.2  341864.0  341843.2  341816.4  341781.7  341735.8  341679.6  341620.5
  341566.2  341522.6  341493.0  341479.4  341481.8  341498.9  341526.5  341557.6
  341586.1  341611.3  341632.9  341651.7  341667.1  341680.6  341691.7  341698.4
  341697.0  341705.7  341711.2  341623.8  341536.2
  STAGNATION TEMPERATURE 
     709.0     709.0     709.0     709.0     709.0     709.0     709.0     709.0
     709.0     709.0     709.0     709.0     709.0     709.0     709.0     709.0
     709.0     709.0     709.0     709.0     709.0     709.0     709.0     709.0
     709.0     709.0     709.0     709.0     709.0     709.0     709.0     709.0
     709.0     709.0     709.0     709.0     709.0
  STATIC TEMPERATURE 
     707.4     707.5     707.5     707.5     707.5     707.5     707.5     707.5
     707.5     707.5     707.5     707.5     707.5     707.5     707.4     707.4
     707.4     707.3     707.3     707.3     707.3     707.3     707.3     707.4
     707.4     707.4     707.4     707.4     707.4     707.4     707.4     707.4
     707.4     707.4     707.4     707.4     707.3
  ABSOLUTE TANGENTIAL VELOCITY 
    0.0000    0.0000    0.0000    0.0000    0.0000    0.0000    0.0000    0.0000
    0.0000    0.0000    0.0000    0.0000    0.0000    0.0000    0.0000    0.0000
    0.0000    0.0000    0.0000    0.0000    0.0000    0.0000    0.0000    0.0000
    0.0000    0.0000    0.0000    0.0000    0.0000    0.0000    0.0000    0.0000
    0.0000    0.0000    0.0000    0.0000    0.0000
  MERIDIONAL VELOCITY 
   59.8736   59.1421   58.4106   58.1376   57.9577   57.8888   57.8999   57.9732
   58.0888   58.2508   58.4577   58.7243   59.0668   59.5162   60.0622   60.6315
   61.1490   61.5615   61.8371   61.9594   61.9310   61.7611   61.4906   61.1873
   60.9095   60.6637   60.4526   60.2695   60.1187   59.9862   59.8766   59.8110
   59.8272   59.7440   59.6912   60.5399   61.3886
  YAW ANGLE 
    0.0000    0.0000    0.0000    0.0000    0.0000    0.0000    0.0000    0.0000
    0.0000    0.0000    0.0000    0.0000    0.0000    0.0000    0.0000    0.0000
    0.0000    0.0000    0.0000    0.0000    0.0000    0.0000    0.0000    0.0000
    0.0000    0.0000    0.0000    0.0000    0.0000    0.0000    0.0000    0.0000
    0.0000    0.0000    0.0000    0.0000    0.0000
  PITCH ANGLE 
    0.0000    0.0000    0.0000    0.0000    0.0000    0.0000    0.0000    0.0000
    0.0000    0.0000    0.0000    0.0000    0.0000    0.0000    0.0000    0.0000
    0.0000    0.0000    0.0000    0.0000    0.0000    0.0000    0.0000    0.0000
    0.0000    0.0000    0.0000    0.0000    0.0000    0.0000    0.0000    0.0000
    0.0000    0.0000    0.0000    0.0000    0.0000
  SPANWISE GRID SPACING 
  0.002995  0.003744  0.004680  0.005849  0.007312  0.009140  0.011425  0.014281
  0.017851  0.022314  0.027892  0.034865  0.043582  0.054477  0.059898  0.059898
  0.059898  0.059898  0.059898  0.059898  0.059898  0.059898  0.054477  0.043582
  0.034865  0.027892  0.022314  0.017851  0.014281  0.011425  0.009140  0.007312
  0.005849  0.004680  0.003744  0.002995
  PITCHWISE GRID SPACING 
  0.002995  0.003744  0.004680  0.005849  0.007312  0.009140  0.011425  0.014281
  0.017851  0.022314  0.027892  0.034865  0.043582  0.054477  0.059898  0.059898
  0.059898  0.059898  0.059898  0.059898  0.059898  0.059898  0.054477  0.043582
  0.034865  0.027892  0.022314  0.017851  0.014281  0.011425  0.009140  0.007312
  0.005849  0.004680  0.003744  0.002995
  SPANWISE GRID POSITIONS
  0.000000  0.002995  0.006739  0.011418  0.017268  0.024579  0.033719  0.045144
  0.059425  0.077276  0.099590  0.127482  0.162348  0.205929  0.260407  0.320305
  0.380203  0.440102  0.500000  0.559898  0.619797  0.679695  0.739594  0.794071
  0.837653  0.872518  0.900410  0.922724  0.940575  0.954856  0.966281  0.975421
  0.982733  0.988582  0.993262  0.997005  1.000000

  BLADE ROW NUMBER            2  JMIX =          217

  ROW NUMBER            1  JMIX  =           111
  EXIT FLOW CONDITIONS FROM THIS BLADE ROW
  THESE CAN BE USED AS THE INLET BOUNDARY CONDITIONS  FOR THE NEXT STAGE.

  STAGNATION PRESSURE 
  221946.4  229609.8  237273.2  247051.5  259505.2  275588.9  293633.8  309229.3
  319736.2  326433.7  331202.0  334374.5  335968.3  336612.0  336976.3  337286.5
  337532.5  337712.8  337825.1  337880.8  337903.7  337871.2  337782.2  337571.9
  337060.2  336456.8  336308.8  336543.6  336516.3  335038.0  329900.8  319835.7
  306261.8  291808.7  278233.0  266664.2  255095.3
  STATIC PRESSURE 
  191013.0  190768.6  190524.3  189997.5  189424.8  189022.1  188819.3  188852.9
  189107.2  189529.2  190088.8  190791.5  191677.2  192784.9  194088.9  195486.6
  196886.4  198245.6  199537.9  200754.8  201898.7  202968.5  203958.2  204812.9
  205499.7  206044.7  206444.0  206770.3  207158.3  207753.5  208715.4  209662.5
  209823.3  209209.4  208551.9  208220.3  207888.8
  STAGNATION TEMPERATURE 
     710.0     710.0     710.1     709.7     709.0     708.7     708.7     708.8
     708.9     708.9     708.9     709.0     709.0     709.0     709.0     709.0
     709.0     709.0     709.0     709.0     709.0     709.0     709.1     709.1
     709.1     709.1     709.1     709.0     709.0     709.3     709.5     709.0
     707.4     706.1     706.1     707.1     708.1
  STATIC TEMPERATURE 
     683.6     678.0     672.4     664.9     655.8     645.6     635.4     627.3
     622.1     619.1     617.3     616.3     616.3     616.9     617.7     618.7
     619.7     620.6     621.6     622.5     623.4     624.3     625.1     625.9
     626.6     627.3     627.7     627.8     628.1     629.5     632.9     638.1
     643.9     650.2     657.5     665.1     672.8
  ABSOLUTE TANGENTIAL VELOCITY 
  248.6326  270.2024  291.7722  316.1100  342.1703  369.9442  396.1231  415.6287
  427.3709  434.3902  439.0850  441.5980  441.8191  440.4693  438.4370  436.1989
  433.9207  431.6902  429.5571  427.5421  425.6614  423.8713  422.1439  420.4538
  418.5822  416.7019  415.4820  414.8824  414.6747  413.8298  408.2703  394.6774
  374.6343  351.6541  327.3901  303.7406  280.0911
  MERIDIONAL VELOCITY 
    4.1130   14.0887   24.0644   38.9233   56.7490   76.0575   95.7271  112.9003
  124.4348  130.1153  132.2437  132.9467  133.0823  132.8036  132.1568  131.2435
  130.1463  128.8883  127.4835  125.9694  124.3853  122.7802  121.2715  120.0432
  119.2774  119.1523  119.8350  120.5382  118.2177  109.4929   94.7879   78.8204
   66.9769   60.5208   56.5088   53.0978   49.6867
  YAW ANGLE 
   88.7161   87.0992   85.4824   83.2822   80.9405   78.7479   76.7440   75.0531
   73.9242   73.4119   73.2830   73.2672   73.2479   73.2271   73.2285   73.2561
   73.3055   73.3772   73.4713   73.5844   73.7121   73.8470   73.9733   74.0666
   74.0954   74.0426   73.9109   73.7993   74.0892   75.1946   76.9893   78.8237
   79.9901   80.3178   80.2438   80.0902   79.9366
  PITCH ANGLE 
  -17.6411   -7.5937    2.4536    8.4893   10.4385    9.7966    8.2121    6.7411
    5.7101    5.0502    4.6342    4.3473    4.1029    3.8624    3.6052    3.3176
    3.0018    2.6615    2.2948    1.9085    1.5099    1.1128    0.7696    0.4494
    0.0653   -0.3441   -0.9379   -2.0067   -3.2061   -3.9267   -3.7410   -1.5181
    2.9274    6.9445    8.1471    7.0294    5.9118
  SPANWISE GRID SPACING 
  0.002995  0.003744  0.004680  0.005849  0.007312  0.009140  0.011425  0.014281
  0.017851  0.022314  0.027892  0.034865  0.043582  0.054477  0.059898  0.059898
  0.059898  0.059898  0.059898  0.059898  0.059898  0.059898  0.054477  0.043582
  0.034865  0.027892  0.022314  0.017851  0.014281  0.011425  0.009140  0.007312
  0.005849  0.004680  0.003744  0.002995
  PITCHWISE GRID SPACING 
  0.002995  0.003744  0.004680  0.005849  0.007312  0.009140  0.011425  0.014281
  0.017851  0.022314  0.027892  0.034865  0.043582  0.054477  0.059898  0.059898
  0.059898  0.059898  0.059898  0.059898  0.059898  0.059898  0.054477  0.043582
  0.034865  0.027892  0.022314  0.017851  0.014281  0.011425  0.009140  0.007312
  0.005849  0.004680  0.003744  0.002995
  SPANWISE GRID POSITIONS
  0.000000  0.002995  0.006739  0.011418  0.017268  0.024579  0.033719  0.045144
  0.059425  0.077276  0.099590  0.127482  0.162348  0.205929  0.260407  0.320305
  0.380203  0.440102  0.500000  0.559898  0.619797  0.679695  0.739594  0.794071
  0.837653  0.872518  0.900410  0.922724  0.940575  0.954856  0.966281  0.975421
  0.982733  0.988582  0.993262  0.997005  1.000000

  BLADE ROW NUMBER            3  JMIX =          323

  ROW NUMBER            2  JMIX  =           217
  EXIT FLOW CONDITIONS FROM THIS BLADE ROW
  THESE CAN BE USED AS THE INLET BOUNDARY CONDITIONS  FOR THE NEXT STAGE.

  STAGNATION PRESSURE 
  139057.4  139999.2  140941.0  142125.7  143279.3  144189.6  144744.6  144957.0
  144893.3  144598.2  144094.7  143408.2  142608.6  141893.1  141693.6  142422.2
  143805.3  144974.4  145492.1  145616.1  145634.7  145386.3  144622.2  143650.0
  142650.1  141179.1  139289.6  137767.0  137444.3  138981.6  142188.2  145933.3
  149178.6  151419.2  152423.0  152344.2  152265.3
  STATIC PRESSURE 
  133440.7  133258.2  133075.8  132899.2  132732.4  132605.9  132523.0  132462.8
  132407.6  132355.5  132310.3  132259.0  132172.1  132045.2  131923.5  131864.7
  131896.2  132003.1  132095.7  132098.1  132012.4  131844.5  131619.4  131416.3
  131310.0  131234.8  131103.4  130922.7  130765.2  130823.0  131058.7  131128.9
  130891.2  130505.6  130170.5  129962.3  129754.2
  STAGNATION TEMPERATURE 
     577.5     577.4     577.2     576.9     576.5     576.2     576.1     576.1
     576.1     576.0     575.6     574.9     574.4     574.7     576.6     579.8
     582.9     584.2     582.9     581.5     582.3     584.0     583.6     580.4
     577.1     576.3     578.5     583.4     590.7     598.6     605.0     609.7
     613.2     615.5     616.5     616.6     616.7
  STATIC TEMPERATURE 
     571.6     570.3     569.0     567.3     565.6     564.3     563.5     563.3
     563.3     563.4     563.4     563.4     563.6     564.5     566.4     568.7
     570.5     570.7     569.0     567.5     568.2     569.9     570.0     567.7
     565.3     565.9     569.8     576.1     583.4     589.6     592.8     593.7
     593.5     593.1     592.7     592.6     592.6
  ABSOLUTE TANGENTIAL VELOCITY 
  -75.9655  -79.6561  -83.3467  -87.3704  -90.6705  -92.4286  -92.6412  -92.0473
  -91.4116  -91.3173  -92.4876  -95.2661  -98.1970  -97.9187  -91.5083  -79.2583
  -65.6215  -57.6192  -57.9146  -60.0743  -57.8566  -54.3230  -56.3218  -65.8339
  -77.2592  -80.9913  -71.1261  -47.8435  -15.4022   18.0340   44.4555   61.8543
   72.0986   76.4833   75.7989   71.8669   67.9349
  MERIDIONAL VELOCITY 
   89.8120   99.1358  108.4596  118.9832  128.7852  136.6169  141.8962  144.6489
  145.1499  143.3863  138.8729  131.3381  122.5560  117.5072  121.8435  136.0639
  153.2610  164.7080  168.0266  168.3351  170.1887  171.3279  167.0302  157.0557
  143.8044  129.7549  119.2996  116.2021  121.0016  133.7964  153.5726  175.8941
  195.9793  211.1308  219.9162  222.7444  225.5726
  YAW ANGLE 
  -40.0334  -38.8540  -37.6746  -36.4522  -35.3015  -34.2060  -33.2271  -32.5219
  -32.2281  -32.5112  -33.7071  -36.0625  -38.8576  -39.9080  -37.0228  -30.6468
  -23.8373  -19.7853  -19.2828  -19.7694  -18.8501  -17.6312  -18.7154  -22.9564
  -28.6157  -32.3834  -30.6750  -21.4694   -7.2454    5.8798   14.0584   17.9370
   19.4068   19.5397   18.8577   17.8049   16.7520
  PITCH ANGLE 
  -10.4228   -9.8939   -9.3650   -8.6306   -7.8618   -7.2542   -6.8956   -6.7294
   -6.6035   -6.3740   -5.9553   -5.3094   -4.4433   -3.4525   -2.5235   -1.7537
   -0.9712   -0.0104    0.8349    1.3307    1.9529    3.1300    4.6413    6.2891
    8.1603    9.8892   10.6626   10.5237   10.5160   11.2216   12.2656   13.0274
   13.1822   12.7858   12.1006   11.4195   10.7383
  SPANWISE GRID SPACING 
  0.002995  0.003744  0.004680  0.005849  0.007312  0.009140  0.011425  0.014281
  0.017851  0.022314  0.027892  0.034865  0.043582  0.054477  0.059898  0.059898
  0.059898  0.059898  0.059898  0.059898  0.059898  0.059898  0.054477  0.043582
  0.034865  0.027892  0.022314  0.017851  0.014281  0.011425  0.009140  0.007312
  0.005849  0.004680  0.003744  0.002995
  PITCHWISE GRID SPACING 
  0.002995  0.003744  0.004680  0.005849  0.007312  0.009140  0.011425  0.014281
  0.017851  0.022314  0.027892  0.034865  0.043582  0.054477  0.059898  0.059898
  0.059898  0.059898  0.059898  0.059898  0.059898  0.059898  0.054477  0.043582
  0.034865  0.027892  0.022314  0.017851  0.014281  0.011425  0.009140  0.007312
  0.005849  0.004680  0.003744  0.002995
  SPANWISE GRID POSITIONS
  0.000000  0.002995  0.006739  0.011418  0.017268  0.024579  0.033719  0.045144
  0.059425  0.077276  0.099590  0.127482  0.162348  0.205929  0.260407  0.320305
  0.380203  0.440102  0.500000  0.559898  0.619797  0.679695  0.739594  0.794071
  0.837653  0.872518  0.900410  0.922724  0.940575  0.954856  0.966281  0.975421
  0.982733  0.988582  0.993262  0.997005  1.000000

  BLADE ROW NUMBER            4  JMIX =          434

  ROW NUMBER            3  JMIX  =           323
  EXIT FLOW CONDITIONS FROM THIS BLADE ROW
  THESE CAN BE USED AS THE INLET BOUNDARY CONDITIONS  FOR THE NEXT STAGE.

  STAGNATION PRESSURE 
  110604.0  117093.5  123583.0  130448.6  135803.5  139074.0  140651.1  141088.9
  140557.9  138938.2  136635.2  135020.2  135208.1  136792.7  138502.4  139619.6
  140096.2  139875.8  138955.4  137825.8  137306.8  137700.6  138406.5  138723.6
  138582.4  138391.1  138578.4  139210.2  139972.5  140535.0  140797.0  140736.3
  140130.9  138279.0  134206.7  128536.2  122865.6
  STATIC PRESSURE 
   85719.0   85399.2   85079.5   84914.8   84894.0   84929.6   84983.7   85064.3
   85169.4   85329.5   85558.7   85829.2   86139.8   86533.9   87041.3   87650.3
   88346.6   89076.6   89657.5   89960.8   90125.9   90392.0   90833.4   91374.3
   91950.0   92529.4   93089.2   93604.5   94042.5   94386.1   94640.7   94828.4
   94969.1   95021.4   94897.9   94613.4   94328.9
  STAGNATION TEMPERATURE 
     576.3     576.5     576.7     576.7     576.7     576.7     576.6     576.5
     576.4     576.4     576.4     576.5     576.8     577.6     579.0     580.6
     582.6     585.0     587.6     589.2     589.0     587.6     585.7     584.2
     583.0     582.0     581.3     580.9     580.7     580.5     580.3     580.2
     580.1     580.1     580.2     580.4     580.7
  STATIC TEMPERATURE 
     540.2     532.9     525.7     518.5     513.2     510.1     508.6     508.1
     508.7     510.3     512.8     514.9     515.4     515.2     515.6     516.9
     519.2     522.7     526.7     529.7     530.3     528.9     527.2     526.3
     526.2     526.3     526.3     526.0     525.7     525.5     525.5     525.7
     526.4     528.2     532.2     537.9     543.6
  ABSOLUTE TANGENTIAL VELOCITY 
  286.1253  308.4188  330.7122  351.2402  365.0099  372.1204  374.8228  374.5923
  371.2836  363.9913  354.2611  347.4832  347.5888  352.5538  357.5740  359.6924
  357.7593  351.2316  342.4097  336.6100  336.6490  339.7407  341.1954  339.5263
  336.8723  335.6070  336.2250  337.7757  339.0237  339.1591  338.0819  335.9572
  332.4284  325.5554  311.3158  290.0863  268.8568
  MERIDIONAL VELOCITY 
   47.9914   64.3738   80.7563   95.5029  108.2426  118.2222  124.7010  128.9459
  133.1651  138.2267  142.6303  144.1180  142.1406  137.9064  133.2187  130.4550
  132.5237  140.4578  149.7594  152.6926  146.9114  138.3290  133.6722  132.6895
  130.1553  123.4075  114.9427  108.6032  105.7383  105.7879  107.8841  110.9372
  113.5043  114.4614  114.0100  113.2287  112.4473
  YAW ANGLE 
   80.2653   78.3891   76.5129   75.0029   73.6467   72.4843   71.6615   71.0379
   70.2800   69.1916   68.0378   67.4485   67.7424   68.6186   69.5501   70.0551
   69.6651   68.1806   66.3415   65.5752   66.4151   67.8424   68.6043   68.6527
   68.8788   69.8236   71.1405   72.1844   72.6815   72.6784   72.3019   71.7239
   71.1419   70.6138   69.8300   68.5447   67.2594
  PITCH ANGLE 
   -2.0532   -0.4329    1.1874    0.6218   -0.5134   -1.1822   -1.5579   -1.7689
   -1.7155   -1.4094   -0.9431   -0.4644   -0.0747    0.2938    0.7411    1.1282
    1.1002    0.6338    0.4571    1.4273    3.5107    5.6955    7.1742    8.2112
    9.3786   10.6668   11.6788   12.1119   11.8512   10.9313    9.6017    8.3013
    7.5103    7.2073    6.4812    4.8442    3.2072
  SPANWISE GRID SPACING 
  0.002995  0.003744  0.004680  0.005849  0.007312  0.009140  0.011425  0.014281
  0.017851  0.022314  0.027892  0.034865  0.043582  0.054477  0.059898  0.059898
  0.059898  0.059898  0.059898  0.059898  0.059898  0.059898  0.054477  0.043582
  0.034865  0.027892  0.022314  0.017851  0.014281  0.011425  0.009140  0.007312
  0.005849  0.004680  0.003744  0.002995
  PITCHWISE GRID SPACING 
  0.002995  0.003744  0.004680  0.005849  0.007312  0.009140  0.011425  0.014281
  0.017851  0.022314  0.027892  0.034865  0.043582  0.054477  0.059898  0.059898
  0.059898  0.059898  0.059898  0.059898  0.059898  0.059898  0.054477  0.043582
  0.034865  0.027892  0.022314  0.017851  0.014281  0.011425  0.009140  0.007312
  0.005849  0.004680  0.003744  0.002995
  SPANWISE GRID POSITIONS
  0.000000  0.002995  0.006739  0.011418  0.017268  0.024579  0.033719  0.045144
  0.059425  0.077276  0.099590  0.127482  0.162348  0.205929  0.260407  0.320305
  0.380203  0.440102  0.500000  0.559898  0.619797  0.679695  0.739594  0.794071
  0.837653  0.872518  0.900410  0.922724  0.940575  0.954856  0.966281  0.975421
  0.982733  0.988582  0.993262  0.997005  1.000000

  BLADE ROW NUMBER            5  JMIX =            0

  ROW NUMBER            4  JMIX  =           434
  EXIT FLOW CONDITIONS FROM THIS BLADE ROW
  THESE CAN BE USED AS THE INLET BOUNDARY CONDITIONS  FOR THE NEXT STAGE.

  STAGNATION PRESSURE 
   65569.8   65842.9   66116.0   66428.0   66743.1   67036.7   67293.5   67504.2
   67664.7   67785.4   67895.0   68022.2   68182.0   68375.8   68598.3   68839.7
   69087.6   69330.5   69557.8   69757.0   69921.0   70051.3   70155.7   70245.2
   70333.4   70435.6   70566.2   70730.5   70914.8   71091.7   71229.2   71294.1
   71260.8   71121.1   70883.2   70577.6   70272.1
  STATIC PRESSURE 
   62115.3   62115.3   62115.3   62115.3   62115.3   62115.3   62115.3   62115.3
   62115.3   62115.3   62115.3   62115.3   62115.3   62115.3   62115.3   62115.3
   62115.3   62115.3   62115.3   62115.3   62115.3   62115.3   62115.3   62115.3
   62115.3   62115.3   62115.3   62115.3   62115.3   62115.3   62115.3   62115.3
   62115.3   62115.3   62115.3   62115.3   62115.3
  STAGNATION TEMPERATURE 
     480.6     481.0     481.5     482.0     482.6     483.2     483.8     484.5
     485.1     485.7     486.4     487.2     488.0     488.9     490.0     491.1
     492.2     493.4     494.5     495.5     496.2     496.8     497.3     497.7
     498.1     498.7     499.6     500.7     502.0     503.4     504.9     506.3
     507.6     508.7     509.6     510.4     511.3
  STATIC TEMPERATURE 
     474.1     474.1     474.0     474.0     474.0     474.1     474.2     474.5
     474.8     475.3     475.7     476.3     476.8     477.4     478.0     478.6
     479.3     480.0     480.7     481.3     481.8     482.1     482.4     482.6
     482.9     483.3     483.9     484.7     485.7     486.8     488.0     489.3
     490.5     491.8     493.1     494.5     495.8
  ABSOLUTE TANGENTIAL VELOCITY 
  -30.8340  -30.5703  -30.3067  -29.8883  -29.2793  -28.4503  -27.3667  -25.9791
  -24.2468  -22.1715  -19.8071  -17.2336  -14.5501  -11.8754   -9.3138   -6.9288
   -4.7380   -2.7252   -0.7660    1.3969    3.9806    7.0826   10.7397   14.9641
   19.7725   25.1937   31.2232   37.6278   43.9375   49.7521   54.8131   58.9236
   61.9911   64.0702   65.3305   66.0222   66.7139
  MERIDIONAL VELOCITY 
  117.9539  122.5249  127.0959  132.1533  137.1227  141.6611  145.5927  148.8388
  151.3847  153.3878  155.2202  157.2419  159.6231  162.3611  165.3701  168.5247
  171.6724  174.6870  177.4534  179.8384  181.7562  183.2073  184.2517  184.9690
  185.4474  185.7802  186.0225  186.2151  186.3882  186.4924  186.3678  185.7755
  184.4926  182.3946  179.4622  175.8809  172.2995
  YAW ANGLE 
  -14.6118  -14.0285  -13.4452  -12.7868  -12.0988  -11.3972  -10.6776   -9.9208
   -9.1052   -8.2162   -7.2520   -6.2273   -5.1769   -4.1488   -3.1853   -2.3106
   -1.5299   -0.8354   -0.1840    0.5083    1.3128    2.2647    3.3810    4.6718
    6.1484    7.8231    9.6952   11.6798   13.6049   15.3338   16.8084   18.0167
   18.9802   19.7485   20.3872   20.9564   21.5255
  PITCH ANGLE 
    0.2570    0.3146    0.3722    0.4522    0.5589    0.6936    0.8508    1.0140
    1.1597    1.2631    1.3081    1.2977    1.2586    1.2318    1.2470    1.3070
    1.3924    1.4798    1.5520    1.5969    1.6055    1.5680    1.4727    1.3118
    1.0903    0.8281    0.5497    0.2801    0.0458   -0.1350   -0.2570   -0.3249
   -0.3484   -0.3381   -0.3059   -0.2612   -0.2166
  SPANWISE GRID SPACING 
  0.002995  0.003744  0.004680  0.005849  0.007312  0.009140  0.011425  0.014281
  0.017851  0.022314  0.027892  0.034865  0.043582  0.054477  0.059898  0.059898
  0.059898  0.059898  0.059898  0.059898  0.059898  0.059898  0.054477  0.043582
  0.034865  0.027892  0.022314  0.017851  0.014281  0.011425  0.009140  0.007312
  0.005849  0.004680  0.003744  0.002995
  PITCHWISE GRID SPACING 
  0.002995  0.003744  0.004680  0.005849  0.007312  0.009140  0.011425  0.014281
  0.017851  0.022314  0.027892  0.034865  0.043582  0.054477  0.059898  0.059898
  0.059898  0.059898  0.059898  0.059898  0.059898  0.059898  0.054477  0.043582
  0.034865  0.027892  0.022314  0.017851  0.014281  0.011425  0.009140  0.007312
  0.005849  0.004680  0.003744  0.002995
  SPANWISE GRID POSITIONS
  0.000000  0.002995  0.006739  0.011418  0.017268  0.024579  0.033719  0.045144
  0.059425  0.077276  0.099590  0.127482  0.162348  0.205929  0.260407  0.320305
  0.380203  0.440102  0.500000  0.559898  0.619797  0.679695  0.739594  0.794071
  0.837653  0.872518  0.900410  0.922724  0.940575  0.954856  0.966281  0.975421
  0.982733  0.988582  0.993262  0.997005  1.000000
