 DATA SET FOR "multall" . GENERATED BY "stagen" .                       
    CP   and   GAMMA 
 1148.8621    1.3330
       ITIMST 
         3
     CFL,    DAMP,    MACHLIM,    F_PDOWN 
  0.400000 20.000000  2.000000  0.100000
  IF_RESTART 
         0
  NSTEPS_MAX, CONLIM 
     20000  0.000100
   SFX,      SFT,      FAC_4TH,     NCHANGE 
  0.005000  0.005000  0.800000      1000
       NUMBER OF BLADE ROWS 
         4
        IM        KM 
        37        37
  FP(I),I=1,IMM1 
  1.000000  1.250000  1.562500  1.953125  2.441406  3.051758  3.814697  4.768372
  5.960464  7.450581  9.313226 11.641532 14.551915 18.189894 20.000000 20.000000
 20.000000 20.000000 20.000000 20.000000 20.000000 20.000000 18.189894 14.551915
 11.641532  9.313226  7.450581  5.960464  4.768372  3.814697  3.051758  2.441406
  1.953125  1.562500  1.250000  1.000000
  FR(K),K=1,KMM1 
  1.000000  1.250000  1.562500  1.953125  2.441406  3.051758  3.814697  4.768372
  5.960464  7.450581  9.313226 11.641532 14.551915 18.189894 20.000000 20.000000
 20.000000 20.000000 20.000000 20.000000 20.000000 20.000000 18.189894 14.551915
 11.641532  9.313226  7.450581  5.960464  4.768372  3.814697  3.051758  2.441406
  1.953125  1.562500  1.250000  1.000000
        IR        JR        KR        IRBB      JRBB      KRBB 
         3         3         3         9         9         9
   FBLK1,     FBLK2,     FBLK3  
  0.400000  0.200000  0.100000
       IFMIX 
         1
   RFMIX,    FEXTRAP,   FSMTHB,    FANGLE 
  0.010000  0.000000  1.000000  0.800000
      IFCOOL    IFBLEED    IF_ROUGH 
         0         0         0
       NSECS_IN 
         3
       IN_PRESS  IN_VTAN   IN_VR    IN_FLOW  IF_REPEAT  RFIN 
         0         0         1         0         0   0.50000
  IPOUT  SFEXIT  NSFEXIT 
    1  0.100000    10
  PLATE_LOSS  THROTTLE_EXIT 
  0.000000  0.000000
        ILOS      NLOS      IBOUND 
        100        5         0
   REYNO,     RF_VIS,   FTRANS, TURBVIS_LIM, PRANDTL, YPLUSWALL
  800000.0     0.500     0.000  3000.000       1.0     0.000
   YPLAM      YPTURB 
  5.000000 25.000000
      ISHIFT    NEXTRAP_LE  NEXTRAP_TE 
         2        10        10
  (NSTG(N),N=1,NROWS) 
         1         1         2         2
  5  TIME STEPS FOR PRINTOUT 
      5000     10000     15000     20000     25000
  MARKER FOR VARIABLES TO BE SENT TO THE OUTPUT FILE.
 2 2 2 2 2 2 2 2 0 0 2 0 0
  STREAM SURFACES ON WHICH RESULTS ARE TO BE SENT TO   THE OUTPUT FILE 
 0 0 0 0 0 0 0 0 0 0 0 0 0 0 0 0 0 0 1 0 0 0 0 0 0 0 0 0 0 0 0 0 0 0 0 0 0
 ***************************************************************
 ************STARTING THE INPUT FOR EACH BLADE ROW**************
  BLADE ROW NUMBER =        1                                           
    NUMBER OF BLADES IN ROW 
        46
        JM        JLE       JTE 
       111        26        96
      KTIPSTART  KTIPEND 
         0         0
       BOUNDARY LAYER TRANSITION POINTS 
         0         0         0         0
  SET NEWGRID= 1 TO GENERATE A NEW GRID WITH DIFFERENT "J" POINTS AND SPACINGS.
         0
   RPMROW,    RPMHUB 
       0.0       0.0
       JROTHS    JROTHE    JROTTS    JROTTE 
         1         1         1         1
   PUPROW    PLEROW   PTEROW    PDROW 
  334074.1  334074.1  224888.0  224888.0
      NSECS_ROW   INSURF  
         3         0
  IF_CUSP_OUT   IFANGLES 
         1         1
         0         3         0
 ***************************************************************
  ROW NUMBER           1  SECTION NUMBER            1
           0           0           0  IF_DESIGN etc 
   1.00000   0.00000    0
 -0.018308 -0.016209 -0.014338 -0.012670 -0.011183 -0.009858 -0.008677 -0.007624
 -0.006686 -0.005850 -0.005105 -0.004441 -0.003849 -0.003321 -0.002851 -0.002432
 -0.002058 -0.001725 -0.001428 -0.001163 -0.000927 -0.000717 -0.000529 -0.000362
 -0.000213 -0.000080  0.000051  0.000187  0.000331  0.000481  0.000638  0.000804
  0.000979  0.001162  0.001356  0.001559  0.001774  0.002000  0.002237  0.002487
  0.002750  0.003026  0.003315  0.003619  0.003937  0.004272  0.004623  0.004992
  0.005379  0.005786  0.006213  0.006664  0.007138  0.007639  0.008172  0.008746
  0.009359  0.010013  0.010706  0.011434  0.012194  0.012974  0.013761  0.014551
  0.015341  0.016129  0.016911  0.017688  0.018464  0.019244  0.020026  0.020810
  0.021594  0.022376  0.023155  0.023923  0.024676  0.025413  0.026130  0.026828
  0.027506  0.028162  0.028799  0.029418  0.030018  0.030601  0.031164  0.031710
  0.032237  0.032746  0.033236  0.033707  0.034160  0.034594  0.035009  0.035406
  0.035806  0.036229  0.036676  0.037148  0.037648  0.038176  0.038734  0.039324
  0.039948  0.040607  0.041304  0.042040  0.042818  0.043640  0.044508
  1.000000  0.000000
 -0.020292 -0.018182 -0.016301 -0.014624 -0.013130 -0.011797 -0.010610 -0.009551
 -0.008607 -0.007766 -0.007015 -0.006347 -0.005750 -0.005218 -0.004744 -0.004322
 -0.003945 -0.003609 -0.003309 -0.003042 -0.002804 -0.002591 -0.002402 -0.002233
 -0.002083 -0.001949 -0.000057  0.000338  0.000655  0.000907  0.001139  0.001345
  0.001524  0.001703  0.001891  0.002090  0.002298  0.002515  0.002744  0.002984
  0.003240  0.003508  0.003791  0.004093  0.004413  0.004750  0.005120  0.005510
  0.005933  0.006384  0.006868  0.007392  0.007948  0.008544  0.009186  0.009879
  0.010624  0.011421  0.012269  0.013168  0.014117  0.015107  0.016126  0.017172
  0.018241  0.019330  0.020432  0.021545  0.022674  0.023827  0.025001  0.026196
  0.027416  0.028655  0.029913  0.031180  0.032450  0.033717  0.034980  0.036235
  0.037481  0.038711  0.039933  0.041140  0.042332  0.043505  0.044658  0.045791
  0.046898  0.047973  0.049013  0.050041  0.051039  0.051877  0.051961  0.051471
  0.052437  0.053457  0.054535  0.055675  0.056879  0.058151  0.059496  0.060917
  0.062418  0.064005  0.065681  0.067452  0.069323  0.071300  0.073388
  1.000000
  0.000000  0.000000  0.000000  0.000000  0.000000  0.000000  0.000000  0.000000
  0.000000  0.000000  0.000000  0.000000  0.000000  0.000000  0.000000  0.000000
  0.000000  0.000000  0.000000  0.000000  0.000000  0.000000  0.000000  0.000000
  0.000000  0.000000  0.001936  0.002874  0.003635  0.004180  0.004725  0.005260
  0.005785  0.006329  0.006845  0.007274  0.007731  0.008209  0.008712  0.009156
  0.009612  0.010091  0.010576  0.011033  0.011513  0.012014  0.012506  0.013015
  0.013513  0.014030  0.014559  0.015095  0.015643  0.016194  0.016753  0.017321
  0.017892  0.018457  0.019005  0.019528  0.020015  0.020455  0.020835  0.021142
  0.021376  0.021522  0.021579  0.021545  0.021416  0.021190  0.020864  0.020444
  0.019927  0.019330  0.018658  0.017924  0.017139  0.016311  0.015449  0.014563
  0.013667  0.012771  0.011886  0.011018  0.010175  0.009361  0.008579  0.007831
  0.007111  0.006411  0.005726  0.005062  0.004426  0.003668  0.002169  0.000000
  0.000000  0.000000  0.000000  0.000000  0.000000  0.000000  0.000000  0.000000
  0.000000  0.000000  0.000000  0.000000  0.000000  0.000000  0.000000
  1.000000  0.000000
  0.316172  0.316130  0.316096  0.316071  0.316055  0.316045  0.316042  0.316043
  0.316048  0.316056  0.316066  0.316077  0.316088  0.316100  0.316112  0.316124
  0.316135  0.316146  0.316157  0.316166  0.316175  0.316183  0.316191  0.316198
  0.316204  0.316210  0.316235  0.316262  0.316290  0.316319  0.316351  0.316385
  0.316421  0.316459  0.316500  0.316543  0.316590  0.316639  0.316692  0.316749
  0.316809  0.316873  0.316941  0.317014  0.317091  0.317174  0.317262  0.317356
  0.317455  0.317562  0.317675  0.317797  0.317926  0.318065  0.318215  0.318378
  0.318554  0.318744  0.318947  0.319163  0.319390  0.319624  0.319861  0.320098
  0.320336  0.320571  0.320804  0.321033  0.321259  0.321483  0.321705  0.321922
  0.322135  0.322343  0.322543  0.322735  0.322917  0.323088  0.323248  0.323397
  0.323535  0.323662  0.323779  0.323886  0.323984  0.324072  0.324152  0.324223
  0.324286  0.324342  0.324390  0.324432  0.324467  0.324497  0.324522  0.324541
  0.324536  0.324529  0.324520  0.324508  0.324494  0.324477  0.324456  0.324432
  0.324403  0.324370  0.324332  0.324287  0.324236  0.324179  0.324114
 ***************************************************************
  ROW NUMBER           1  SECTION NUMBER            2
           0           0           0  IF_DESIGN etc 
   1.00000   0.00000    0
 -0.017853 -0.015827 -0.014021 -0.012410 -0.010974 -0.009694 -0.008552 -0.007534
 -0.006627 -0.005818 -0.005096 -0.004453 -0.003879 -0.003368 -0.002912 -0.002506
 -0.002143 -0.001820 -0.001532 -0.001275 -0.001046 -0.000842 -0.000660 -0.000497
 -0.000353 -0.000224 -0.000095  0.000040  0.000182  0.000330  0.000486  0.000650
  0.000822  0.001004  0.001195  0.001397  0.001609  0.001833  0.002068  0.002316
  0.002577  0.002850  0.003137  0.003438  0.003755  0.004087  0.004436  0.004803
  0.005188  0.005592  0.006018  0.006467  0.006940  0.007439  0.007971  0.008543
  0.009156  0.009809  0.010501  0.011229  0.011989  0.012769  0.013556  0.014347
  0.015138  0.015925  0.016708  0.017485  0.018261  0.019041  0.019822  0.020605
  0.021387  0.022168  0.022944  0.023709  0.024459  0.025191  0.025904  0.026597
  0.027268  0.027918  0.028548  0.029160  0.029753  0.030327  0.030883  0.031420
  0.031938  0.032437  0.032918  0.033380  0.033824  0.034248  0.034654  0.035041
  0.035429  0.035839  0.036272  0.036729  0.037213  0.037724  0.038265  0.038836
  0.039439  0.040077  0.040751  0.041464  0.042216  0.043011  0.043852
  1.000000  0.000000
 -0.019773 -0.017748 -0.015943 -0.014333 -0.012898 -0.011618 -0.010477 -0.009459
 -0.008552 -0.007743 -0.007022 -0.006379 -0.005806 -0.005294 -0.004838 -0.004432
 -0.004070 -0.003746 -0.003458 -0.003201 -0.002972 -0.002768 -0.002586 -0.002424
 -0.002279 -0.002150 -0.000176  0.000225  0.000533  0.000802  0.001035  0.001237
  0.001417  0.001604  0.001800  0.002008  0.002226  0.002454  0.002694  0.002948
  0.003216  0.003499  0.003795  0.004111  0.004445  0.004797  0.005177  0.005577
  0.006008  0.006465  0.006954  0.007479  0.008038  0.008636  0.009282  0.009981
  0.010738  0.011550  0.012421  0.013347  0.014329  0.015352  0.016404  0.017481
  0.018578  0.019694  0.020825  0.021967  0.023129  0.024316  0.025529  0.026767
  0.028032  0.029318  0.030627  0.031945  0.033266  0.034585  0.035901  0.037210
  0.038508  0.039795  0.041071  0.042334  0.043582  0.044810  0.046017  0.047203
  0.048361  0.049485  0.050574  0.051646  0.052685  0.053528  0.053606  0.053137
  0.054202  0.055329  0.056519  0.057777  0.059107  0.060512  0.061997  0.063567
  0.065225  0.066977  0.068827  0.070781  0.072844  0.075024  0.077326
  1.000000
  0.000000  0.000000  0.000000  0.000000  0.000000  0.000000  0.000000  0.000000
  0.000000  0.000000  0.000000  0.000000  0.000000  0.000000  0.000000  0.000000
  0.000000  0.000000  0.000000  0.000000  0.000000  0.000000  0.000000  0.000000
  0.000000  0.000000  0.001914  0.002780  0.003481  0.004105  0.004616  0.005104
  0.005585  0.006089  0.006623  0.007092  0.007535  0.008002  0.008495  0.008969
  0.009422  0.009900  0.010392  0.010856  0.011341  0.011845  0.012339  0.012850
  0.013355  0.013874  0.014403  0.014939  0.015488  0.016043  0.016609  0.017187
  0.017775  0.018362  0.018942  0.019504  0.020039  0.020531  0.020967  0.021332
  0.021627  0.021830  0.021946  0.021967  0.021890  0.021709  0.021424  0.021041
  0.020563  0.020007  0.019382  0.018696  0.017954  0.017158  0.016315  0.015437
  0.014541  0.013644  0.012754  0.011874  0.011009  0.010160  0.009327  0.008512
  0.007713  0.006929  0.006159  0.005409  0.004689  0.003820  0.002221  0.000000
  0.000000  0.000000  0.000000  0.000000  0.000000  0.000000  0.000000  0.000000
  0.000000  0.000000  0.000000  0.000000  0.000000  0.000000  0.000000
  1.000000  0.000000
  0.344212  0.344240  0.344268  0.344294  0.344319  0.344342  0.344363  0.344382
  0.344400  0.344415  0.344429  0.344442  0.344453  0.344463  0.344472  0.344480
  0.344487  0.344493  0.344499  0.344504  0.344508  0.344512  0.344516  0.344519
  0.344522  0.344524  0.344527  0.344530  0.344532  0.344535  0.344537  0.344538
  0.344540  0.344542  0.344544  0.344546  0.344548  0.344550  0.344552  0.344554
  0.344557  0.344559  0.344561  0.344564  0.344566  0.344569  0.344572  0.344575
  0.344577  0.344580  0.344583  0.344586  0.344589  0.344592  0.344596  0.344599
  0.344602  0.344605  0.344609  0.344612  0.344615  0.344618  0.344621  0.344623
  0.344626  0.344628  0.344630  0.344632  0.344634  0.344636  0.344637  0.344638
  0.344640  0.344641  0.344642  0.344644  0.344645  0.344646  0.344647  0.344648
  0.344649  0.344650  0.344651  0.344652  0.344653  0.344654  0.344655  0.344656
  0.344657  0.344658  0.344659  0.344660  0.344661  0.344662  0.344663  0.344664
  0.344666  0.344673  0.344685  0.344696  0.344705  0.344713  0.344718  0.344720
  0.344718  0.344712  0.344700  0.344680  0.344645  0.344600  0.344545
 ***************************************************************
  ROW NUMBER           1  SECTION NUMBER            3
           0           0           0  IF_DESIGN etc 
   1.00000   0.00000    0
 -0.017933 -0.015893 -0.014074 -0.012452 -0.011007 -0.009719 -0.008570 -0.007546
 -0.006634 -0.005821 -0.005096 -0.004450 -0.003874 -0.003360 -0.002902 -0.002494
 -0.002131 -0.001806 -0.001517 -0.001260 -0.001030 -0.000825 -0.000643 -0.000480
 -0.000335 -0.000205 -0.000077  0.000056  0.000196  0.000343  0.000497  0.000660
  0.000830  0.001010  0.001199  0.001399  0.001608  0.001829  0.002062  0.002307
  0.002564  0.002835  0.003118  0.003415  0.003727  0.004055  0.004399  0.004761
  0.005140  0.005539  0.005958  0.006400  0.006866  0.007357  0.007880  0.008443
  0.009045  0.009687  0.010367  0.011082  0.011828  0.012594  0.013368  0.014144
  0.014920  0.015694  0.016462  0.017225  0.017988  0.018754  0.019522  0.020291
  0.021061  0.021829  0.022594  0.023347  0.024086  0.024809  0.025513  0.026197
  0.026861  0.027503  0.028127  0.028733  0.029321  0.029891  0.030443  0.030976
  0.031492  0.031989  0.032468  0.032928  0.033370  0.033794  0.034200  0.034587
  0.034976  0.035387  0.035822  0.036282  0.036768  0.037282  0.037825  0.038400
  0.039007  0.039649  0.040327  0.041045  0.041803  0.042604  0.043452
  1.000000  0.000000
 -0.020142 -0.018096 -0.016272 -0.014646 -0.013196 -0.011902 -0.010749 -0.009721
 -0.008804 -0.007986 -0.007257 -0.006607 -0.006028 -0.005511 -0.005050 -0.004640
 -0.004273 -0.003947 -0.003656 -0.003396 -0.003164 -0.002958 -0.002774 -0.002610
 -0.002464 -0.002333 -0.000281  0.000130  0.000456  0.000751  0.000987  0.001192
  0.001383  0.001584  0.001797  0.002021  0.002257  0.002505  0.002767  0.003043
  0.003334  0.003641  0.003962  0.004303  0.004662  0.005041  0.005444  0.005870
  0.006322  0.006803  0.007312  0.007857  0.008436  0.009056  0.009726  0.010456
  0.011249  0.012109  0.013032  0.014020  0.015068  0.016161  0.017283  0.018430
  0.019597  0.020781  0.021981  0.023195  0.024433  0.025701  0.027000  0.028328
  0.029688  0.031074  0.032484  0.033906  0.035331  0.036757  0.038179  0.039594
  0.041000  0.042394  0.043778  0.045149  0.046503  0.047835  0.049146  0.050431
  0.051687  0.052905  0.054086  0.055244  0.056365  0.057243  0.057318  0.056852
  0.057769  0.058738  0.059763  0.060847  0.061993  0.063204  0.064485  0.065838
  0.067269  0.068782  0.070382  0.072072  0.073859  0.075748  0.077745
  1.000000
  0.000000  0.000000  0.000000  0.000000  0.000000  0.000000  0.000000  0.000000
  0.000000  0.000000  0.000000  0.000000  0.000000  0.000000  0.000000  0.000000
  0.000000  0.000000  0.000000  0.000000  0.000000  0.000000  0.000000  0.000000
  0.000000  0.000000  0.001972  0.002850  0.003561  0.004197  0.004753  0.005227
  0.005674  0.006144  0.006640  0.007155  0.007615  0.008082  0.008574  0.009080
  0.009549  0.010040  0.010553  0.011038  0.011543  0.012067  0.012581  0.013113
  0.013640  0.014181  0.014731  0.015286  0.015856  0.016436  0.017027  0.017638
  0.018264  0.018899  0.019533  0.020159  0.020764  0.021330  0.021843  0.022284
  0.022655  0.022929  0.023113  0.023195  0.023172  0.023034  0.022784  0.022428
  0.021975  0.021446  0.020849  0.020191  0.019470  0.018682  0.017830  0.016929
  0.016004  0.015073  0.014146  0.013223  0.012303  0.011386  0.010469  0.009551
  0.008639  0.007736  0.006845  0.005976  0.005140  0.004120  0.002357  0.000000
  0.000000  0.000000  0.000000  0.000000  0.000000  0.000000  0.000000  0.000000
  0.000000  0.000000  0.000000  0.000000  0.000000  0.000000  0.000000
  1.000000  0.000000
  0.372532  0.372562  0.372590  0.372615  0.372636  0.372652  0.372663  0.372672
  0.372676  0.372679  0.372679  0.372678  0.372676  0.372672  0.372669  0.372664
  0.372660  0.372656  0.372651  0.372647  0.372643  0.372639  0.372636  0.372633
  0.372629  0.372627  0.372624  0.372621  0.372617  0.372614  0.372608  0.372583
  0.372556  0.372527  0.372497  0.372464  0.372429  0.372391  0.372351  0.372308
  0.372262  0.372213  0.372161  0.372106  0.372047  0.371983  0.371916  0.371844
  0.371767  0.371684  0.371596  0.371502  0.371402  0.371294  0.371177  0.371049
  0.370911  0.370761  0.370601  0.370430  0.370250  0.370064  0.369875  0.369684
  0.369493  0.369303  0.369114  0.368928  0.368743  0.368559  0.368377  0.368197
  0.368020  0.367846  0.367678  0.367515  0.367360  0.367213  0.367074  0.366944
  0.366822  0.366709  0.366603  0.366505  0.366414  0.366331  0.366254  0.366184
  0.366120  0.366063  0.366011  0.365964  0.365923  0.365886  0.365854  0.365826
  0.365801  0.365783  0.365781  0.365781  0.365781  0.365782  0.365783  0.365786
  0.365789  0.365793  0.365798  0.365804  0.365807  0.365811  0.365814
N_ANGLES
3
0.0  0.5  1.0
-21.0  -15.0  -12.5
67.5  70.0  67.0
67.5  70.0  67.0
 ***************************************************************
 ************STARTING THE INPUT FOR EACH BLADE ROW**************
  BLADE ROW NUMBER =        2                                           
    NUMBER OF BLADES IN ROW 
        76
        JM        JLE       JTE 
       106        21        91
      KTIPSTART  KTIPEND 
         34        37
      FRACTIP1  FRACTIP2
       0.0103    0.0103
      FTHICK(K) K=1,KM
1.0 1.0 1.0 1.0 1.0 1.0 1.0 1.0 1.0 1.0 1.0 1.0 1.0 1.0 1.0 1.0 1.0 1.0 1.0 1.0 1.0 1.0 1.0 1.0 1.0 1.0 1.0 1.0 1.0 1.0 1.0 0.9 0.5 0.0 0.0 0.0 0.0
       BOUNDARY LAYER TRANSITION POINTS 
         0         0         0         0
  SET NEWGRID= 1 TO GENERATE A NEW GRID WITH DIFFERENT "J" POINTS AND SPACINGS.
         0
   RPMROW,    RPMHUB 
    8283.0    8283.0
       JROTHS    JROTHE    JROTTS    JROTTE 
         1         1         1         1
   PUPROW    PLEROW   PTEROW    PDROW 
  224888.0  224888.0  178130.0  178130.0
      NSECS_ROW   INSURF  
         3         0
  IF_CUSP_OUT   IFANGLES 
         1         1
         0         3         0
 ***************************************************************
  ROW NUMBER           2  SECTION NUMBER            1
           0           0           0  IF_DESIGN etc 
   1.00000   0.00000    0
  0.033323  0.035535  0.037437  0.039057  0.040436  0.041611  0.042610  0.043461
  0.044185  0.044802  0.045328  0.045775  0.046156  0.046480  0.046757  0.046992
  0.047193  0.047363  0.047509  0.047633  0.047738  0.047844  0.047954  0.048070
  0.048191  0.048319  0.048453  0.048594  0.048742  0.048899  0.049064  0.049238
  0.049421  0.049613  0.049816  0.050029  0.050253  0.050488  0.050735  0.050993
  0.051265  0.051551  0.051851  0.052166  0.052498  0.052846  0.053213  0.053601
  0.054010  0.054445  0.054913  0.055415  0.055950  0.056516  0.057112  0.057734
  0.058373  0.059018  0.059665  0.060312  0.060957  0.061598  0.062234  0.062870
  0.063507  0.064147  0.064788  0.065428  0.066067  0.066702  0.067329  0.067942
  0.068541  0.069125  0.069691  0.070241  0.070772  0.071288  0.071788  0.072273
  0.072743  0.073197  0.073637  0.074060  0.074469  0.074862  0.075239  0.075602
  0.075949  0.076281  0.076597  0.076914  0.077250  0.077604  0.077979  0.078374
  0.078793  0.079235  0.079702  0.080196  0.080718  0.081269  0.081852  0.082468
  0.083118  0.083805
  1.000000  0.000000
 -0.017404 -0.015806 -0.014437 -0.013270 -0.012276 -0.011429 -0.010707 -0.010093
 -0.009569 -0.009123 -0.008744 -0.008420 -0.008145 -0.007910 -0.007711 -0.007540
 -0.007396 -0.007272 -0.007167 -0.007077 -0.007001 -0.006173 -0.005764 -0.005455
 -0.005210 -0.004956 -0.004688 -0.004405 -0.004108 -0.003823 -0.003592 -0.003345
 -0.003085 -0.002814 -0.002581 -0.002344 -0.002094 -0.001848 -0.001622 -0.001385
 -0.001147 -0.000935 -0.000712 -0.000480 -0.000264 -0.000058  0.000135  0.000323
  0.000502  0.000665  0.000812  0.000942  0.001046  0.001119  0.001154  0.001147
  0.001085  0.000975  0.000809  0.000593  0.000323  0.000000 -0.000379 -0.000810
 -0.001306 -0.001876 -0.002510 -0.003206 -0.003981 -0.004829 -0.005735 -0.006692
 -0.007692 -0.008728 -0.009787 -0.010860 -0.011942 -0.013035 -0.014124 -0.015199
 -0.016262 -0.017315 -0.018347 -0.019352 -0.020340 -0.021308 -0.022224 -0.023108
 -0.023955 -0.024837 -0.025615 -0.026142 -0.026698 -0.027287 -0.027909 -0.028566
 -0.029261 -0.029995 -0.030771 -0.031591 -0.032458 -0.033374 -0.034342 -0.035365
 -0.036445 -0.037587
  1.000000
  0.000000  0.000000  0.000000  0.000000  0.000000  0.000000  0.000000  0.000000
  0.000000  0.000000  0.000000  0.000000  0.000000  0.000000  0.000000  0.000000
  0.000000  0.000000  0.000000  0.000000  0.000000  0.001545  0.002254  0.002735
  0.003158  0.003540  0.003919  0.004298  0.004677  0.005030  0.005317  0.005607
  0.005897  0.006184  0.006421  0.006662  0.006913  0.007161  0.007389  0.007629
  0.007871  0.008090  0.008322  0.008567  0.008802  0.009033  0.009261  0.009492
  0.009722  0.009946  0.010169  0.010390  0.010602  0.010801  0.010984  0.011145
  0.011276  0.011378  0.011444  0.011479  0.011481  0.011446  0.011374  0.011276
  0.011138  0.010950  0.010725  0.010471  0.010170  0.009824  0.009453  0.009062
  0.008648  0.008223  0.007795  0.007373  0.006943  0.006521  0.006116  0.005718
  0.005324  0.004933  0.004540  0.004158  0.003770  0.003376  0.003010  0.002652
  0.002119  0.001201  0.000000  0.000000  0.000000  0.000000  0.000000  0.000000
  0.000000  0.000000  0.000000  0.000000  0.000000  0.000000  0.000000  0.000000
  0.000000  0.000000
  1.000000  0.000000
  0.324398  0.324540  0.324500  0.324443  0.324379  0.324314  0.324250  0.324192
  0.324138  0.324091  0.324049  0.324012  0.323981  0.323953  0.323929  0.323908
  0.323891  0.323876  0.323863  0.323851  0.323842  0.323835  0.323827  0.323819
  0.323810  0.323802  0.323792  0.323783  0.323772  0.323762  0.323750  0.323739
  0.323726  0.323713  0.323700  0.323686  0.323671  0.323655  0.323639  0.323622
  0.323605  0.323586  0.323567  0.323547  0.323526  0.323504  0.323481  0.323457
  0.323432  0.323405  0.323377  0.323346  0.323314  0.323280  0.323244  0.323207
  0.323169  0.323131  0.323092  0.323054  0.323016  0.322978  0.322940  0.322902
  0.322863  0.322825  0.322786  0.322746  0.322706  0.322667  0.322627  0.322587
  0.322548  0.322510  0.322472  0.322435  0.322398  0.322363  0.322327  0.322293
  0.322259  0.322226  0.322193  0.322161  0.322130  0.322100  0.322071  0.322042
  0.322014  0.321988  0.321962  0.321940  0.321917  0.321891  0.321864  0.321834
  0.321802  0.321767  0.321729  0.321687  0.321642  0.321592  0.321538  0.321479
  0.321413  0.321341
 ***************************************************************
  ROW NUMBER           2  SECTION NUMBER            2
           0           0           0  IF_DESIGN etc 
   1.00000   0.00000    0
  0.032694  0.034944  0.036861  0.038493  0.039882  0.041065  0.042071  0.042928
  0.043658  0.044279  0.044808  0.045258  0.045642  0.045969  0.046247  0.046484
  0.046686  0.046858  0.047004  0.047129  0.047235  0.047341  0.047453  0.047569
  0.047691  0.047820  0.047955  0.048097  0.048247  0.048404  0.048570  0.048745
  0.048930  0.049124  0.049328  0.049543  0.049768  0.050005  0.050253  0.050514
  0.050788  0.051076  0.051378  0.051696  0.052029  0.052380  0.052750  0.053141
  0.053552  0.053991  0.054463  0.054969  0.055507  0.056078  0.056679  0.057306
  0.057949  0.058599  0.059252  0.059904  0.060554  0.061200  0.061842  0.062483
  0.063126  0.063771  0.064417  0.065063  0.065708  0.066348  0.066980  0.067599
  0.068204  0.068793  0.069365  0.069919  0.070456  0.070976  0.071481  0.071971
  0.072445  0.072904  0.073347  0.073775  0.074188  0.074585  0.074966  0.075332
  0.075683  0.076018  0.076338  0.076658  0.076995  0.077353  0.077730  0.078129
  0.078551  0.078997  0.079468  0.079967  0.080494  0.081051  0.081639  0.082262
  0.082920  0.083615
  1.000000  0.000000
 -0.016121 -0.014336 -0.012818 -0.011524 -0.010421 -0.009481 -0.008679 -0.007997
 -0.007416 -0.006920 -0.006499 -0.006139 -0.005834 -0.005573 -0.005351 -0.005162
 -0.005001 -0.004864 -0.004747 -0.004648 -0.004563 -0.003712 -0.003403 -0.003150
 -0.002885 -0.002606 -0.002313 -0.002005 -0.001703 -0.001485 -0.001260 -0.001024
 -0.000775 -0.000536 -0.000336 -0.000125  0.000097  0.000306  0.000497  0.000699
  0.000892  0.001031  0.001179  0.001405  0.001607  0.001771  0.001914  0.002046
  0.002163  0.002256  0.002334  0.002376  0.002405  0.002397  0.002341  0.002238
  0.002077  0.001866  0.001599  0.001276  0.000901  0.000478  0.000000 -0.000548
 -0.001160 -0.001834 -0.002569 -0.003373 -0.004244 -0.005178 -0.006161 -0.007187
 -0.008247 -0.009334 -0.010440 -0.011557 -0.012681 -0.013812 -0.014944 -0.016069
 -0.017183 -0.018288 -0.019373 -0.020439 -0.021487 -0.022517 -0.023532 -0.024504
 -0.025444 -0.026352 -0.027336 -0.027869 -0.028432 -0.029027 -0.029657 -0.030322
 -0.031026 -0.031769 -0.032555 -0.033386 -0.034265 -0.035194 -0.036176 -0.037214
 -0.038311 -0.039471
  1.000000
  0.000000  0.000000  0.000000  0.000000  0.000000  0.000000  0.000000  0.000000
  0.000000  0.000000  0.000000  0.000000  0.000000  0.000000  0.000000  0.000000
  0.000000  0.000000  0.000000  0.000000  0.000000  0.001646  0.002209  0.002640
  0.003066  0.003480  0.003873  0.004267  0.004641  0.004916  0.005182  0.005451
  0.005718  0.005961  0.006160  0.006372  0.006584  0.006778  0.006950  0.007133
  0.007308  0.007437  0.007571  0.007779  0.007974  0.008142  0.008306  0.008470
  0.008630  0.008787  0.008956  0.009114  0.009291  0.009462  0.009620  0.009769
  0.009901  0.010018  0.010112  0.010183  0.010234  0.010266  0.010277  0.010250
  0.010195  0.010117  0.010013  0.009876  0.009705  0.009504  0.009274  0.009019
  0.008742  0.008444  0.008125  0.007787  0.007433  0.007067  0.006692  0.006309
  0.005908  0.005495  0.005083  0.004670  0.004247  0.003806  0.003355  0.002920
  0.002329  0.001420  0.000000  0.000000  0.000000  0.000000  0.000000  0.000000
  0.000000  0.000000  0.000000  0.000000  0.000000  0.000000  0.000000  0.000000
  0.000000  0.000000
  1.000000  0.000000
  0.344659  0.344664  0.344699  0.344719  0.344714  0.344693  0.344652  0.344605
  0.344559  0.344515  0.344474  0.344438  0.344406  0.344377  0.344352  0.344330
  0.344311  0.344295  0.344281  0.344269  0.344259  0.344248  0.344237  0.344226
  0.344214  0.344205  0.344196  0.344187  0.344178  0.344167  0.344157  0.344145
  0.344134  0.344121  0.344108  0.344095  0.344081  0.344067  0.344052  0.344036
  0.344020  0.344003  0.343985  0.343967  0.343948  0.343929  0.343909  0.343888
  0.343866  0.343843  0.343819  0.343794  0.343768  0.343741  0.343714  0.343686
  0.343659  0.343632  0.343607  0.343582  0.343559  0.343537  0.343516  0.343496
  0.343477  0.343459  0.343442  0.343426  0.343411  0.343398  0.343385  0.343374
  0.343364  0.343356  0.343348  0.343342  0.343336  0.343331  0.343328  0.343325
  0.343322  0.343321  0.343319  0.343319  0.343319  0.343319  0.343320  0.343321
  0.343323  0.343324  0.343326  0.343328  0.343335  0.343344  0.343354  0.343365
  0.343377  0.343389  0.343402  0.343416  0.343430  0.343446  0.343462  0.343479
  0.343496  0.343514
 ***************************************************************
  ROW NUMBER           2  SECTION NUMBER            3
           0           0           0  IF_DESIGN etc 
   1.00000   0.00000    0
  0.032440  0.034692  0.036622  0.038267  0.039668  0.040862  0.041878  0.042744
  0.043481  0.044109  0.044643  0.045099  0.045487  0.045817  0.046099  0.046338
  0.046542  0.046716  0.046864  0.046990  0.047098  0.047205  0.047318  0.047435
  0.047559  0.047689  0.047825  0.047969  0.048120  0.048280  0.048448  0.048624
  0.048811  0.049007  0.049213  0.049430  0.049658  0.049897  0.050148  0.050412
  0.050689  0.050979  0.051285  0.051606  0.051943  0.052298  0.052672  0.053066
  0.053482  0.053925  0.054402  0.054913  0.055457  0.056033  0.056640  0.057273
  0.057923  0.058579  0.059238  0.059897  0.060553  0.061205  0.061852  0.062498
  0.063147  0.063798  0.064449  0.065101  0.065750  0.066396  0.067033  0.067656
  0.068265  0.068858  0.069434  0.069992  0.070532  0.071056  0.071564  0.072057
  0.072534  0.072995  0.073441  0.073871  0.074285  0.074684  0.075067  0.075435
  0.075787  0.076124  0.076445  0.076766  0.077106  0.077465  0.077844  0.078245
  0.078669  0.079117  0.079590  0.080089  0.080617  0.081175  0.081765  0.082387
  0.083045  0.083740
  1.000000  0.000000
 -0.009792 -0.008475 -0.007356 -0.006403 -0.005591 -0.004900 -0.004312 -0.003810
 -0.003383 -0.003019 -0.002709 -0.002446 -0.002221 -0.002029 -0.001866 -0.001728
 -0.001609 -0.001509 -0.001423 -0.001350 -0.001287 -0.000604 -0.000302 -0.000084
  0.000145  0.000386  0.000639  0.000905  0.001178  0.001366  0.001555  0.001754
  0.001964  0.002168  0.002335  0.002511  0.002695  0.002867  0.003015  0.003171
  0.003320  0.003417  0.003521  0.003679  0.003807  0.003897  0.003965  0.004019
  0.004054  0.004064  0.004043  0.003990  0.003898  0.003760  0.003571  0.003328
  0.003022  0.002659  0.002238  0.001759  0.001226  0.000640  0.000000 -0.000693
 -0.001444 -0.002248 -0.003106 -0.004012 -0.004967 -0.005964 -0.006991 -0.008041
 -0.009108 -0.010185 -0.011269 -0.012355 -0.013436 -0.014514 -0.015586 -0.016651
 -0.017701 -0.018734 -0.019752 -0.020746 -0.021712 -0.022649 -0.023555 -0.024434
 -0.025281 -0.026094 -0.026924 -0.027442 -0.027989 -0.028568 -0.029180 -0.029827
 -0.030511 -0.031234 -0.031999 -0.032808 -0.033663 -0.034568 -0.035525 -0.036537
 -0.037607 -0.038739
  1.000000
  0.000000  0.000000  0.000000  0.000000  0.000000  0.000000  0.000000  0.000000
  0.000000  0.000000  0.000000  0.000000  0.000000  0.000000  0.000000  0.000000
  0.000000  0.000000  0.000000  0.000000  0.000000  0.001287  0.001808  0.002180
  0.002533  0.002877  0.003220  0.003561  0.003900  0.004142  0.004399  0.004647
  0.004871  0.005091  0.005281  0.005480  0.005688  0.005881  0.006053  0.006238
  0.006419  0.006558  0.006710  0.006929  0.007131  0.007304  0.007479  0.007655
  0.007831  0.008008  0.008183  0.008369  0.008535  0.008690  0.008839  0.008975
  0.009088  0.009178  0.009247  0.009291  0.009315  0.009319  0.009301  0.009265
  0.009208  0.009126  0.009022  0.008893  0.008732  0.008547  0.008337  0.008103
  0.007840  0.007565  0.007277  0.006969  0.006648  0.006314  0.005967  0.005610
  0.005244  0.004872  0.004493  0.004110  0.003730  0.003355  0.002983  0.002612
  0.002105  0.001292  0.000000  0.000000  0.000000  0.000000  0.000000  0.000000
  0.000000  0.000000  0.000000  0.000000  0.000000  0.000000  0.000000  0.000000
  0.000000  0.000000
  1.000000  0.000000
  0.366014  0.365819  0.365781  0.365785  0.365794  0.365802  0.365808  0.365811
  0.365814  0.365816  0.365819  0.365820  0.365822  0.365823  0.365824  0.365825
  0.365826  0.365826  0.365827  0.365827  0.365827  0.365828  0.365828  0.365829
  0.365829  0.365829  0.365830  0.365829  0.365826  0.365824  0.365822  0.365819
  0.365816  0.365813  0.365809  0.365805  0.365801  0.365796  0.365791  0.365785
  0.365779  0.365773  0.365766  0.365758  0.365750  0.365740  0.365731  0.365720
  0.365709  0.365696  0.365682  0.365667  0.365651  0.365634  0.365616  0.365597
  0.365578  0.365559  0.365540  0.365522  0.365505  0.365488  0.365473  0.365458
  0.365445  0.365433  0.365422  0.365413  0.365406  0.365401  0.365397  0.365396
  0.365396  0.365399  0.365403  0.365409  0.365416  0.365426  0.365437  0.365449
  0.365462  0.365477  0.365493  0.365509  0.365526  0.365545  0.365563  0.365582
  0.365602  0.365621  0.365641  0.365662  0.365684  0.365712  0.365743  0.365777
  0.365815  0.365856  0.365901  0.365951  0.366006  0.366067  0.366134  0.366207
  0.366289  0.366380
N_ANGLES
3
0.0  0.5  1.0
30.0  32.5  32.0
-59.0  -59.0  -58.0
-59.0  -59.0  -58.0
 ***************************************************************
 ************STARTING THE INPUT FOR EACH BLADE ROW**************
  BLADE ROW NUMBER =        3                                           
    NUMBER OF BLADES IN ROW 
        48
        JM        JLE       JTE 
       106        21        91
      KTIPSTART  KTIPEND 
         0         0
       BOUNDARY LAYER TRANSITION POINTS 
         0         0         0         0
  SET NEWGRID= 1 TO GENERATE A NEW GRID WITH DIFFERENT "J" POINTS AND SPACINGS.
         0
   RPMROW,    RPMHUB 
       0.0       0.0
       JROTHS    JROTHE    JROTTS    JROTTE 
         1         1         1         1
   PUPROW    PLEROW   PTEROW    PDROW 
  177863.1  177863.1  133510.6  133510.6
      NSECS_ROW   INSURF  
         3         0
  IF_CUSP_OUT   IFANGLES 
         1         1
         0         3         0
 ***************************************************************
  ROW NUMBER           3  SECTION NUMBER            1
           0           0           0  IF_DESIGN etc 
   1.00000   0.00000    0
  0.082040  0.085609  0.088638  0.091206  0.093389  0.095248  0.096832  0.098181
  0.099331  0.100309  0.101143  0.101853  0.102458  0.102973  0.103412  0.103786
  0.104104  0.104375  0.104606  0.104803  0.104970  0.105137  0.105312  0.105496
  0.105688  0.105890  0.106103  0.106326  0.106562  0.106810  0.107071  0.107347
  0.107637  0.107942  0.108263  0.108601  0.108956  0.109328  0.109719  0.110129
  0.110560  0.111012  0.111488  0.111987  0.112512  0.113064  0.113646  0.114260
  0.114907  0.115597  0.116339  0.117134  0.117981  0.118879  0.119823  0.120810
  0.121822  0.122844  0.123871  0.124898  0.125921  0.126938  0.127948  0.128957
  0.129970  0.130987  0.132005  0.133023  0.134039  0.135050  0.136047  0.137024
  0.137979  0.138909  0.139813  0.140689  0.141538  0.142361  0.143160  0.143936
  0.144687  0.145413  0.146116  0.146794  0.147448  0.148078  0.148684  0.149265
  0.149822  0.150354  0.150862  0.151371  0.151910  0.152479  0.153081  0.153717
  0.154390  0.155100  0.155851  0.156645  0.157485  0.158372  0.159309  0.160299
  0.161346  0.162452
  1.000000  0.000000
 -0.000955 -0.000040  0.000739  0.001401  0.001964  0.002443  0.002850  0.003197
  0.003492  0.003744  0.003958  0.004140  0.004295  0.004427  0.004539  0.004635
  0.004716  0.004786  0.004845  0.004895  0.004938  0.005676  0.005746  0.006702
  0.007503  0.007699  0.007875  0.008035  0.008184  0.008319  0.008446  0.008569
  0.008684  0.008790  0.008899  0.008969  0.009044  0.009118  0.009194  0.009277
  0.009366  0.009461  0.009563  0.009672  0.009788  0.009913  0.010055  0.010212
  0.010389  0.010587  0.010812  0.011065  0.011357  0.011702  0.012096  0.012540
  0.013028  0.013564  0.014161  0.014803  0.015491  0.016116  0.016650  0.017838
  0.018725  0.019669  0.020670  0.021730  0.022846  0.024007  0.025188  0.026406
  0.027644  0.028896  0.030155  0.031409  0.032656  0.033900  0.035136  0.036357
  0.037559  0.038746  0.039916  0.041065  0.042186  0.043279  0.044348  0.045381
  0.046388  0.046841  0.046307  0.047349  0.048450  0.049614  0.050844  0.052144
  0.053518  0.054970  0.056504  0.058126  0.059840  0.061650  0.063562  0.065582
  0.067717  0.069972
  1.000000
  0.000000  0.000000  0.000000  0.000000  0.000000  0.000000  0.000000  0.000000
  0.000000  0.000000  0.000000  0.000000  0.000000  0.000000  0.000000  0.000000
  0.000000  0.000000  0.000000  0.000000  0.000000  0.000958  0.001471  0.002788
  0.003916  0.004420  0.004894  0.005341  0.005778  0.006189  0.006596  0.007014
  0.007432  0.007814  0.008211  0.008580  0.008936  0.009305  0.009664  0.010019
  0.010390  0.010761  0.011136  0.011489  0.011841  0.012194  0.012548  0.012908
  0.013265  0.013614  0.013964  0.014315  0.014666  0.015015  0.015354  0.015673
  0.015963  0.016226  0.016462  0.016661  0.016820  0.016828  0.016650  0.017035
  0.017018  0.016935  0.016796  0.016589  0.016318  0.015979  0.015567  0.015116
  0.014618  0.014082  0.013512  0.012907  0.012253  0.011561  0.010832  0.010065
  0.009263  0.008437  0.007621  0.006808  0.006003  0.005208  0.004487  0.003800
  0.003160  0.002060  0.000000  0.000000  0.000000  0.000000  0.000000  0.000000
  0.000000  0.000000  0.000000  0.000000  0.000000  0.000000  0.000000  0.000000
  0.000000  0.000000
  1.000000  0.000000
  0.321520  0.321136  0.320732  0.320299  0.319908  0.319565  0.319284  0.319045
  0.318842  0.318668  0.318521  0.318395  0.318288  0.318197  0.318119  0.318053
  0.317997  0.317949  0.317908  0.317874  0.317844  0.317813  0.317781  0.317747
  0.317711  0.317674  0.317635  0.317593  0.317550  0.317503  0.317455  0.317404
  0.317350  0.317293  0.317232  0.317169  0.317103  0.317033  0.316960  0.316883
  0.316802  0.316717  0.316628  0.316534  0.316435  0.316331  0.316222  0.316106
  0.315985  0.315855  0.315717  0.315568  0.315410  0.315244  0.315069  0.314888
  0.314703  0.314518  0.314334  0.314151  0.313971  0.313794  0.313620  0.313448
  0.313279  0.313111  0.312946  0.312783  0.312624  0.312469  0.312319  0.312176
  0.312039  0.311909  0.311785  0.311668  0.311558  0.311454  0.311356  0.311263
  0.311176  0.311094  0.311017  0.310945  0.310878  0.310815  0.310757  0.310702
  0.310652  0.310605  0.310562  0.310534  0.310504  0.310472  0.310438  0.310401
  0.310362  0.310319  0.310272  0.310221  0.310164  0.310103  0.310030  0.309950
  0.309862  0.309768
 ***************************************************************
  ROW NUMBER           3  SECTION NUMBER            2
           0           0           0  IF_DESIGN etc 
   1.00000   0.00000    0
  0.079275  0.083048  0.086262  0.089000  0.091333  0.093319  0.095010  0.096449
  0.097674  0.098718  0.099606  0.100363  0.101007  0.101556  0.102023  0.102421
  0.102760  0.103049  0.103295  0.103504  0.103683  0.103861  0.104048  0.104244
  0.104449  0.104665  0.104891  0.105130  0.105381  0.105646  0.105925  0.106219
  0.106528  0.106854  0.107197  0.107558  0.107937  0.108334  0.108751  0.109189
  0.109649  0.110132  0.110640  0.111173  0.111733  0.112323  0.112944  0.113600
  0.114291  0.115028  0.115820  0.116669  0.117574  0.118532  0.119540  0.120593
  0.121674  0.122765  0.123860  0.124956  0.126047  0.127131  0.128208  0.129283
  0.130362  0.131445  0.132529  0.133612  0.134693  0.135768  0.136828  0.137866
  0.138880  0.139867  0.140826  0.141755  0.142654  0.143527  0.144373  0.145194
  0.145988  0.146757  0.147499  0.148216  0.148907  0.149572  0.150210  0.150823
  0.151410  0.151972  0.152507  0.153041  0.153607  0.154204  0.154836  0.155504
  0.156210  0.156957  0.157746  0.158580  0.159462  0.160394  0.161380  0.162422
  0.163523  0.164688
  1.000000  0.000000
 -0.003498 -0.002380 -0.001428 -0.000617  0.000074  0.000662  0.001164  0.001591
  0.001955  0.002265  0.002529  0.002754  0.002945  0.003109  0.003248  0.003366
  0.003467  0.003553  0.003627  0.003689  0.003742  0.005917  0.006267  0.006528
  0.006743  0.006929  0.007093  0.007236  0.007364  0.007478  0.007576  0.007670
  0.007750  0.007823  0.007889  0.007955  0.008020  0.008090  0.008165  0.008246
  0.008336  0.008433  0.008538  0.008654  0.008780  0.008918  0.009076  0.009248
  0.009439  0.009657  0.009912  0.010206  0.010541  0.010923  0.011362  0.011864
  0.012421  0.013028  0.013696  0.014413  0.015182  0.016003  0.016870  0.017789
  0.018768  0.019808  0.020907  0.022067  0.023278  0.024540  0.025839  0.027165
  0.028506  0.029858  0.031214  0.032570  0.033916  0.035251  0.036578  0.037892
  0.039190  0.040471  0.041732  0.042972  0.044189  0.045383  0.046556  0.047666
  0.048694  0.049280  0.048768  0.049655  0.050592  0.051583  0.052631  0.053738
  0.054907  0.056144  0.057451  0.058833  0.060293  0.061837  0.063468  0.065193
  0.067016  0.068943
  1.000000
  0.000000  0.000000  0.000000  0.000000  0.000000  0.000000  0.000000  0.000000
  0.000000  0.000000  0.000000  0.000000  0.000000  0.000000  0.000000  0.000000
  0.000000  0.000000  0.000000  0.000000  0.000000  0.002044  0.002872  0.003533
  0.004114  0.004647  0.005137  0.005573  0.006010  0.006450  0.006893  0.007299
  0.007684  0.008078  0.008476  0.008836  0.009204  0.009590  0.009942  0.010308
  0.010689  0.011061  0.011425  0.011734  0.012073  0.012485  0.012841  0.013189
  0.013526  0.013861  0.014201  0.014540  0.014861  0.015175  0.015493  0.015783
  0.016044  0.016271  0.016472  0.016631  0.016748  0.016831  0.016870  0.016865
  0.016816  0.016720  0.016577  0.016382  0.016136  0.015830  0.015483  0.015089
  0.014625  0.014107  0.013525  0.012893  0.012209  0.011475  0.010704  0.009904
  0.009086  0.008262  0.007432  0.006627  0.005855  0.005119  0.004437  0.003771
  0.003105  0.002085  0.000000  0.000000  0.000000  0.000000  0.000000  0.000000
  0.000000  0.000000  0.000000  0.000000  0.000000  0.000000  0.000000  0.000000
  0.000000  0.000000
  1.000000  0.000000
  0.343397  0.343499  0.343576  0.343623  0.343617  0.343623  0.343642  0.343690
  0.343746  0.343802  0.343855  0.343904  0.343949  0.343988  0.344024  0.344054
  0.344081  0.344105  0.344125  0.344142  0.344157  0.344173  0.344186  0.344199
  0.344213  0.344228  0.344243  0.344260  0.344277  0.344295  0.344314  0.344335
  0.344356  0.344379  0.344403  0.344428  0.344455  0.344483  0.344512  0.344543
  0.344576  0.344610  0.344646  0.344684  0.344724  0.344766  0.344810  0.344856
  0.344905  0.344956  0.345011  0.345070  0.345132  0.345196  0.345263  0.345331
  0.345399  0.345467  0.345532  0.345595  0.345655  0.345713  0.345767  0.345818
  0.345867  0.345912  0.345953  0.345991  0.346025  0.346055  0.346080  0.346100
  0.346116  0.346128  0.346135  0.346138  0.346137  0.346133  0.346125  0.346115
  0.346101  0.346085  0.346066  0.346045  0.346023  0.345998  0.345973  0.345946
  0.345918  0.345889  0.345860  0.345824  0.345780  0.345734  0.345686  0.345634
  0.345579  0.345522  0.345461  0.345398  0.345331  0.345262  0.345190  0.345115
  0.345038  0.344959
 ***************************************************************
  ROW NUMBER           3  SECTION NUMBER            3
           0           0           0  IF_DESIGN etc 
   1.00000   0.00000    0
  0.076374  0.080418  0.083850  0.086759  0.089228  0.091323  0.093102  0.094613
  0.095894  0.096984  0.097911  0.098699  0.099370  0.099941  0.100427  0.100840
  0.101193  0.101492  0.101748  0.101965  0.102150  0.102336  0.102531  0.102735
  0.102949  0.103174  0.103411  0.103660  0.103922  0.104198  0.104489  0.104795
  0.105118  0.105458  0.105816  0.106193  0.106588  0.107002  0.107438  0.107895
  0.108375  0.108880  0.109410  0.109967  0.110553  0.111169  0.111818  0.112503
  0.113227  0.113998  0.114827  0.115715  0.116663  0.117667  0.118723  0.119828
  0.120961  0.122107  0.123257  0.124408  0.125556  0.126697  0.127831  0.128964
  0.130102  0.131244  0.132389  0.133534  0.134677  0.135815  0.136937  0.138038
  0.139113  0.140161  0.141180  0.142168  0.143125  0.144055  0.144957  0.145832
  0.146680  0.147501  0.148294  0.149061  0.149800  0.150512  0.151196  0.151854
  0.152483  0.153086  0.153660  0.154236  0.154846  0.155490  0.156171  0.156891
  0.157652  0.158456  0.159307  0.160207  0.161158  0.162163  0.163226  0.164349
  0.165537  0.166793
  1.000000  0.000000
 -0.003031 -0.001926 -0.000984 -0.000182  0.000503  0.001086  0.001584  0.002009
  0.002370  0.002679  0.002942  0.003166  0.003357  0.003520  0.003659  0.003777
  0.003878  0.003963  0.004036  0.004099  0.004152  0.006248  0.006630  0.006917
  0.007150  0.007350  0.007527  0.007682  0.007824  0.007951  0.008067  0.008173
  0.008272  0.008361  0.008448  0.008533  0.008619  0.008709  0.008806  0.008910
  0.009023  0.009146  0.009276  0.009418  0.009572  0.009737  0.009923  0.010126
  0.010350  0.010598  0.010882  0.011207  0.011579  0.011998  0.012476  0.013021
  0.013621  0.014285  0.015009  0.015785  0.016621  0.017513  0.018456  0.019454
  0.020521  0.021656  0.022850  0.024111  0.025427  0.026797  0.028204  0.029638
  0.031085  0.032540  0.033999  0.035455  0.036896  0.038324  0.039739  0.041140
  0.042523  0.043897  0.045261  0.046607  0.047928  0.049222  0.050509  0.051757
  0.052982  0.053780  0.053301  0.054543  0.055855  0.057242  0.058709  0.060259
  0.061897  0.063628  0.065457  0.067391  0.069434  0.071593  0.073874  0.076284
  0.078831  0.081523
  1.000000
  0.000000  0.000000  0.000000  0.000000  0.000000  0.000000  0.000000  0.000000
  0.000000  0.000000  0.000000  0.000000  0.000000  0.000000  0.000000  0.000000
  0.000000  0.000000  0.000000  0.000000  0.000000  0.001991  0.002839  0.003512
  0.004095  0.004626  0.005125  0.005580  0.006032  0.006486  0.006947  0.007385
  0.007799  0.008221  0.008654  0.009055  0.009463  0.009893  0.010289  0.010701
  0.011117  0.011482  0.011870  0.012336  0.012779  0.013190  0.013588  0.013989
  0.014386  0.014778  0.015168  0.015559  0.015947  0.016320  0.016679  0.017023
  0.017337  0.017621  0.017876  0.018077  0.018242  0.018371  0.018456  0.018493
  0.018489  0.018441  0.018341  0.018187  0.017979  0.017713  0.017379  0.016981
  0.016500  0.015933  0.015276  0.014541  0.013722  0.012832  0.011896  0.010935
  0.009967  0.009020  0.008104  0.007226  0.006384  0.005578  0.004823  0.004099
  0.003403  0.002342  0.000000  0.000000  0.000000  0.000000  0.000000  0.000000
  0.000000  0.000000  0.000000  0.000000  0.000000  0.000000  0.000000  0.000000
  0.000000  0.000000
  1.000000  0.000000
  0.365637  0.365985  0.366394  0.366836  0.367274  0.367688  0.368068  0.368411
  0.368719  0.368992  0.369230  0.369437  0.369615  0.369769  0.369902  0.370016
  0.370114  0.370197  0.370269  0.370330  0.370382  0.370435  0.370490  0.370545
  0.370602  0.370662  0.370725  0.370791  0.370861  0.370934  0.371012  0.371093
  0.371179  0.371270  0.371365  0.371465  0.371570  0.371680  0.371796  0.371917
  0.372044  0.372177  0.372317  0.372464  0.372618  0.372779  0.372949  0.373128
  0.373315  0.373515  0.373728  0.373955  0.374196  0.374449  0.374713  0.374986
  0.375263  0.375539  0.375813  0.376083  0.376348  0.376607  0.376859  0.377107
  0.377350  0.377589  0.377823  0.378052  0.378273  0.378488  0.378693  0.378888
  0.379072  0.379245  0.379407  0.379559  0.379700  0.379832  0.379955  0.380069
  0.380175  0.380273  0.380363  0.380446  0.380522  0.380591  0.380655  0.380712
  0.380764  0.380811  0.380854  0.380892  0.380925  0.380957  0.380990  0.381021
  0.381052  0.381081  0.381107  0.381132  0.381153  0.381170  0.381181  0.381188
  0.381189  0.381186
N_ANGLES
3
0.0  0.5  1.0
-14.0  -16.0  -15.0
64.0  59.0  64.5
64.0  59.0  64.5
 ***************************************************************
 ************STARTING THE INPUT FOR EACH BLADE ROW**************
  BLADE ROW NUMBER =        4                                           
    NUMBER OF BLADES IN ROW 
        70
        JM        JLE       JTE 
       111        21        91
      KTIPSTART  KTIPEND 
         35        37
      FRACTIP1  FRACTIP2
       0.0059    0.0059
      FTHICK(K) K=1,KM
1.0 1.0 1.0 1.0 1.0 1.0 1.0 1.0 1.0 1.0 1.0 1.0 1.0 1.0 1.0 1.0 1.0 1.0 1.0 1.0 1.0 1.0 1.0 1.0 1.0 1.0 1.0 1.0 1.0 1.0 1.0 1.0 0.9 0.5 0.0 0.0 0.0
       BOUNDARY LAYER TRANSITION POINTS 
         0         0         0         0
  SET NEWGRID= 1 TO GENERATE A NEW GRID WITH DIFFERENT "J" POINTS AND SPACINGS.
         0
   RPMROW,    RPMHUB 
    8283.0    8283.0
       JROTHS    JROTHE    JROTTS    JROTTE 
         1         1         1         1
   PUPROW    PLEROW   PTEROW    PDROW 
  133510.6  133510.6   99694.3   99694.3
      NSECS_ROW   INSURF  
         3         0
  IF_CUSP_OUT   IFANGLES 
         1         1
         0         3         0
 ***************************************************************
  ROW NUMBER           4  SECTION NUMBER            1
           0           0           0  IF_DESIGN etc 
   1.00000   0.00000    0
  0.147219  0.149834  0.152067  0.153972  0.155593  0.156974  0.158150  0.159151
  0.160003  0.160728  0.161346  0.161873  0.162321  0.162703  0.163028  0.163304
  0.163540  0.163741  0.163912  0.164058  0.164182  0.164306  0.164436  0.164572
  0.164715  0.164865  0.165023  0.165189  0.165364  0.165548  0.165742  0.165946
  0.166162  0.166389  0.166627  0.166878  0.167142  0.167418  0.167708  0.168013
  0.168333  0.168669  0.169023  0.169394  0.169784  0.170194  0.170627  0.171083
  0.171564  0.172077  0.172629  0.173220  0.173850  0.174517  0.175219  0.175952
  0.176705  0.177465  0.178228  0.178991  0.179751  0.180507  0.181257  0.182007
  0.182759  0.183513  0.184269  0.185025  0.185779  0.186528  0.187267  0.187991
  0.188699  0.189388  0.190057  0.190705  0.191333  0.191942  0.192533  0.193106
  0.193660  0.194197  0.194716  0.195216  0.195699  0.196163  0.196610  0.197038
  0.197448  0.197840  0.198214  0.198588  0.198997  0.199446  0.199938  0.200477
  0.201067  0.201714  0.202423  0.203201  0.204052  0.204986  0.206008  0.207129
  0.208357  0.209703  0.211178  0.212794  0.214565  0.216506  0.218633
  1.000000  0.000000
 -0.012205 -0.011009 -0.009993 -0.009128 -0.008392 -0.007765 -0.007232 -0.006777
 -0.006389 -0.006060 -0.005779 -0.005540 -0.005336 -0.005162 -0.005015 -0.004889
 -0.004782 -0.004690 -0.004613 -0.004546 -0.004490 -0.003850 -0.003583 -0.003302
 -0.003008 -0.002698 -0.002373 -0.002030 -0.001753 -0.001538 -0.001309 -0.001068
 -0.000814 -0.000586 -0.000383 -0.000168  0.000058  0.000264  0.000454  0.000655
  0.000858  0.001041  0.001222  0.001384  0.001544  0.001702  0.001836  0.001962
  0.002073  0.002170  0.002243  0.002292  0.002311  0.002295  0.002236  0.002131
  0.001975  0.001767  0.001510  0.001202  0.000847  0.000445  0.000000 -0.000495
 -0.001042 -0.001642 -0.002295 -0.002996 -0.003748 -0.004548 -0.005389 -0.006262
 -0.007161 -0.008081 -0.009017 -0.009963 -0.010914 -0.011868 -0.012824 -0.013781
 -0.014734 -0.015676 -0.016605 -0.017520 -0.018419 -0.019296 -0.020147 -0.020976
 -0.021778 -0.022551 -0.023538 -0.024021 -0.024551 -0.025131 -0.025766 -0.026463
 -0.027226 -0.028063 -0.028980 -0.029985 -0.031086 -0.032292 -0.033615 -0.035064
 -0.036651 -0.038392 -0.040299 -0.042389 -0.044679 -0.047189 -0.049939
  1.000000
  0.000000  0.000000  0.000000  0.000000  0.000000  0.000000  0.000000  0.000000
  0.000000  0.000000  0.000000  0.000000  0.000000  0.000000  0.000000  0.000000
  0.000000  0.000000  0.000000  0.000000  0.000000  0.001212  0.001677  0.002091
  0.002488  0.002873  0.003252  0.003631  0.003925  0.004141  0.004368  0.004607
  0.004859  0.005081  0.005278  0.005487  0.005709  0.005910  0.006097  0.006294
  0.006496  0.006688  0.006878  0.007051  0.007231  0.007418  0.007594  0.007771
  0.007946  0.008125  0.008304  0.008481  0.008656  0.008826  0.008986  0.009134
  0.009265  0.009375  0.009465  0.009531  0.009577  0.009600  0.009603  0.009583
  0.009539  0.009470  0.009376  0.009257  0.009097  0.008935  0.008735  0.008509
  0.008262  0.007991  0.007701  0.007396  0.007079  0.006751  0.006413  0.006065
  0.005712  0.005359  0.005007  0.004654  0.004305  0.003963  0.003627  0.003212
  0.002507  0.001613  0.000000  0.000000  0.000000  0.000000  0.000000  0.000000
  0.000000  0.000000  0.000000  0.000000  0.000000  0.000000  0.000000  0.000000
  0.000000  0.000000  0.000000  0.000000  0.000000  0.000000  0.000000
  1.000000  0.000000
  0.310901  0.310651  0.310496  0.310386  0.310288  0.310199  0.310118  0.310043
  0.309974  0.309914  0.309862  0.309818  0.309779  0.309747  0.309718  0.309694
  0.309674  0.309656  0.309642  0.309629  0.309618  0.309610  0.309601  0.309593
  0.309584  0.309575  0.309565  0.309555  0.309544  0.309534  0.309523  0.309511
  0.309499  0.309487  0.309475  0.309462  0.309449  0.309435  0.309422  0.309408
  0.309394  0.309380  0.309366  0.309352  0.309338  0.309323  0.309309  0.309295
  0.309282  0.309268  0.309255  0.309243  0.309231  0.309220  0.309210  0.309202
  0.309196  0.309192  0.309189  0.309189  0.309190  0.309192  0.309196  0.309202
  0.309209  0.309217  0.309226  0.309236  0.309248  0.309260  0.309272  0.309285
  0.309299  0.309312  0.309326  0.309339  0.309352  0.309365  0.309378  0.309390
  0.309402  0.309413  0.309424  0.309435  0.309445  0.309455  0.309464  0.309473
  0.309481  0.309489  0.309496  0.309497  0.309498  0.309499  0.309501  0.309502
  0.309504  0.309506  0.309509  0.309511  0.309514  0.309518  0.309522  0.309526
  0.309531  0.309537  0.309543  0.309550  0.309558  0.309566  0.309575
 ***************************************************************
  ROW NUMBER           4  SECTION NUMBER            2
           0           0           0  IF_DESIGN etc 
   1.00000   0.00000    0
  0.149797  0.152212  0.154267  0.156017  0.157508  0.158777  0.159859  0.160780
  0.161565  0.162233  0.162802  0.163287  0.163700  0.164052  0.164352  0.164607
  0.164824  0.165009  0.165167  0.165301  0.165416  0.165530  0.165650  0.165775
  0.165907  0.166045  0.166190  0.166343  0.166504  0.166674  0.166853  0.167041
  0.167239  0.167448  0.167668  0.167899  0.168141  0.168396  0.168663  0.168944
  0.169239  0.169548  0.169873  0.170215  0.170574  0.170952  0.171350  0.171770
  0.172213  0.172685  0.173193  0.173737  0.174317  0.174931  0.175577  0.176252
  0.176945  0.177644  0.178346  0.179049  0.179748  0.180443  0.181134  0.181823
  0.182516  0.183210  0.183905  0.184600  0.185294  0.185984  0.186664  0.187330
  0.187980  0.188614  0.189230  0.189826  0.190404  0.190964  0.191508  0.192035
  0.192545  0.193039  0.193516  0.193977  0.194421  0.194848  0.195258  0.195652
  0.196030  0.196391  0.196735  0.197079  0.197460  0.197883  0.198353  0.198874
  0.199452  0.200093  0.200804  0.201593  0.202468  0.203439  0.204517  0.205712
  0.207038  0.208508  0.210140  0.211950  0.213959  0.216186  0.218658
  1.000000  0.000000
 -0.003462 -0.002899 -0.002420 -0.002011 -0.001663 -0.001367 -0.001115 -0.000900
 -0.000718 -0.000562 -0.000429 -0.000316 -0.000220 -0.000138 -0.000069 -0.000009
  0.000041  0.000085  0.000121  0.000152  0.000179  0.000730  0.000975  0.001175
  0.001339  0.001472  0.001612  0.001760  0.001916  0.002077  0.002199  0.002318
  0.002444  0.002577  0.002694  0.002804  0.002921  0.003036  0.003131  0.003230
  0.003328  0.003409  0.003488  0.003553  0.003610  0.003655  0.003684  0.003701
  0.003699  0.003677  0.003630  0.003555  0.003447  0.003302  0.003115  0.002881
  0.002601  0.002276  0.001905  0.001492  0.001034  0.000536  0.000000 -0.000579
 -0.001206 -0.001880 -0.002603 -0.003377 -0.004196 -0.005060 -0.005959 -0.006885
 -0.007833 -0.008797 -0.009772 -0.010752 -0.011730 -0.012707 -0.013678 -0.014639
 -0.015586 -0.016516 -0.017429 -0.018318 -0.019181 -0.020016 -0.020825 -0.021601
 -0.022347 -0.023061 -0.023917 -0.024394 -0.024924 -0.025511 -0.026162 -0.026885
 -0.027686 -0.028576 -0.029562 -0.030657 -0.031871 -0.033218 -0.034713 -0.036371
 -0.038210 -0.040250 -0.042514 -0.045026 -0.047812 -0.050903 -0.054332
  1.000000
  0.000000  0.000000  0.000000  0.000000  0.000000  0.000000  0.000000  0.000000
  0.000000  0.000000  0.000000  0.000000  0.000000  0.000000  0.000000  0.000000
  0.000000  0.000000  0.000000  0.000000  0.000000  0.001040  0.001469  0.001796
  0.002063  0.002282  0.002495  0.002712  0.002940  0.003178  0.003380  0.003576
  0.003780  0.003996  0.004198  0.004401  0.004614  0.004831  0.005037  0.005253
  0.005475  0.005692  0.005916  0.006137  0.006362  0.006588  0.006813  0.007042
  0.007271  0.007500  0.007732  0.007964  0.008194  0.008419  0.008632  0.008831
  0.009011  0.009167  0.009297  0.009402  0.009478  0.009528  0.009550  0.009543
  0.009508  0.009438  0.009334  0.009192  0.009013  0.008795  0.008524  0.008250
  0.007952  0.007618  0.007264  0.006895  0.006517  0.006132  0.005742  0.005352
  0.004965  0.004586  0.004214  0.003853  0.003508  0.003179  0.002857  0.002551
  0.002085  0.001342  0.000000  0.000000  0.000000  0.000000  0.000000  0.000000
  0.000000  0.000000  0.000000  0.000000  0.000000  0.000000  0.000000  0.000000
  0.000000  0.000000  0.000000  0.000000  0.000000  0.000000  0.000000
  1.000000  0.000000
  0.345990  0.345877  0.345729  0.345594  0.345480  0.345383  0.345302  0.345234
  0.345176  0.345128  0.345088  0.345054  0.345026  0.345002  0.344981  0.344964
  0.344950  0.344938  0.344927  0.344918  0.344911  0.344903  0.344897  0.344891
  0.344884  0.344878  0.344871  0.344864  0.344857  0.344849  0.344841  0.344833
  0.344825  0.344817  0.344808  0.344799  0.344790  0.344781  0.344772  0.344763
  0.344753  0.344744  0.344735  0.344725  0.344716  0.344708  0.344699  0.344690
  0.344682  0.344675  0.344667  0.344661  0.344655  0.344651  0.344647  0.344645
  0.344645  0.344646  0.344649  0.344653  0.344659  0.344665  0.344673  0.344682
  0.344693  0.344704  0.344716  0.344729  0.344742  0.344757  0.344771  0.344786
  0.344801  0.344816  0.344831  0.344846  0.344860  0.344874  0.344888  0.344901
  0.344914  0.344926  0.344938  0.344950  0.344961  0.344971  0.344981  0.344991
  0.345000  0.345008  0.345016  0.345020  0.345021  0.345023  0.345024  0.345026
  0.345029  0.345031  0.345034  0.345036  0.345040  0.345043  0.345047  0.345052
  0.345057  0.345062  0.345068  0.345075  0.345082  0.345091  0.345100
 ***************************************************************
  ROW NUMBER           4  SECTION NUMBER            3
           0           0           0  IF_DESIGN etc 
   1.00000   0.00000    0
  0.153125  0.155311  0.157176  0.158764  0.160118  0.161270  0.162252  0.163089
  0.163801  0.164408  0.164924  0.165365  0.165740  0.166059  0.166331  0.166562
  0.166760  0.166928  0.167071  0.167193  0.167297  0.167400  0.167509  0.167623
  0.167742  0.167867  0.167999  0.168138  0.168284  0.168438  0.168600  0.168771
  0.168950  0.169140  0.169339  0.169549  0.169769  0.170000  0.170242  0.170496
  0.170763  0.171044  0.171339  0.171649  0.171974  0.172317  0.172677  0.173058
  0.173459  0.173887  0.174347  0.174840  0.175365  0.175922  0.176507  0.177118
  0.177746  0.178379  0.179015  0.179650  0.180284  0.180913  0.181538  0.182162
  0.182789  0.183417  0.184047  0.184676  0.185304  0.185928  0.186543  0.187146
  0.187735  0.188308  0.188865  0.189405  0.189928  0.190435  0.190927  0.191404
  0.191866  0.192312  0.192744  0.193161  0.193563  0.193949  0.194321  0.194677
  0.195019  0.195345  0.195657  0.195968  0.196317  0.196708  0.197147  0.197639
  0.198190  0.198808  0.199500  0.200277  0.201147  0.202122  0.203216  0.204442
  0.205816  0.207356  0.209082  0.211018  0.213187  0.215619  0.218345
  1.000000  0.000000
  0.008536  0.008081  0.007693  0.007361  0.007079  0.006838  0.006633  0.006459
  0.006310  0.006183  0.006075  0.005983  0.005905  0.005838  0.005781  0.005732
  0.005691  0.005656  0.005626  0.005601  0.005579  0.006039  0.006220  0.006355
  0.006463  0.006536  0.006611  0.006691  0.006775  0.006865  0.006916  0.006959
  0.007003  0.007051  0.007077  0.007088  0.007100  0.007106  0.007087  0.007065
  0.007038  0.006990  0.006933  0.006852  0.006773  0.006694  0.006561  0.006352
  0.006171  0.005960  0.005710  0.005423  0.005094  0.004717  0.004290  0.003810
  0.003279  0.002701  0.002082  0.001421  0.000726  0.000000 -0.000753 -0.001540
 -0.002361 -0.003217 -0.004104 -0.005019 -0.005958 -0.006917 -0.007886 -0.008854
 -0.009817 -0.010770 -0.011710 -0.012633 -0.013537 -0.014425 -0.015296 -0.016150
 -0.016986 -0.017800 -0.018591 -0.019360 -0.020104 -0.020822 -0.021513 -0.022178
 -0.022814 -0.023425 -0.024203 -0.024656 -0.025165 -0.025734 -0.026373 -0.027089
 -0.027892 -0.028791 -0.029800 -0.030930 -0.032198 -0.033618 -0.035211 -0.036996
 -0.038997 -0.041239 -0.043754 -0.046571 -0.049730 -0.053270 -0.057236
  1.000000
  0.000000  0.000000  0.000000  0.000000  0.000000  0.000000  0.000000  0.000000
  0.000000  0.000000  0.000000  0.000000  0.000000  0.000000  0.000000  0.000000
  0.000000  0.000000  0.000000  0.000000  0.000000  0.000933  0.001308  0.001581
  0.001833  0.002057  0.002293  0.002540  0.002800  0.003044  0.003255  0.003465
  0.003686  0.003920  0.004141  0.004356  0.004584  0.004817  0.005038  0.005268
  0.005506  0.005739  0.005975  0.006205  0.006453  0.006718  0.006948  0.007122
  0.007345  0.007565  0.007780  0.007992  0.008196  0.008386  0.008559  0.008707
  0.008824  0.008903  0.008945  0.008947  0.008915  0.008850  0.008754  0.008629
  0.008476  0.008293  0.008220  0.007932  0.007603  0.007335  0.007052  0.006764
  0.006471  0.006177  0.005885  0.005596  0.005311  0.005030  0.004753  0.004481
  0.004216  0.003958  0.003709  0.003470  0.003241  0.003023  0.002795  0.002543
  0.002002  0.001298  0.000000  0.000000  0.000000  0.000000  0.000000  0.000000
  0.000000  0.000000  0.000000  0.000000  0.000000  0.000000  0.000000  0.000000
  0.000000  0.000000  0.000000  0.000000  0.000000  0.000000  0.000000
  1.000000  0.000000
  0.380814  0.380949  0.381033  0.381091  0.381130  0.381156  0.381171  0.381180
  0.381185  0.381188  0.381189  0.381190  0.381189  0.381189  0.381188  0.381187
  0.381186  0.381185  0.381184  0.381183  0.381183  0.381182  0.381182  0.381182
  0.381182  0.381182  0.381182  0.381182  0.381182  0.381182  0.381182  0.381182
  0.381182  0.381182  0.381182  0.381182  0.381181  0.381181  0.381181  0.381180
  0.381180  0.381179  0.381179  0.381178  0.381177  0.381176  0.381175  0.381174
  0.381172  0.381171  0.381169  0.381167  0.381164  0.381162  0.381159  0.381155
  0.381152  0.381148  0.381144  0.381140  0.381136  0.381132  0.381128  0.381124
  0.381120  0.381115  0.381111  0.381106  0.381102  0.381098  0.381093  0.381089
  0.381085  0.381081  0.381078  0.381074  0.381071  0.381068  0.381065  0.381062
  0.381059  0.381057  0.381054  0.381052  0.381050  0.381048  0.381046  0.381045
  0.381043  0.381042  0.381040  0.381041  0.381043  0.381045  0.381047  0.381050
  0.381053  0.381056  0.381060  0.381064  0.381069  0.381074  0.381080  0.381085
  0.381091  0.381097  0.381102  0.381106  0.381106  0.381102  0.381091
N_ANGLES
3
0.0  0.5  1.0
32.0  13.0  12.0
-52.0  -54.5  -55.0
-52.0  -54.5  -55.0
  STARTING INLET BOUNDARY CONDITION DATA .
  NUMBER OF POINTS FOR INLET BOUNDARY CONDITIONS 
        37
  SPACING OF INLET BOUNDARY CONDITION POINTS 
  1.000000  1.250000  1.562500  1.953125  2.441406  3.051758  3.814697  4.768372
  5.960464  7.450581  9.313226 11.641532 14.551915 18.189894 20.000000 20.000000
 20.000000 20.000000 20.000000 20.000000 20.000000 20.000000 18.189894 14.551915
 11.641532  9.313226  7.450581  5.960464  4.768372  3.814697  3.051758  2.441406
  1.953125  1.562500  1.250000  1.000000
   INLET STAGNATION PRESSURES 
  344740.0  344740.0  344740.0  344740.0  344740.0  344740.0  344740.0  344740.0
  344740.0  344740.0  344740.0  344740.0  344740.0  344740.0  344740.0  344740.0
  344740.0  344740.0  344740.0  344740.0  344740.0  344740.0  344740.0  344740.0
  344740.0  344740.0  344740.0  344740.0  344740.0  344740.0  344740.0  344740.0
  344740.0  344740.0  344740.0  344740.0  344740.0
   INLET STAGNATION TEMPERATURES 
  709.0000  709.0001  709.0000  709.0000  709.0000  708.9999  708.9999  709.0001
  709.0000  709.0000  709.0000  709.0000  709.0000  709.0000  709.0000  709.0000
  709.0000  709.0000  709.0000  709.0000  709.0000  709.0000  709.0000  709.0000
  709.0000  709.0000  709.0000  709.0000  709.0000  709.0000  709.0000  709.0000
  709.0000  709.0000  709.0000  709.0000  709.0000
   INLET ABSOLUTE TANGENTIAL VELOCITY 
    0.0000    0.0000    0.0000    0.0000    0.0000    0.0000    0.0000    0.0000
    0.0000    0.0000    0.0000    0.0000    0.0000    0.0000    0.0000    0.0000
    0.0000    0.0000    0.0000    0.0000    0.0000    0.0000    0.0000    0.0000
    0.0000    0.0000    0.0000    0.0000    0.0000    0.0000    0.0000    0.0000
    0.0000    0.0000    0.0000    0.0000    0.0000
   INLET MERIDIONAL VELOCITY 
  112.8716  112.8716  112.8716  112.8716  112.8716  112.8716  112.8716  112.8716
  112.8716  112.8716  112.8716  112.8716  112.8716  112.8716  112.8716  112.8716
  112.8716  112.8716  112.8716  112.8716  112.8716  112.8716  112.8716  112.8716
  112.8716  112.8716  112.8716  112.8716  112.8716  112.8716  112.8716  112.8716
  112.8716  112.8716  112.8716  112.8716  112.8716
   INLET MERIDIONAL YAW ANGLE  
    0.0000    0.0000    0.0000    0.0000    0.0000    0.0000    0.0000    0.0000
    0.0000    0.0000    0.0000    0.0000    0.0000    0.0000    0.0000    0.0000
    0.0000    0.0000    0.0000    0.0000    0.0000    0.0000    0.0000    0.0000
    0.0000    0.0000    0.0000    0.0000    0.0000    0.0000    0.0000    0.0000
    0.0000    0.0000    0.0000    0.0000    0.0000
   INLET PITCH ANGLE 
    0.0000    0.0000    0.0000    0.0000    0.0000    0.0000    0.0000    0.0000
    0.0000    0.0000    0.0000    0.0000    0.0000    0.0000    0.0000    0.0000
    0.0000    0.0000    0.0000    0.0000    0.0000    0.0000    0.0000    0.0000
    0.0000    0.0000    0.0000    0.0000    0.0000    0.0000    0.0000    0.0000
    0.0000    0.0000    0.0000    0.0000    0.0000
   PDOWN_HUB   PDOWN_TIP 
   62115.3   62115.3
 MIXING LENGTH LIMITS ON ALL BLADE ROWS
  0.020000  0.030000  0.040000  0.050000  0.000000  0.500000
  0.020000  0.030000  0.040000  0.050000  0.000000  0.500000
  0.020000  0.030000  0.040000  0.050000  0.000000  0.500000
  0.020000  0.030000  0.040000  0.050000  0.000000  0.500000
  FACTOR TO INCREASE THE TURBULENT VISCOSITY OVER THE FIRST NMIXUP STEPS 
   2.00000 1000
