Span station K = 33

J    %dVm      Vx(m/s)     Vtheta(m/s)   Vr(m/s)      Pstat(Pa)    Mrel      T0(K)      Vm(m/s)     Swirl(deg)  Pitch(deg)  Density
--------------------------------------------------------------------------------------------------------------------------------------------
   1     -1.560       61.975           0.000        0.458       341463.4    0.6310      709.01       61.977      -79.117        0.423     1.68206
   2     -5.388       59.526           0.026        0.283       341445.6    0.6305      708.06       59.567      -79.530        0.203     1.68393
   3     -4.487       60.115           0.925       -0.420       341662.4    0.6291      707.98       60.134      -79.405       -0.407     1.68528
   4     -3.466       60.748           1.633       -1.125       341590.0    0.6282      707.71       60.777      -79.270       -1.021     1.68567
   5     -3.322       60.833           2.489       -1.355       341692.3    0.6268      707.56       60.868      -79.223       -1.232     1.68657
   6     -5.678       59.338           2.675       -0.595       341677.0    0.6258      707.79       59.385      -79.474       -0.700     1.68576
   7     -9.541       56.843           2.330        0.549       341599.2    0.6253      708.29       56.953      -79.906        0.256     1.68390
   8    -13.524       54.249           1.422        1.487       341731.4    0.6260      708.74       54.444      -80.365        1.262     1.68322
   9    -17.425       51.767          -0.875        1.770       341674.3    0.6296      708.76       51.989      -80.852        1.842     1.68268
  10    -20.006       50.166          -3.559        1.453       341878.0    0.6343      708.64       50.364      -81.195        1.600     1.68388
  11    -21.800       49.031          -6.176        0.795       341906.6    0.6392      708.16       49.234      -81.448        0.954     1.68514
  12    -22.413       48.587          -8.510        0.352       342091.4    0.6437      707.77       48.848      -81.564        0.475     1.68706
  13    -23.359       47.836         -10.426        0.381       342054.3    0.6473      707.54       48.253      -81.704        0.716     1.68749
  14    -24.298       47.044         -11.593        0.719       342193.2    0.6494      707.67       47.662      -81.823        1.250     1.68790
  15    -25.575       46.069         -11.663        1.115       342036.1    0.6493      707.74       46.858      -81.957        1.898     1.68696
  16    -25.815       45.827         -11.680        1.470       342210.2    0.6494      707.47       46.707      -81.984        2.061     1.68854
  17    -25.654       45.789         -12.184        1.897       342071.1    0.6505      707.48       46.808      -81.983        2.416     1.68795
  18    -24.452       46.203         -12.710        3.152       342312.3    0.6511      708.71       47.565      -81.872        3.683     1.68640
  19    -24.074       45.712         -13.278        4.692       342178.1    0.6516      710.20       47.802      -81.850        5.360     1.68234
  20    -24.853       44.472         -12.765        5.257       342415.8    0.6509      709.39       47.312      -81.918        6.371     1.68561
  21    -28.394       41.950         -12.325        5.060       342063.7    0.6513      706.08       45.083      -82.279        7.862     1.69185
  22    -33.582       39.808         -11.122        2.182       342285.4    0.6512      701.20       41.816      -82.762        5.042     1.70537
  23    -31.126       38.011         -19.185       -3.152       341889.7    0.6714      694.19       43.363      -82.623       -6.608     1.72303
  24    -24.130       38.699         -32.686       -7.369       342192.9    0.7030      689.58       47.767      -82.133       -9.441     1.74101
  25     -9.759       38.377         -45.862      -14.113       339905.0    0.7381      683.89       56.815      -81.039      -10.984     1.75181
  26      1.150       41.293         -61.846      -25.375       339830.1    0.7782      673.63       63.683      -80.712      -17.121     1.78146
  27     -1.609       40.079         -58.504      -18.808       346096.2    0.7663      688.27       61.946      -80.898      -10.309     1.78803
  28     20.050       43.339          -8.589       18.439       345499.4    0.6792      723.60       75.582      -74.914        0.980     1.70348
  29     31.852       41.191          47.022       43.825       344344.8    0.6094      720.56       83.013      -67.934        9.258     1.70339
  30     -2.182       33.819          31.505       21.757       341986.3    0.5963      682.75       61.586      -76.833        7.934     1.76591
  31     -4.217       31.283          -7.989       -7.774       337286.7    0.6747      665.20       60.305      -79.723       -5.456     1.78977
  32     -8.780       34.127         -17.284       -5.262       334833.3    0.6792      686.80       57.432      -80.405       -2.065     1.71691
  33      4.126       40.064          -7.972       16.984       333850.3    0.6465      723.06       65.557      -78.870        6.962     1.63409
  34      6.169       43.150          -8.697       15.150       334908.4    0.6483      721.47       66.844      -78.674        4.017     1.63519
  35     -1.227       46.215          -9.128       10.218       335338.4    0.6498      714.24       62.187      -79.304        4.630     1.64633
  36     -3.867       50.131          -9.034        7.878       335960.1    0.6462      718.66       60.525      -79.696        7.329     1.63858
  37    -10.307       53.693          -9.594       -0.716       335721.3    0.6461      720.01       56.470      -80.470        2.062     1.63401
  38      0.161       55.285          -5.978       -9.562       336049.9    0.6414      720.25       63.061      -79.342       -6.007     1.63507
  39      8.990       57.241          -3.389      -13.200       335792.3    0.6391      720.44       68.620      -78.410       -7.435     1.63389
  40     11.706       59.572          -1.125      -12.216       336118.8    0.6350      721.15       70.329      -78.189       -7.579     1.63388
  41     12.074       62.150           0.261      -10.690       336174.1    0.6314      723.28       70.561      -78.184       -7.975     1.62935
  42     15.128       64.834          -0.533      -11.729       336508.5    0.6327      726.50       72.484      -77.926       -9.365     1.62430
  43     22.212       68.197          -0.110      -14.843       335935.9    0.6327      730.86       76.944      -77.219      -11.560     1.61304
  44     27.764       69.036          -0.078      -17.965       336106.5    0.6328      735.25       80.439      -76.597      -12.454     1.60541
  45     32.688       71.241          -1.397      -19.799       336105.9    0.6376      734.41       83.540      -76.155      -12.774     1.60767
  46     35.172       74.892          -1.961      -19.467       335816.8    0.6417      731.03       85.103      -76.016      -13.629     1.61357
  47     35.494       78.172          -2.321      -17.447       335765.1    0.6443      729.51       85.306      -76.039      -13.485     1.61718
  48     38.912       81.623          -1.494      -16.197       335738.8    0.6447      730.21       87.458      -75.685      -12.016     1.61642
  49     44.341       84.700           0.139      -16.627       335447.9    0.6442      729.82       90.877      -75.039      -10.875     1.61660
  50     50.615       87.799           3.241      -20.111       335520.5    0.6425      726.82       94.826      -74.260      -12.658     1.62429
  51     56.532       91.418           9.567      -24.309       334843.5    0.6354      723.44       98.552      -73.423      -16.519     1.62921
  52     60.607       93.628          17.221      -27.002       334338.1    0.6247      721.40      101.117      -72.708      -18.906     1.63193
  53     63.465       95.396          23.702      -27.862       333417.1    0.6165      720.11      102.916      -72.182      -19.861     1.63121
  54     63.841       96.631          28.750      -26.542       332458.1    0.6104      720.19      103.154      -71.916      -19.602     1.62724
  55     63.306       98.297          33.567      -24.003       331291.8    0.6044      721.57      102.816      -71.699      -17.653     1.61941
  56     66.146      100.952          39.425      -21.523       329976.3    0.5977      722.32      104.604      -71.005       -9.559     1.61274
  57     71.896      104.222          46.948      -21.062       328437.7    0.5893      721.67      108.225      -69.851       -6.205     1.60826
  58     77.991      107.875          55.368      -21.910       326828.8    0.5801      720.06      112.062      -68.564       -5.610     1.60573
  59     84.143      111.564          64.114      -23.030       324986.4    0.5707      718.36      115.935      -67.157       -5.429     1.60230
  60     89.217      114.881          73.354      -23.979       322770.9    0.5599      717.64      119.130      -65.686       -5.585     1.59463
  61     93.617      117.796          83.660      -25.123       320211.6    0.5473      716.67      121.900      -64.066       -6.441     1.58595
  62     98.267      120.796          95.216      -26.644       317519.1    0.5334      715.40      124.828      -62.167       -7.795     1.57775
  63    102.586      123.605         107.443      -27.750       314271.2    0.5191      714.37      127.547      -60.042       -8.769     1.56634
  64    105.994      125.751         120.646      -28.358       310591.8    0.5028      713.35      129.693      -57.735       -9.112     1.55293
  65    108.301      127.164         134.341      -28.879       306785.7    0.4857      713.00      131.145      -55.248       -9.497     1.53764
  66    109.131      127.720         147.785      -29.280       302600.9    0.4687      713.20      131.668      -52.634      -10.163     1.51931
  67    109.175      127.833         160.958      -29.395       298509.6    0.4518      713.94      131.695      -49.925      -10.641     1.50065
  68    108.659      127.615         174.090      -29.221       294007.8    0.4355      714.46      131.370      -47.092      -10.889     1.48059
  69    107.676      127.089         187.652      -28.859       289274.2    0.4193      713.87      130.752      -44.018      -10.970     1.46182
  70    106.573      126.526         201.412      -28.156       284224.8    0.4039      712.67      130.057      -40.661      -10.872     1.44290
  71    105.596      126.074         215.330      -27.131       279010.1    0.3894      711.44      129.442      -37.047      -10.591     1.42347
  72    104.758      125.599         229.491      -26.478       273532.5    0.3755      709.80      128.915      -33.216      -10.460     1.40374
  73    104.343      125.323         243.804      -26.165       267900.9    0.3625      709.28      128.653      -29.089      -10.554     1.38130
  74    104.521      125.499         258.030      -25.622       262233.3    0.3513      710.40      128.765      -24.710      -10.576     1.35591
  75    104.952      125.860         271.705      -24.959       256631.3    0.3415      711.05      129.037      -20.380      -10.474     1.33178
  76    105.236      126.115         284.133      -24.302       251286.0    0.3326      711.54      129.216      -16.314      -10.349     1.30893
  77    104.610      125.809         294.290      -23.452       246560.5    0.3237      712.00      128.821      -12.851      -10.174     1.28852
  78    102.474      124.589         302.255      -22.441       242670.3    0.3138      711.58      127.476      -10.075       -9.973     1.27319
  79     99.924      123.088         309.185      -21.522       239365.7    0.3047      711.09      125.871       -7.431       -9.833     1.26064
  80     97.675      121.771         315.732      -20.488       235870.9    0.2973      710.11      124.455       -4.791       -9.589     1.24778
  81     96.055      120.931         322.446      -19.399       232241.5    0.2920      708.94      123.435       -2.010       -9.252     1.23445
  82     94.819      120.338         328.621      -18.442       228602.8    0.2888      707.92      122.657        0.576       -8.973     1.22064
  83     94.209      120.173         334.147      -17.387       225093.0    0.2874      706.79      122.273        2.909       -8.611     1.20731
  84     93.833      120.191         339.237      -16.332       221758.9    0.2873      705.74      122.036        5.013       -8.212     1.19440
  85     93.627      120.299         343.542      -15.330       218779.2    0.2887      704.87      121.907        6.694       -7.848     1.18269
  86     93.263      120.244         346.784      -14.498       216020.3    0.2911      703.95      121.677        7.811       -7.565     1.17171
  87     93.172      120.309         348.741      -13.950       213727.9    0.2946      703.09      121.620        8.221       -7.416     1.16250
  88     92.528      120.000         349.402      -13.444       211626.6    0.2981      702.05      121.214        8.023       -7.317     1.15389
  89     92.315      119.956         349.296      -12.966       210202.9    0.3018      701.25      121.080        7.563       -7.183     1.14803
  90     91.566      119.568         348.801      -12.566       209073.8    0.3029      700.45      120.609        7.109       -7.002     1.14318
  91     91.345      119.489         348.243      -12.211       208502.9    0.3028      699.66      120.470        6.732       -6.814     1.14110
  92     89.950      118.655         347.624      -11.784       207779.0    0.3005      698.19      119.592        6.444       -6.651     1.13913
  93     89.648      118.528         346.609      -11.265       207839.3    0.2981      697.82      119.401        6.259       -6.339     1.13934
  94     87.149      116.988         345.251      -10.732       207311.0    0.2926      697.03      117.828        5.882       -6.223     1.13664
  95     86.562      116.656         345.518      -10.270       208113.0    0.2861      697.08      117.458        6.418       -5.904     1.14036
  96     83.229      114.517         343.771       -9.893       208376.8    0.2765      696.37      115.360        5.850       -5.960     1.14120
  97     72.324      107.537         334.989       -9.302       210350.1    0.2661      695.49      108.494        1.572       -6.521     1.14816
  98     60.301       99.964         320.553       -8.082       213021.2    0.2675      694.87      100.924       -4.768       -6.792     1.15661
  99     51.367       94.678         311.766       -5.643       215986.6    0.2678      695.47       95.300       -8.517       -4.833     1.16700
 100     52.676       95.708         313.207       -3.741       216336.6    0.2607      695.68       96.124       -7.212       -2.429     1.16841
 101     54.330       96.800         315.962       -3.180       215376.1    0.2505      695.17       97.165       -5.982       -1.815     1.16468
 102     51.747       95.174         318.925       -3.060       215057.8    0.2380      695.18       95.539       -4.957       -1.795     1.16325
 103     52.072       95.394         321.597       -2.968       214637.8    0.2294      694.90       95.744       -3.286       -1.710     1.16201
 104     49.958       94.080         323.961       -3.012       214053.0    0.2201      694.51       94.413       -1.828       -1.749     1.15983
 105     50.281       94.340         327.270       -2.406       214016.2    0.2139      695.29       94.616        0.602       -1.309     1.15927
 106     47.111       92.389         330.681       -1.732       213287.7    0.2056      695.68       92.620        3.015       -0.774     1.15561
 107     46.245       91.869         333.996       -0.614       213350.6    0.2008      696.72       92.075        5.894        0.087     1.15533
 108     42.664       89.622         338.298       -0.678       212246.6    0.1944      697.50       89.820        9.369        0.195     1.14960
 109     43.324       90.061         341.698       -0.595       212555.3    0.1933      699.23       90.236       12.647        0.160     1.14962
 110     41.028       88.600         347.217       -2.211       211279.1    0.1919      700.44       88.790       17.064       -1.018     1.14311
 111     56.566       98.012         359.161      -10.501       212115.6    0.2154      709.63       98.573       23.318       -6.081     1.13834
 112     55.924       97.571         357.011      -10.813       211986.6    0.2130      708.58       98.169       22.338       -6.286     1.13826
 113     -1.900       61.463         377.988       -1.497       212073.4    0.1932      714.72       61.763       49.699        1.310     1.13695
 114    -10.893       55.883         369.290       -1.444       212624.5    0.1733      713.56       56.101       49.739        1.032     1.13651
 115    -15.285       53.176         362.377       -1.332       212087.5    0.1603      711.71       53.336       48.462        0.877     1.13289
 116    -21.063       49.566         358.945       -2.046       212316.3    0.1524      710.95       49.699       48.963       -1.032     1.13339
 117    -24.248       47.475         357.970       -2.755       211739.3    0.1512      710.53       47.693       49.227       -2.573     1.13052
 118    -27.112       45.537         358.097       -2.289       211669.0    0.1521      710.85       45.890       49.756       -0.057     1.12971
 119    -28.452       44.215         358.929       -0.763       211139.6    0.1553      711.09       45.046       50.066        7.023     1.12708
 120    -28.921       42.686         360.831        1.482       211177.8    0.1606      711.97       44.751       50.194       14.674     1.12698
 121    -27.924       41.766         362.877        3.386       210805.5    0.1667      711.65       45.379       49.739       18.495     1.12695
 122    -26.136       41.422         364.992        5.093       210875.5    0.1729      711.63       46.504       48.820       20.129     1.12881
 123    -23.022       41.719         367.784        7.086       210495.0    0.1811      712.60       48.465       47.615       21.159     1.12700
 124    -18.679       42.583         370.626        9.642       210562.9    0.1896      713.70       51.199       45.950       21.770     1.12746
 125    -13.663       43.593         373.449       12.496       210238.2    0.1987      714.54       54.357       44.241       22.377     1.12633
 126     -8.854       44.912         376.359       15.183       210382.6    0.2076      716.50       57.385       42.842       22.778     1.12584
 127     -3.656       46.041         379.417       18.132       209996.2    0.2170      718.51       60.658       41.520       23.220     1.12259
 128      1.642       47.608         382.649       20.938       210038.3    0.2267      720.86       63.993       40.297       23.410     1.12120
 129      7.071       49.316         385.817       23.692       209421.3    0.2364      722.44       67.412       39.330       23.570     1.11766
 130     13.846       51.648         388.553       26.826       209351.4    0.2460      724.94       71.677       37.964       23.402     1.11535
 131     22.290       52.660         393.979       30.589       208444.4    0.2616      728.49       76.993       36.936       23.271     1.10889
 132     32.130       56.051         390.961       33.299       207330.6    0.2641      726.78       83.188       34.429       22.439     1.10462
 133     36.701       68.489         383.115       29.833       208163.0    0.2572      724.63       86.066       31.596       20.460     1.10826
 134     37.011       72.130         380.070       24.730       208115.5    0.2540      723.78       86.261       30.363       18.125     1.10760
 135     35.401       72.685         378.072       21.165       208528.8    0.2503      723.00       85.247       29.805       16.240     1.10983
 136     34.206       73.544         377.764       18.757       208228.2    0.2501      722.51       84.495       29.811       15.119     1.10885
 137     32.859       74.188         378.173       16.365       208091.1    0.2515      722.62       83.647       30.080       14.153     1.10825
 138     32.812       75.415         378.598       14.127       207739.0    0.2539      722.59       83.617       29.985       13.019     1.10680
 139     33.147       76.812         379.324       11.683       207436.5    0.2573      722.83       83.828       29.972       11.555     1.10545
 140     34.765       78.501         379.694        8.490       207189.0    0.2609      723.09       84.847       29.614        9.668     1.10420
 141     35.410       79.146         379.590        5.903       207090.9    0.2629      723.02       85.253       29.287        7.986     1.10388
 142     36.022       80.080         379.434        4.425       207068.5    0.2649      722.94       85.638       28.927        6.816     1.10398
 143     37.338       81.518         379.579        3.090       206783.4    0.2682      722.87       86.467       28.552        5.833     1.10295
 144     39.172       83.103         379.987        2.164       206605.6    0.2727      722.97       87.622       28.165        5.266     1.10242
 145     41.766       84.878         380.228        0.987       206274.5    0.2775      722.93       89.255       27.589        4.545     1.10130
 146     43.539       85.978         380.256       -0.142       206052.4    0.2814      722.85       90.372       27.169        3.640     1.10059
 147     45.559       87.416         380.151       -0.625       205811.2    0.2855      722.83       91.643       26.697        3.160     1.09966
 148     47.952       89.037         379.895       -1.285       205503.8    0.2898      722.94       93.150       26.160        2.657     1.09814
 149     50.421       90.601         379.384       -2.090       205149.7    0.2940      722.81       94.704       25.631        2.102     1.09661
 150     52.832       92.086         378.743       -2.705       204825.8    0.2981      722.48       96.222       25.102        1.658     1.09550
 151     55.729       93.947         378.028       -3.186       204492.2    0.3029      722.16       98.046       24.524        1.295     1.09440
 152     59.395       96.183         377.000       -3.821       204166.0    0.3079      721.75      100.354       23.773        0.996     1.09336
 153     62.422       97.944         375.847       -4.475       203782.8    0.3123      721.44      102.260       23.124        0.529     1.09173
 154     64.856       99.644         374.233       -4.407       203460.2    0.3159      721.04      103.792       22.552        0.334     1.09026
 155     69.196      102.616         371.992       -4.227       203067.7    0.3205      720.53      106.525       21.591        0.420     1.08845
 156     74.360      105.834         369.912       -4.726       202476.6    0.3260      720.19      109.776       20.553        0.223     1.08549
 157     79.362      108.936         367.479       -5.079       202028.2    0.3312      719.47      112.926       19.537        0.077     1.08372
 158     84.647      112.319         364.634       -5.236       201574.9    0.3366      718.51      116.253       18.402        0.007     1.08216
 159     90.306      115.928         361.806       -5.496       200928.9    0.3425      717.72      119.816       17.261       -0.125     1.07937
 160     96.495      119.886         358.690       -5.741       200316.1    0.3489      716.87      123.712       16.014       -0.232     1.07681
 161    103.453      124.292         355.382       -6.182       199536.3    0.3562      716.03      128.093       14.695       -0.419     1.07338
 162    111.013      129.060         351.757       -6.457       198673.0    0.3641      715.18      132.853       13.265       -0.515     1.06948
 163    119.266      134.289         347.671       -6.932       197697.2    0.3729      714.19      138.048       11.715       -0.688     1.06514
 164    128.061      139.824         343.345       -7.821       196536.3    0.3828      713.24      143.586       10.129       -0.982     1.05980
 165    137.576      145.799         338.764       -8.310       195136.6    0.3937      711.99      149.577        8.481       -1.073     1.05371
 166    148.157      152.353         333.145       -9.448       193731.8    0.4053      710.61      156.238        6.631       -1.342     1.04748
 167    159.460      159.255         326.249      -11.291       192147.4    0.4174      709.03      163.354        4.567       -1.761     1.04015
 168    170.700      166.132         318.854      -12.865       189991.7    0.4300      707.10      170.431        2.477       -2.031     1.03017
 169    181.784      172.826         311.107      -14.547       187257.7    0.4428      705.22      177.410        0.406       -2.276     1.01694
 170    192.837      179.425         303.489      -15.964       184173.2    0.4560      703.54      184.368       -1.588       -2.397     1.00167
 171    204.164      186.255         296.530      -17.142       180793.7    0.4704      702.04      191.500       -3.451       -2.478     0.98499
 172    214.472      192.553         290.080      -17.668       176745.1    0.4843      700.42      197.990       -5.138       -2.459     0.96492
 173    223.223      197.936         283.732      -17.540       172480.8    0.4968      698.44      203.499       -6.725       -2.346     0.94378
 174    231.845      203.155         277.169      -17.966       168303.0    0.5098      695.91      208.928       -8.356       -2.381     0.92348
 175    240.644      208.529         273.023      -17.958       163818.5    0.5253      693.31      214.468       -9.527       -2.364     0.90205
 176    247.842      212.880         271.238      -17.472       159375.3    0.5408      690.74      218.999      -10.207       -2.309     0.88095
 177    251.223      214.520         267.801      -17.110       155364.4    0.5500      687.74      221.128      -10.993       -2.372     0.86154
 178    251.100      213.712         262.221      -16.130       151909.7    0.5527      685.14      221.050      -11.971       -2.345     0.84387
 179    248.855      211.466         255.048      -15.250       148865.0    0.5508      683.08      219.637      -13.095       -2.273     0.82770
 180    247.316      209.749         247.291      -14.971       146190.9    0.5492      681.18      218.668      -14.269       -2.296     0.81378
 181    247.627      209.537         239.895      -14.724       143806.6    0.5508      679.49      218.864      -15.430       -2.379     0.80179
 182    247.203      209.098         232.069      -13.801       141820.8    0.5527      677.77      218.597      -16.703       -2.393     0.79188
 183    244.063      206.928         222.754      -11.888       140091.5    0.5525      675.39      216.620      -18.290       -2.282     0.78345
 184    238.966      203.314         211.276       -9.676       138630.2    0.5508      672.33      213.411      -20.486       -2.209     0.77660
 185    234.614      199.734         198.429       -7.039       137216.6    0.5515      668.97      210.671      -23.169       -2.022     0.77015
 186    230.886      195.924         185.284       -3.682       135652.4    0.5547      665.63      208.324      -26.043       -1.549     0.76309
 187    225.804      190.760         172.090       -0.474       134270.2    0.5579      662.73      205.124      -29.374       -1.222     0.75673
 188    220.162      184.874         159.526        2.721       132974.9    0.5626      660.02      201.572      -33.085       -1.016     0.75080
 189    216.245      179.196         148.080        6.771       131770.4    0.5707      657.41      199.106      -36.541       -0.095     0.74552
 190    213.551      173.400         137.280       10.215       130616.7    0.5830      654.63      197.410      -39.964        0.358     0.74080
 191    212.043      168.927         127.199       11.916       129611.8    0.5964      651.34      196.460      -42.541        0.965     0.73737
 192    209.026      166.147         118.353       12.435       128602.1    0.6069      647.34      194.561      -44.709       -0.126     0.73449
 193    205.502      166.548         110.920       13.191       127777.2    0.6146      643.18      192.342      -46.329        0.213     0.73293
 194    199.907      169.679         104.778       14.839       127230.0    0.6192      639.60      188.820      -47.961        2.680     0.73253
 195    196.005      171.965          99.407       15.634       126798.3    0.6248      636.88      186.363      -49.334        4.970     0.73213
 196    195.256      172.313          95.046       16.590       126154.1    0.6310      634.83      185.892      -49.894        5.681     0.73028
 197    194.914      172.899          92.437       18.201       125409.4    0.6351      633.52      185.676      -50.030        6.788     0.72750
 198    193.319      172.215          91.021       19.428       124736.0    0.6362      632.38      184.672      -49.938        7.553     0.72493
 199    194.027      170.644          90.932       20.605       124424.4    0.6364      632.36      185.118      -49.195        8.117     0.72361
 200    195.664      170.060          92.155       22.351       123691.7    0.6358      632.33      186.148      -47.814        9.364     0.72039
 201    202.407      170.356          89.643       24.090       122479.7    0.6466      631.49      190.393      -46.558        9.870     0.71518
 202    210.087      182.570          83.801       26.387       120149.3    0.6659      628.71      195.229      -46.991       12.197     0.70592
 203    226.363      197.846          76.678       27.103       120937.2    0.6925      626.10      205.476      -44.424       10.650     0.71378
 204    231.186      202.810          72.383       25.618       123184.2    0.7044      624.63      208.513      -43.542        9.014     0.72781
 205    239.491      208.569          74.060       25.664       124995.0    0.7128      625.24      213.742      -41.346        8.181     0.73889
 206    256.090      218.942          76.244       28.327       126006.4    0.7334      626.46      224.192      -38.745        7.969     0.74687
 207    275.936      231.489          73.491       30.700       125897.3    0.7629      624.87      236.687      -38.229        7.641     0.75072
 208    289.882      240.113          71.487       34.453       127918.1    0.7816      624.08      245.468      -38.436        7.696     0.76488
 209    301.411      246.943          67.015       40.422       129751.2    0.7984      622.15      252.726      -39.246        8.280     0.77851
 210    310.112      251.754          57.622       45.769       130827.4    0.8198      618.56      258.204      -40.784        8.879     0.78925
 211    319.208      257.052          45.502       49.863       131154.0    0.8441      614.15      263.931      -42.849        9.354     0.79646
 212    326.240      261.150          35.541       53.203       130828.2    0.8633      609.92      268.358      -44.665        9.903     0.79915
 213    329.683      262.725          28.575       57.662       130480.9    0.8738      608.15      270.526      -45.845       10.901     0.79808
 214    325.121      259.326          24.342       59.756       129440.8    0.8726      607.10      267.654      -46.929       11.784     0.79031
 215    314.173      252.081          25.479       61.146       128701.0    0.8537      608.62      260.761      -47.756       12.689     0.77991
 216    302.399      244.857          28.858       59.226       125736.9    0.8351      609.44      253.348      -48.068       13.173     0.75856
 217    262.121      223.549          22.616       44.778       130898.3    0.7887      607.70      227.989      -52.331       11.112     0.77983
 218    258.278      221.709          22.538       41.558       131152.8    0.7852      607.96      225.570      -52.634       10.439     0.78036
 219    245.710      213.915          17.906       40.132       131218.2    0.7834      607.10      217.657      -54.057       10.459     0.77985
 220    235.590      207.170          16.132       41.457       132308.7    0.7780      607.65      211.286      -55.041       11.116     0.78399
 221    231.149      204.171          14.238       42.184       131761.4    0.7785      607.03      208.490      -55.583       11.453     0.78091
 222    225.216      199.983          12.364       43.909       132341.4    0.7773      607.25      204.754      -56.243       12.122     0.78318
 223    221.728      197.500          10.342       44.950       132092.5    0.7787      606.92      202.558      -56.714       12.534     0.78167
 224    218.178      194.944           8.260       46.074       132379.7    0.7800      607.09      200.323      -57.192       12.980     0.78266
 225    214.859      192.608           6.174       46.846       132296.1    0.7818      606.91      198.233      -57.647       13.329     0.78199
 226    212.143      190.747           4.018       47.259       132514.6    0.7839      607.08      196.524      -58.052       13.560     0.78273
 227    209.156      188.794           1.560       47.313       132470.2    0.7867      606.96      194.643      -58.497       13.702     0.78231
 228    206.604      187.259          -0.695       46.825       132658.1    0.7894      607.02      193.036      -58.884       13.676     0.78308
 229    203.330      185.444          -3.019       45.519       132651.9    0.7919      606.86      190.975      -59.331       13.436     0.78294
 230    199.887      183.753          -4.683       43.087       132974.2    0.7930      606.93      188.807      -59.741       12.846     0.78439
 231    194.993      181.287          -6.805       39.475       133238.5    0.7942      606.78      185.726      -60.299       11.882     0.78567
 232    189.954      178.723          -7.979       34.657       133819.8    0.7935      606.83      182.553      -60.802       10.412     0.78849
 233    184.071      175.432         -10.809       29.389       134235.9    0.7960      606.65      178.849      -61.471        8.618     0.79071
 234    177.802      171.553         -12.270       24.780       134839.6    0.7956      606.58      174.902      -62.089        6.865     0.79381
 235    169.040      166.056         -16.633       21.934       135174.1    0.8006      606.31      169.386      -63.050        5.542     0.79575
 236    159.337      159.781         -17.759       19.944       135698.6    0.7993      606.08      163.277      -63.947        4.251     0.79851
 237    143.396      149.905         -25.030       23.314       135763.7    0.8110      605.83      153.241      -65.549        7.024     0.79954
 238    137.298      138.563         -17.170       24.999       135143.3    0.7931      605.09      149.402      -66.040        9.582     0.79595
 239    148.102      148.932           7.486       25.819       134567.6    0.7461      606.25      156.204      -63.917        7.087     0.79104
 240    161.395      158.845           9.101       29.852       133848.0    0.7491      606.52      164.573      -62.192       10.562     0.78810
 241    169.784      164.942           2.981       32.247       133516.1    0.7656      606.48      169.854      -61.464       10.913     0.78702
 242    176.807      169.478          -0.014       33.583       132881.9    0.7759      606.30      174.276      -60.912       11.021     0.78441
 243    181.806      172.741          -1.252       34.551       132542.0    0.7813      606.33      177.424      -60.530       11.063     0.78295
 244    187.063      176.102          -2.388       35.486       131937.5    0.7871      606.14      180.733      -60.138       11.183     0.78024
 245    189.181      177.375          -3.142       36.398       131783.8    0.7900      606.13      182.067      -60.046       11.416     0.77956
 246    192.001      179.015          -4.256       37.412       131393.0    0.7944      606.06      183.842      -59.883       11.716     0.77775
 247    194.152      180.279          -5.507       38.313       131161.8    0.7982      606.07      185.196      -59.833       11.917     0.77668
 248    197.845      182.593          -6.247       39.083       130723.3    0.8020      606.02      187.522      -59.617       11.994     0.77462
 249    200.113      184.031          -6.020       39.698       130503.4    0.8030      606.00      188.949      -59.493       12.060     0.77354
 250    201.474      184.774          -5.839       40.387       130256.0    0.8038      605.89      189.806      -59.399       12.267     0.77236
 251    202.706      185.462          -6.223       40.998       130071.9    0.8056      605.91      190.582      -59.366       12.419     0.77149
 252    206.215      187.704          -5.424       41.499       129590.4    0.8065      605.82      192.791      -59.086       12.400     0.76918
 253    206.416      187.759          -3.794       41.956       129514.7    0.8039      605.70      192.918      -59.028       12.557     0.76879
 254    207.581      188.412          -3.153       42.382       129316.0    0.8040      605.71      193.651      -58.911       12.674     0.76787
 255    211.009      190.633          -1.450       42.716       128857.4    0.8035      605.68      195.810      -58.608       12.603     0.76562
 256    211.794      191.094           1.368       42.966       128608.4    0.7993      605.41      196.304      -58.399       12.663     0.76446
 257    212.673      191.631           2.953       43.130       128540.9    0.7975      605.52      196.857      -58.261       12.694     0.76413
 258    216.381      194.087           6.170       43.162       127949.6    0.7948      605.30      199.191      -57.827       12.542     0.76131
 259    213.097      191.995          10.173       43.048       128190.0    0.7855      605.08      197.124      -57.826       12.662     0.76236
 260    210.958      190.536          10.811       43.256       128329.6    0.7836      605.07      195.777      -57.929       12.839     0.76315
 261    215.742      193.576          12.134       43.716       127562.4    0.7858      604.97      198.789      -57.530       12.751     0.75963
 262    220.087      196.345          16.362       44.009       126796.4    0.7826      604.63      201.525      -56.986       12.666     0.75611
 263    220.721      196.780          21.184       43.956       126638.6    0.7754      604.53      201.924      -56.649       12.651     0.75539
 264    220.732      196.845          25.904       43.751       126370.2    0.7680      604.29      201.931      -56.327       12.611     0.75413
 265    220.431      196.704          30.317       43.552       126224.3    0.7611      604.22      201.741      -56.050       12.581     0.75344
 266    220.926      197.078          35.205       43.354       125820.2    0.7542      603.96      202.053      -55.671       12.522     0.75159
 267    220.614      196.949          40.884       43.066       125549.2    0.7455      603.78      201.857      -55.276       12.473     0.75037
 268    219.999      196.645          46.951       42.678       125189.3    0.7360      603.51      201.470      -54.846       12.404     0.74873
 269    219.140      196.206          53.605       42.180       124852.6    0.7255      603.32      200.929      -54.366       12.313     0.74719
 270    218.413      195.858          60.715       41.633       124382.7    0.7146      603.08      200.471      -53.808       12.201     0.74500
 271    216.976      195.067          68.561       40.990       123904.3    0.7022      602.88      199.566      -53.216       12.101     0.74273
 272    215.238      194.102          76.907       40.219       123359.3    0.6890      602.73      198.472      -52.555       11.970     0.74003
 273    213.655      193.272          85.511       39.214       122670.7    0.6758      602.49      197.475      -51.799       11.760     0.73672
 274    211.354      191.984          95.174       38.092       121862.9    0.6606      602.10      196.027      -50.933       11.554     0.73294
 275    208.421      190.276         105.316       36.942       121103.0    0.6442      601.86      194.180      -49.999       11.364     0.72935
 276    205.818      188.769         115.630       35.760       120162.6    0.6283      601.66      192.541      -48.934       11.138     0.72481
 277    202.081      186.538         126.267       34.481       119134.6    0.6112      601.37      190.188      -47.833       10.896     0.71981
 278    198.129      184.168         136.729       33.185       118153.8    0.5942      601.15      187.700      -46.687       10.633     0.71510
 279    194.758      182.145         147.325       31.950       117076.6    0.5777      600.93      185.578      -45.386       10.365     0.71003
 280    191.572      180.232         157.993       30.742       115849.9    0.5620      600.57      183.572      -43.941       10.073     0.70435
 281    188.030      178.074         168.746       29.610       114535.4    0.5463      600.13      181.342      -42.421        9.823     0.69832
 282    184.752      176.080         179.870       28.508       113182.1    0.5304      599.73      179.278      -40.714        9.568     0.69215
 283    181.863      174.350         190.956       27.388       111756.5    0.5152      599.43      177.460      -38.832        9.277     0.68561
 284    178.438      172.292         202.284       26.278       110243.0    0.4995      599.14      175.303      -36.818        8.987     0.67853
 285    174.486      169.912         213.468       25.047       108566.0    0.4836      598.66      172.814      -34.711        8.662     0.67063
 286    170.651      167.626         224.005       23.640       106979.2    0.4683      598.35      170.400      -32.564        8.282     0.66305
 287    166.208      164.967         234.278       22.038       105448.1    0.4527      598.17      167.603      -30.345        7.843     0.65563
 288    160.680      161.623         244.053       20.242       103996.6    0.4361      598.01      164.122      -28.075        7.325     0.64855
 289    153.838      157.423         252.642       18.227       102583.3    0.4189      597.57      159.815      -25.940        6.714     0.64161
 290    146.324      152.767         260.017       15.749       101312.6    0.4017      597.12      155.084      -23.948        5.879     0.63528
 291    138.273      147.675         266.628       12.982       100237.6    0.3847      596.79      150.015      -22.018        4.877     0.62988
 292    130.655      142.738         272.706       10.257        99382.0    0.3687      596.70      145.219      -20.098        3.784     0.62555
 293    123.145      137.757         278.413        7.684        98622.4    0.3535      596.64      140.491      -18.146        2.660     0.62173
 294    115.719      132.741         283.406        5.215        97952.1    0.3394      596.58      135.815      -16.283        1.476     0.61836
 295    107.736      127.312         287.192        2.946        97207.8    0.3254      596.14      130.789      -14.841        0.321     0.61460
 296     99.887      121.955         289.816        0.987        96743.6    0.3117      595.97      125.848      -13.813       -0.817     0.61205
 297     92.475      116.974         291.167       -0.421        96422.1    0.2993      595.88      121.181      -13.364       -1.780     0.61004
 298     85.886      112.712         291.507       -1.204        96350.3    0.2890      596.01      117.033      -13.554       -2.549     0.60917
 299     79.422      108.748         290.078       -1.444        96159.1    0.2813      595.50      112.963      -14.714       -3.167     0.60790
 300     73.862      105.557         287.743       -1.283        96046.8    0.2770      594.80      109.463      -16.294       -3.478     0.60720
 301     67.954      102.104         286.241       -0.964        95984.2    0.2726      594.05      105.743      -17.507       -3.575     0.60708
 302     64.128      100.010         285.035       -0.810        95968.3    0.2701      593.14      103.334      -18.016       -3.486     0.60761
 303     60.298       97.839         284.316       -0.838        95941.6    0.2668      592.00      100.922      -18.291       -3.486     0.60837
 304     57.017       95.960         284.338       -1.023        96136.2    0.2632      591.23       98.857      -17.807       -3.532     0.61034
 305     53.616       94.085         284.657       -1.046        96238.2    0.2585      590.24       96.716      -17.444       -3.514     0.61198
 306     49.649       91.876         284.689       -1.157        96291.0    0.2536      589.11       94.218      -17.030       -3.635     0.61336
 307     47.311       90.673         285.215       -1.270        96713.1    0.2475      588.56       92.746      -16.669       -3.307     0.61638
 308     44.165       88.750         285.082       -2.270        97226.7    0.2408      587.92       90.766      -16.447       -3.485     0.61978
 309     35.655       83.234         284.362       -3.504        97938.9    0.2325      587.46       85.408      -17.452       -4.417     0.62390
 310     29.795       79.483         280.182       -3.717        98709.1    0.2349      587.32       81.718      -18.966       -5.152     0.62763
 311     23.386       75.944         278.215       -2.161        99325.5    0.2341      586.90       77.683      -20.476       -4.454     0.63118
 312     27.932       79.384         282.517        0.005        99485.9    0.2308      587.07       80.545      -18.105       -2.136     0.63314
 313     32.429       82.468         286.486        1.484        98685.0    0.2277      586.26       83.377      -16.559       -0.526     0.63016
 314     34.809       84.090         288.495        2.269        98774.5    0.2269      586.64       84.875      -15.175        0.469     0.63084
 315     37.083       85.584         289.879        2.817        98320.1    0.2269      586.18       86.307      -14.557        1.243     0.62894
 316     39.222       86.910         290.679        2.739        98446.0    0.2278      586.65       87.653      -13.628        1.509     0.62943
 317     40.237       87.557         291.748        3.114        98061.8    0.2276      586.14       88.292      -13.733        1.889     0.62787
 318     42.058       88.657         291.632        3.480        98153.5    0.2299      585.96       89.439      -13.592        2.438     0.62867
 319     41.961       88.679         292.484        3.860        97663.6    0.2278      585.16       89.378      -14.514        2.649     0.62658
 320     44.824       90.398         291.555        3.397        97885.4    0.2324      585.57       91.181      -14.385        2.791     0.62742
 321     44.286       90.152         292.665        3.570        97416.6    0.2294      585.09       90.841      -15.323        2.841     0.62508
 322     48.851       92.616         290.073        2.946        98391.1    0.2419      586.82       93.716      -15.031        3.071     0.62897
 323     27.292       79.794         315.759        7.463        96756.6    0.1794      583.15       80.143       -9.749        5.320     0.62785
 324     27.192       79.799         314.352        6.694        97015.9    0.1796      583.83       80.079      -10.733        4.778     0.62828
 325     12.155       70.265         322.020        0.273        97400.4    0.1586      586.04       70.612       -5.837       -0.659     0.63022
 326     10.156       68.618         323.357       -1.978        97355.8    0.1570      587.77       69.354       -4.653       -3.268     0.62837
 327      7.344       66.220         324.216       -4.167        97354.3    0.1544      590.62       67.583       -4.294       -6.081     0.62538
 328      6.374       63.847         325.686       -6.816        97368.5    0.1552      593.03       66.972       -2.688       -8.317     0.62337
 329      8.483       64.299         327.617       -8.746        97270.2    0.1603      593.93       68.300        0.794       -9.877     0.62270
 330     14.125       66.271         329.940      -12.744        97525.5    0.1719      597.66       71.852        4.174      -13.574     0.62112
 331     20.160       68.962         332.798      -15.555        97264.9    0.1843      602.97       75.652        5.956      -14.823     0.61498
 332     21.564       69.959         330.442      -15.502        97579.0    0.1869      606.29       76.536        2.719      -15.272     0.61294
 333     21.131       67.057         336.650       -5.723        97542.5    0.1953      613.24       76.263       12.863        2.620     0.60750
 334     37.271       65.444         351.945       12.245        97925.0    0.2325      617.70       86.425       15.980       12.341     0.61088
 335     50.474       64.406         363.901       25.021        97758.5    0.2668      615.56       94.737       17.656       17.004     0.61753
 336     70.113       65.748         381.555       35.123        98271.6    0.3177      619.11      107.102       19.282       17.744     0.62580
 337     89.452       70.672         389.450       41.317        98491.1    0.3512      621.91      119.278       18.775       16.714     0.63021
 338    105.400       74.182         382.691       46.158        98358.5    0.3559      627.84      129.318       16.357       16.175     0.62150
 339    136.242       80.948         376.515       60.320        97704.9    0.3762      641.46      148.736       13.019       15.081     0.60544
 340    172.614       90.171         368.729       78.249        96263.7    0.4129      641.06      171.636        9.457       14.367     0.60431
 341    178.747      101.029         368.624       77.740        95702.9    0.4144      640.42      175.497        9.133       14.386     0.60278
 342    205.558      112.896         377.952       79.688        93652.5    0.4408      678.87      192.378       10.043       13.314     0.56758
 343    278.258      120.205         400.732      128.063        91137.0    0.5324      739.89      238.149       10.215       17.222     0.53097
 344    326.942      129.917         393.869      159.006        88315.3    0.6077      746.13      268.800       11.295       18.952     0.50532
 345    386.361      181.157         349.678      143.972        84556.2    0.7579      705.97      306.210        3.371       13.660     0.49610
 346    419.543      196.428         360.735       99.041        83748.6    0.7749      682.94      327.101        1.826        7.327     0.52967
 347    374.558      184.486         389.577       74.132        85174.8    0.7264      679.15      298.779        5.889        7.148     0.55350
 348    291.730      153.973         400.883       20.904        84280.4    0.6378      645.32      246.631       10.195        3.969     0.56588
 349    246.946      109.772         408.526      -53.345        81896.9    0.5998      624.52      218.435       13.597       -1.723     0.57131
 350    255.974       95.829         401.263      -72.833        82175.2    0.5827      642.61      224.119       12.473       -6.391     0.56835
 351    221.288      110.931         398.861      -14.755        83572.5    0.5170      641.04      202.281       13.531        3.259     0.57805
 352    179.176      126.497         371.246       46.031        85984.3    0.4355      618.48      175.768       10.149       10.888     0.60301
 353    168.971      137.837         355.369       66.708        86626.9    0.4179      604.54      169.343        6.905       19.036     0.61819
 354    188.736      142.654         344.549       77.066        86695.5    0.4346      600.64      181.786        2.185       19.503     0.62282
 355    189.489      143.632         335.316       75.964        87229.2    0.4338      591.53      182.260       -0.527       19.406     0.62111
 356    172.604      142.356         331.516       61.059        87638.7    0.4074      584.70      171.630       -1.422       18.322     0.61692
 357    159.629      144.443         322.246       44.808        88050.1    0.3820      581.55      163.461       -3.977       16.157     0.61288
 358    145.942      143.825         311.952       28.595        89111.9    0.3552      584.91      154.843       -7.282       12.922     0.60695
 359    134.938      139.240         309.834       20.540        89736.0    0.3354      592.73      147.916       -7.860       10.523     0.59745
 360    124.883      134.024         309.106       14.283        89791.7    0.3186      597.59      141.585       -8.057        7.874     0.58942
 361    114.880      128.704         307.094       -0.698        89447.6    0.3032      596.32      135.287       -9.314       -0.860     0.58851
 362    113.541      125.982         303.640      -11.862        89638.2    0.3034      592.69      134.444      -10.371       -7.546     0.59485
 363    120.214      129.183         293.678      -15.869        90196.1    0.3171      590.20      138.646      -15.956       -9.051     0.59908
 364    128.804      136.230         280.152      -11.340        90081.3    0.3405      588.05      144.053      -22.792       -5.995     0.59734
 365    136.189      142.066         270.192       -1.554        89342.4    0.3634      585.57      148.703      -26.277       -1.265     0.59255
 366    142.448      145.359         265.160        6.592        88586.7    0.3789      585.37      152.644      -27.503        2.532     0.58692
 367    148.593      146.416         265.265       13.382        88305.9    0.3845      587.77      156.513      -26.891        5.726     0.58296
 368    154.024      147.973         266.898       17.307        88159.3    0.3886      586.80      159.932      -25.885        7.968     0.58345
 369    163.967      152.351         268.952       19.989        88125.9    0.3969      586.45      166.192      -24.185        9.312     0.58501
 370    172.917      155.204         270.044       22.372        88010.0    0.4061      586.57      171.827      -21.679       10.008     0.58482
 371    174.968      155.438         268.794       24.424        87869.7    0.4117      583.96      173.118      -20.998       10.446     0.58481
 372    179.264      157.952         266.258       26.288        87687.7    0.4213      580.82      175.823      -21.040       10.778     0.58486
 373    183.027      160.409         260.994       26.706        87357.8    0.4326      576.75      178.192      -21.834       10.786     0.58439
 374    182.609      161.265         255.718       25.434        87232.4    0.4385      572.60      177.929      -23.161       10.759     0.58517
 375    181.952      162.175         249.723       22.963        86773.3    0.4441      568.84      177.515      -24.664       10.422     0.58351
 376    181.051      162.700         243.461       19.116        86102.9    0.4493      565.79      176.948      -26.247        9.713     0.57995
 377    181.027      163.944         239.436       14.737        85310.3    0.4542      563.44      176.933      -27.381        8.823     0.57563
 378    183.242      166.271         235.050       10.583        84180.6    0.4618      562.03      178.328      -28.432        7.818     0.56876
 379    184.429      167.242         230.162        7.496        82972.4    0.4693      560.92      179.075      -29.531        6.962     0.56085
 380    184.503      167.406         226.310        5.874        81563.1    0.4753      559.50      179.121      -30.332        6.406     0.55166
 381    184.509      167.430         221.547        5.231        80017.0    0.4819      557.87      179.125      -31.341        6.196     0.54162
 382    183.523      166.537         215.118        4.615        78611.9    0.4893      556.07      178.505      -32.738        5.926     0.53230
 383    182.895      165.940         209.635        3.261        77311.6    0.4960      554.87      178.109      -33.801        5.371     0.52383
 384    183.628      166.197         206.652        1.547        75952.5    0.5028      554.73      178.571      -34.137        4.790     0.51464
 385    186.259      167.704         206.639       -0.882        74649.9    0.5120      554.61      180.227      -33.624        4.032     0.50664
 386    190.162      169.946         207.691       -3.350        73317.5    0.5223      553.59      182.684      -32.821        3.386     0.50006
 387    196.575      173.913         209.838       -7.156        72147.6    0.5374      553.22      186.722      -31.655        2.304     0.49388
 388    202.665      177.631         211.614      -11.116        70821.6    0.5529      551.47      190.556      -30.428        1.001     0.48758
 389    207.383      179.727         207.772      -12.193        69842.9    0.5687      548.65      193.526      -30.907        0.633     0.48367
 390    215.089      184.371         201.791      -14.975        68603.1    0.5892      544.92      198.378      -31.329       -0.650     0.47848
 391    218.378      186.507         197.304      -19.258        67603.8    0.6012      540.41      200.449      -31.530       -1.833     0.47542
 392    218.993      185.523         190.445      -20.324        67486.1    0.6131      536.97      200.836      -32.715       -1.614     0.47658
 393    223.022      186.633         181.975      -21.267        66591.7    0.6323      532.65      203.373      -33.730       -1.782     0.47328
 394    226.045      187.640         173.906      -23.113        65919.3    0.6474      528.93      205.276      -34.481       -2.349     0.47085
 395    227.096      186.984         164.108      -24.672        65660.2    0.6600      525.95      205.938      -35.707       -2.852     0.46991
 396    223.960      185.599         151.452      -23.029        65481.3    0.6682      522.99      203.964      -38.009       -2.992     0.46886
 397    220.890      185.063         136.636      -20.302        65225.1    0.6808      520.01      202.030      -41.519       -2.226     0.46735
 398    221.444      185.093         121.612      -20.401        64636.8    0.7020      516.92      202.379      -44.132       -1.648     0.46409
 399    221.434      183.772         106.699      -20.121        64079.7    0.7220      514.65      202.373      -46.159       -1.529     0.46021
 400    217.926      180.423          92.728      -18.314        63910.8    0.7373      513.20      200.164      -48.283       -1.339     0.45815
 401    212.224      176.562          81.463      -15.128        63754.1    0.7483      511.46      196.574      -50.183       -0.941     0.45676
 402    208.416      174.169          72.772      -10.328        63219.1    0.7592      509.56      194.177      -51.505       -0.020     0.45348
 403    205.571      172.231          66.920       -5.069        62517.7    0.7675      507.35      192.386      -52.353        1.024     0.44971
 404    201.624      169.903          64.363        0.961        61819.7    0.7691      505.44      189.900      -52.991        2.153     0.44572
 405    199.919      168.355          63.351        5.503        61102.2    0.7700      503.76      188.827      -53.303        3.035     0.44173
 406    198.857      167.365          62.000        9.213        60589.3    0.7719      502.54      188.159      -53.598        3.727     0.43894
 407    198.623      167.015          60.231       12.606        60162.2    0.7750      502.00      188.011      -53.846        4.293     0.43618
 408    198.542      166.771          58.422       16.197        59558.6    0.7790      501.20      187.960      -54.140        4.917     0.43247
 409    200.522      167.684          56.757       19.133        59093.8    0.7842      501.08      189.207      -54.201        5.417     0.42933
 410    202.612      168.921          57.250       21.033        58795.3    0.7855      501.51      190.523      -53.981        5.569     0.42705
 411    202.146      168.805          57.166       22.206        58854.3    0.7842      502.62      190.229      -54.148        5.835     0.42642
 412    203.322      169.266          57.452       23.485        58387.8    0.7852      503.00      190.970      -54.025        6.163     0.42316
 413    210.555      175.199          56.338       24.994        58353.8    0.7938      504.98      195.523      -53.740        6.485     0.42176
 414    216.788      178.407          52.093       24.286        57347.3    0.8085      504.36      199.448      -54.003        6.518     0.41542
 415    201.249      169.359          54.468       20.279        57966.5    0.7911      503.10      189.664      -55.471        7.241     0.41977
 416    187.688      162.539          71.380       18.171        59290.9    0.7474      505.48      181.127      -54.825        7.746     0.42729
 417    185.933      165.290          91.065       24.592        61242.9    0.7098      511.53      180.022      -51.316        8.536     0.43784
 418    206.940      180.159          96.509       31.223        62561.4    0.7272      515.98      193.248      -47.595        7.914     0.44630
 419    225.018      193.473          92.647       30.366        60966.4    0.7565      514.61      204.629      -46.052        6.536     0.43812
 420    226.485      195.893          88.794       24.763        61459.3    0.7608      515.82      205.553      -46.283        5.205     0.43990
 421    226.061      198.082          81.876       17.943        60986.3    0.7664      515.85      205.286      -47.961        3.258     0.43523
 422    235.626      204.358          77.760       14.900        61203.4    0.7817      517.42      211.308      -47.199        2.366     0.43599
 423    237.665      207.672          67.559        9.162        60870.1    0.7954      514.95      212.592      -49.808        0.784     0.43399
 424    247.498      212.184          65.826        9.886        62189.1    0.8124      518.51      218.783      -47.760        1.637     0.44200
 425    224.106      201.311          54.081        6.234        62782.2    0.8000      514.01      204.055      -52.896        0.668     0.44456
 426    220.211      199.855          46.935        5.276        61759.8    0.8081      510.92      201.603      -54.352        0.617     0.43867
 427    213.306      196.166          42.620        6.158        61780.2    0.8079      510.33      197.256      -55.462        1.161     0.43807
 428    209.590      194.149          40.359        6.051        61894.1    0.8076      510.25      194.916      -56.013        1.330     0.43827
 429    207.412      193.008          38.889        5.215        61900.4    0.8072      510.70      193.545      -56.338        1.258     0.43751
 430    205.438      191.921          37.841        3.566        61913.8    0.8052      512.58      192.302      -56.605        0.871     0.43561
 431    203.338      190.685          36.211        1.699        61945.2    0.8047      513.60      190.980      -56.922        0.370     0.43459
 432    200.690      189.067          34.513        0.032        62070.0    0.8052      513.27      189.312      -57.294       -0.089     0.43536
 433    198.089      187.470          32.607       -1.458        62079.4    0.8069      512.22      187.675      -57.693       -0.521     0.43598
 434    197.217      186.959          31.517       -1.482        62002.6    0.8089      511.21      187.126      -57.872       -0.532     0.43616
