Span station K = 19

J    %dVm      Vx(m/s)     Vtheta(m/s)   Vr(m/s)      Pstat(Pa)    Mrel      T0(K)      Vm(m/s)     Swirl(deg)  Pitch(deg)  Density
--------------------------------------------------------------------------------------------------------------------------------------------
   1     -1.077       96.975           0.000        0.310       336815.9    0.5943      709.00       96.976      -71.690        0.183     1.66488
   2     -1.612       96.448          -1.470        0.827       336999.0    0.5967      709.04       96.452      -71.869        0.490     1.66560
   3     -2.100       95.964          -2.859        1.277       336998.7    0.5990      709.01       95.973      -72.034        0.761     1.66560
   4     -2.756       95.315          -4.237        1.668       337085.0    0.6013      709.02       95.330      -72.225        0.998     1.66592
   5     -3.491       94.588          -5.701        2.011       337121.3    0.6036      709.01       94.609      -72.431        1.209     1.66604
   6     -4.295       93.793          -7.308        2.296       337220.8    0.6062      709.02       93.822      -72.655        1.387     1.66642
   7     -5.197       92.902          -9.025        2.533       337260.5    0.6090      709.02       92.937      -72.898        1.537     1.66655
   8     -6.281       91.833         -10.774        2.717       337339.1    0.6118      709.03       91.874      -73.170        1.659     1.66684
   9     -7.539       90.594         -12.476        2.860       337369.4    0.6144      709.01       90.641      -73.465        1.758     1.66695
  10     -8.952       89.205         -14.150        2.964       337428.8    0.6170      709.01       89.256      -73.780        1.836     1.66717
  11    -10.417       87.765         -15.833        3.042       337465.1    0.6196      709.01       87.820      -74.100        1.895     1.66730
  12    -11.962       86.247         -17.580        3.087       337505.4    0.6223      709.01       86.305      -74.432        1.934     1.66746
  13    -13.556       84.681         -19.325        3.109       337523.4    0.6251      709.02       84.742      -74.768        1.954     1.66752
  14    -15.287       82.982         -21.006        3.103       337523.7    0.6278      709.02       83.046      -75.119        1.953     1.66753
  15    -17.061       81.242         -22.538        3.081       337505.5    0.6302      709.02       81.307      -75.467        1.934     1.66746
  16    -18.901       79.436         -23.984        3.043       337461.4    0.6325      709.02       79.503      -75.820        1.899     1.66730
  17    -20.685       77.686         -25.368        3.001       337409.3    0.6348      709.02       77.754      -76.157        1.844     1.66711
  18    -22.492       75.914         -26.789        2.948       337330.5    0.6371      709.02       75.983      -76.495        1.769     1.66681
  19    -24.258       74.180         -28.136        2.889       337242.1    0.6395      709.03       74.251      -76.820        1.658     1.66649
  20    -26.065       72.407         -29.405        2.818       337122.1    0.6416      709.03       72.480      -77.147        1.506     1.66604
  21    -27.803       70.700         -30.526        2.743       336985.4    0.6437      709.02       70.775      -77.454        1.269     1.66557
  22    -29.540       68.993         -31.511        2.668       336820.0    0.6454      709.02       69.073      -77.758        0.944     1.66491
  23    -31.179       67.376         -32.631        2.585       336637.4    0.6476      709.00       67.467      -78.042        0.278     1.66430
  24    -32.768       65.791         -33.050        2.543       336434.5    0.6483      709.02       65.909      -78.307       -1.061     1.66340
  25    -34.349       63.914         -35.934        2.400       336192.9    0.6541      709.03       64.359      -78.590       -4.523     1.66284
  26    -34.602       62.060         -26.723        2.322       335854.5    0.6362      708.91       64.111      -78.571       -4.202     1.66024
  27    -33.258       64.247         -14.859        2.610       336203.1    0.6140      709.02       65.428      -78.177       -3.658     1.66136
  28    -29.302       69.091         -14.051        2.958       336231.4    0.6137      709.18       69.306      -77.533        0.204     1.66176
  29    -24.877       73.535         -15.893        3.256       335503.6    0.6188      709.13       73.645      -76.817        1.101     1.65917
  30    -20.683       77.643         -16.088        3.547       334906.5    0.6207      709.14       77.756      -76.134        1.455     1.65703
  31    -17.858       80.407         -15.697        3.770       334320.9    0.6214      709.07       80.525      -75.673        1.683     1.65494
  32    -15.075       83.130         -15.912        3.989       333860.6    0.6232      709.13       83.254      -75.238        1.823     1.65325
  33    -11.992       86.144         -16.137        4.227       332986.5    0.6255      709.02       86.276      -74.793        1.901     1.65004
  34     -8.406       89.651         -16.532        4.481       332292.9    0.6283      709.12       89.791      -74.280        1.962     1.64745
  35     -3.064       94.877         -16.130        4.823       331183.3    0.6306      709.09       95.028      -73.526        1.991     1.64329
  36      0.732       98.591         -14.332        5.087       330489.3    0.6296      709.06       98.749      -72.934        2.045     1.64065
  37      3.352      101.152         -12.734        5.293       330014.7    0.6286      709.07      101.317      -72.506        2.104     1.63890
  38      6.689      104.417         -12.045        5.533       329184.8    0.6299      709.09      104.589      -72.016        2.156     1.63580
  39     11.593      109.215         -10.752        5.847       328027.6    0.6313      709.11      109.396      -71.322        2.190     1.63138
  40     15.818      113.348          -8.038        6.135       327082.4    0.6298      709.07      113.539      -70.646        2.238     1.62773
  41     18.437      115.908          -5.456        6.349       326577.4    0.6276      709.05      116.105      -70.163        2.293     1.62587
  42     22.303      119.691          -3.913        6.607       325604.0    0.6284      709.10      119.896      -69.573        2.344     1.62222
  43     27.559      124.835          -0.672        6.929       324150.9    0.6277      709.10      125.048      -68.754        2.379     1.61649
  44     30.216      127.434           3.420        7.120       323461.3    0.6233      708.96      127.653      -68.151        2.433     1.61386
  45     33.638      130.782           5.726        7.357       322909.7    0.6230      709.11      131.008      -67.572        2.484     1.61206
  46     38.924      135.956           9.456        7.680       320941.7    0.6226      709.02      136.190      -66.701        2.530     1.60418
  47     42.390      139.348          14.545        7.898       319968.2    0.6181      709.07      139.587      -65.910        2.583     1.60021
  48     46.395      143.268          19.180        8.151       318991.9    0.6153      709.17      143.513      -65.073        2.638     1.59657
  49     49.784      146.585          24.729        8.368       317611.2    0.6107      708.99      146.836      -64.212        2.693     1.59114
  50     52.840      149.575          29.940        8.581       316806.1    0.6062      709.12      149.832      -63.379        2.755     1.58807
  51     56.753      153.405          35.763        8.822       315161.3    0.6025      709.08      153.668      -62.401        2.809     1.58150
  52     59.722      156.310          42.337        9.022       313921.3    0.5965      709.05      156.578      -61.395        2.869     1.57663
  53     63.047      159.564          48.733        9.237       312579.1    0.5916      709.12      159.838      -60.350        2.924     1.57137
  54     66.523      162.965          56.280        9.453       310738.5    0.5857      709.04      163.245      -59.127        2.976     1.56407
  55     69.329      165.710          64.309        9.650       309177.2    0.5785      709.06      165.996      -57.869        3.028     1.55788
  56     72.180      168.498          72.675        9.858       307387.2    0.5712      709.05      168.790      -56.499        3.081     1.55078
  57     75.056      171.311          81.970       10.069       305358.8    0.5634      709.09      171.610      -54.970        3.132     1.54263
  58     77.848      174.041          92.197       10.281       302973.3    0.5549      709.11      174.348      -53.245        3.180     1.53301
  59     80.275      176.413         103.232       10.488       300443.2    0.5455      709.14      176.727      -51.362        3.228     1.52279
  60     82.569      178.653         115.221       10.701       297549.4    0.5356      709.14      178.975      -49.244        3.279     1.51116
  61     84.446      180.484         128.199       10.925       294282.5    0.5250      709.05      180.815      -46.900        3.345     1.49811
  62     86.107      182.101         142.030       11.170       290693.1    0.5142      708.98      182.444      -44.297        3.420     1.48378
  63     87.189      183.149         156.730       11.409       286636.9    0.5030      708.92      183.505      -41.438        3.491     1.46724
  64     87.715      183.650         171.948       11.657       282286.6    0.4916      708.87      184.020      -38.327        3.562     1.44941
  65     87.732      183.649         187.525       11.924       277733.5    0.4805      708.91      184.037      -35.000        3.636     1.43060
  66     86.929      182.840         203.612       12.216       272696.8    0.4690      708.86      183.250      -31.388        3.719     1.40953
  67     85.770      181.676         219.434       12.563       267631.4    0.4581      708.89      182.114      -27.627        3.819     1.38826
  68     84.387      180.284         235.050       12.970       262389.8    0.4482      708.92      180.757      -23.715        3.943     1.36621
  69     82.776      178.660         250.890       13.437       256842.6    0.4394      708.97      179.178      -19.576        4.092     1.34275
  70     81.194      177.055         266.828       13.970       250844.9    0.4321      708.95      177.628      -15.230        4.270     1.31732
  71     79.799      175.624         282.779       14.555       244634.0    0.4268      708.98      176.260      -10.750        4.471     1.29094
  72     78.679      174.456         298.833       15.159       238055.6    0.4236      708.99      175.162       -6.127        4.684     1.26293
  73     77.901      173.621         315.048       15.766       231132.1    0.4230      708.98      174.399       -1.386        4.901     1.23342
  74     77.756      173.408         331.481       16.373       223896.0    0.4258      709.02      174.257        3.419        5.107     1.20249
  75     78.063      173.641         348.249       16.958       216193.0    0.4320      709.04      174.558        8.252        5.295     1.16938
  76     78.696      174.203         365.182       17.491       208093.1    0.4414      708.99      175.179       13.029        5.456     1.13426
  77     79.585      175.015         382.599       18.043       199717.1    0.4547      709.09      176.050       17.776        5.617     1.09760
  78     80.664      176.000         400.832       18.715       190959.7    0.4726      709.43      177.108       22.402        5.815     1.05876
  79     81.797      177.036         417.808       19.391       181866.3    0.4920      709.31      178.218       26.323        6.006     1.01770
  80     81.612      176.865         428.602       19.271       174186.8    0.5029      708.65      178.038       28.729        5.908     0.98218
  81     78.497      173.892         431.995       17.505       170023.6    0.5000      708.64      174.983       29.861        5.097     0.96239
  82     74.239      169.609         433.602       14.608       168567.9    0.4927      709.37      170.809       31.082        3.689     0.95577
  83     71.760      166.835         437.148       11.442       166924.8    0.4901      709.68      168.379       32.737        2.255     0.94918
  84     70.973      165.688         442.184        8.601       163955.2    0.4930      709.36      167.608       34.402        1.078     0.93667
  85     70.059      164.573         447.008        6.562       160879.8    0.4973      709.13      166.711       35.698        0.224     0.92315
  86     68.331      162.940         450.743        5.637       158372.6    0.5009      709.16      165.018       36.551       -0.209     0.91176
  87     66.153      161.124         453.552        5.810       156472.0    0.5038      709.38      162.882       37.099       -0.160     0.90293
  88     63.998      159.426         455.743        6.718       154970.9    0.5058      709.59      160.770       37.500        0.301     0.89585
  89     62.648      158.418         457.511        7.826       153815.0    0.5073      709.72      159.446       37.782        0.930     0.89041
  90     61.657      157.580         459.067        8.592       152868.1    0.5076      709.60      158.475       38.103        1.391     0.88605
  91     61.070      156.991         461.225        8.815       151995.4    0.5080      709.61      157.899       38.754        1.511     0.88208
  92     60.576      156.417         463.986        8.568       150688.8    0.5091      709.42      157.415       39.782        1.398     0.87619
  93     60.860      156.589         467.371        8.087       149507.6    0.5125      709.50      157.694       41.026        1.230     0.87101
  94     60.521      156.127         471.244        7.223       147546.8    0.5154      709.20      157.362       42.486        0.886     0.86215
  95     62.577      157.989         479.596        6.032       145842.7    0.5252      709.91      159.377       45.707        0.658     0.85539
  96     62.741      157.802         488.802        4.262       143479.1    0.5349      710.11      159.537       49.511        0.126     0.84559
  97     53.605      148.426         490.978        2.664       143165.7    0.5244      708.79      150.581       51.869       -0.544     0.84441
  98     39.874      134.897         475.211        2.829       146672.9    0.4839      707.59      137.120       49.784       -0.704     0.85582
  99     29.713      125.607         459.761        4.554       152866.8    0.4533      708.90      127.160       44.296        0.300     0.87986
 100     31.832      128.328         460.837        5.862       156069.6    0.4580      710.07      129.237       44.236        1.613     0.89604
 101     35.928      132.510         467.136        5.684       154518.9    0.4692      709.66      133.253       46.581        1.856     0.89158
 102     37.234      133.734         473.981        4.700       153262.9    0.4773      709.87      134.532       49.176        1.515     0.88760
 103     39.067      135.499         480.294        3.410       151466.4    0.4878      709.84      136.330       50.837        1.066     0.88099
 104     39.660      136.054         485.385        1.924       149891.2    0.4954      709.80      136.911       52.164        0.487     0.87476
 105     40.333      136.654         490.397        0.263       148288.1    0.5039      709.83      137.571       53.209       -0.147     0.86836
 106     39.997      136.216         493.683       -1.657       146859.3    0.5083      709.52      137.242       54.101       -0.935     0.86222
 107     39.381      135.421         496.613       -3.650       145847.9    0.5122      709.47      136.638       54.861       -1.811     0.85797
 108     37.847      133.646         496.967       -5.835       145191.2    0.5103      708.81      135.134       55.427       -2.888     0.85484
 109     36.483      132.077         500.299       -7.078       145208.1    0.5142      709.46      133.796       56.284       -3.610     0.85571
 110     35.233      130.369         495.106       -9.353       144953.7    0.5034      707.95      132.571       55.774       -4.745     0.85303
 111     41.072      138.127         526.414        6.805       148811.9    0.5686      709.97      138.295       58.945        2.817     0.89238
 112     43.329      138.107         524.108       25.862       148981.8    0.5667      709.50      140.508       58.283       10.429     0.89291
 113     18.850      114.017         506.863       23.223       153766.8    0.5099      704.91      116.511       61.536       11.905     0.91314
 114     16.056      111.274         508.119       22.665       153827.7    0.5103      705.50      113.771       62.311       12.115     0.91319
 115     13.443      108.706         509.784       22.093       153155.2    0.5123      705.67      111.210       63.094       12.358     0.90994
 116     10.494      105.800         512.463       21.486       152913.6    0.5162      706.52      108.319       64.054       12.691     0.90889
 117      7.594      102.919         515.583       20.874       152029.3    0.5217      707.10      105.476       65.035       13.132     0.90483
 118      4.876      100.190         519.134       20.275       151491.3    0.5285      708.19      102.812       65.979       13.669     0.90242
 119      2.114       97.347         523.044       19.689       150429.1    0.5367      709.10      100.104       66.937       14.473     0.89752
 120     -0.127       94.930         527.197       19.195       149672.7    0.5460      710.41       97.907       67.749       15.492     0.89409
 121     -2.436       92.262         531.629       18.712       148298.2    0.5565      711.44       95.644       68.566       17.064     0.88770
 122     -3.974       90.205         536.501       18.153       147139.5    0.5686      712.85       94.136       69.185       18.743     0.88243
 123     -5.153       87.850         541.813       17.606       145332.3    0.5822      714.03       92.980       69.699       20.915     0.87404
 124     -4.658       86.527         547.421       17.007       143863.8    0.5970      715.64       93.466       69.807       21.794     0.86733
 125     -2.796       84.940         553.154       16.372       141790.6    0.6128      716.98       95.290       69.593       20.897     0.85753
 126      0.448       84.692         559.173       15.820       140134.1    0.6295      718.79       98.471       69.091       18.917     0.84984
 127      4.571       83.869         566.198       15.373       137742.1    0.6491      720.59      102.513       68.433       16.508     0.83854
 128      8.893       84.646         572.969       15.290       135773.9    0.6685      722.54      106.749       67.762       15.287     0.82936
 129     13.440       84.655         579.238       15.344       133023.6    0.6872      724.01      111.207       67.042       14.341     0.81567
 130     17.564       86.770         586.777       15.091       130986.0    0.7089      726.72      115.250       66.418       13.540     0.80567
 131     24.097       88.255         592.022       15.556       128420.0    0.7278      726.47      121.655       65.409       11.475     0.79461
 132     29.818       91.271         584.623       15.394       126098.6    0.7175      721.79      127.262       64.334       11.231     0.78070
 133     56.034      105.105         559.515       18.094       130762.6    0.6787      718.54      152.963       59.208       11.019     0.79869
 134     71.882      115.041         545.476       19.916       131901.6    0.6699      712.25      168.499       55.550       11.646     0.80565
 135     64.541      112.711         532.312       21.527       135151.9    0.6325      710.24      161.303       55.488       12.524     0.82028
 136     65.425      114.687         518.546       23.311       137096.7    0.6077      706.77      162.169       53.861       13.360     0.82885
 137     67.013      119.735         510.111       24.299       137990.7    0.5962      704.93      163.726       52.509       14.125     0.83240
 138     73.005      128.415         506.919       24.767       137316.8    0.6013      703.82      169.599       50.746       14.467     0.82894
 139     81.155      140.841         508.075       24.669       135721.9    0.6180      704.50      177.589       49.200       14.748     0.82056
 140     95.053      157.757         507.609       24.825       133449.8    0.6395      704.58      191.214       46.824       15.060     0.80805
 141     98.390      165.699         502.386       25.515       132869.0    0.6373      702.63      194.485       45.298       15.794     0.80436
 142     95.703      166.400         495.604       26.550       134300.0    0.6210      701.35      191.851       44.182       16.438     0.81136
 143     97.038      171.295         489.323       27.292       134444.0    0.6139      699.43      193.160       42.564       17.061     0.81182
 144    104.592      180.905         484.952       27.802       133948.1    0.6212      698.63      200.564       40.540       17.347     0.80864
 145    117.033      195.530         479.963       28.190       132336.0    0.6374      697.31      212.761       38.080       17.562     0.79932
 146    123.254      203.145         472.773       28.887       131935.0    0.6386      695.26      218.859       36.239       17.652     0.79592
 147    121.593      203.334         466.250       29.528       132961.9    0.6249      693.53      217.231       35.116       17.687     0.80124
 148    123.547      206.315         459.660       30.156       133811.2    0.6179      692.25      219.147       33.702       17.609     0.80511
 149    130.119      213.863         451.457       30.853       133760.6    0.6199      689.87      225.590       31.740       17.433     0.80418
 150    130.336      214.680         441.181       31.726       134773.0    0.6048      687.39      225.802       29.936       17.328     0.80812
 151    127.871      212.933         431.557       32.562       136607.1    0.5849      685.00      223.386       28.207       17.170     0.81721
 152    106.430      192.192         415.091       34.115       141939.0    0.5134      680.37      202.367       26.986       17.337     0.84398
 153     82.734      167.756         392.239       35.898       146462.0    0.4386      674.88      179.138       23.979       18.765     0.86455
 154     83.528      165.902         378.264       36.542       146704.3    0.4268      671.00      179.916       21.179       18.806     0.86505
 155     88.906      175.292         374.975       36.238       147266.7    0.4321      670.52      185.188       20.367       18.401     0.86847
 156     94.414      181.495         371.738       35.833       147809.4    0.4399      669.80      190.587       19.260       17.304     0.87178
 157     96.995      184.373         365.115       35.686       148139.9    0.4395      667.89      193.117       17.161       16.875     0.87363
 158     96.997      184.554         356.894       35.790       148813.4    0.4333      665.98      193.119       14.966       16.742     0.87660
 159     97.902      185.710         348.949       35.860       149254.7    0.4298      664.05      194.007       12.831       16.512     0.87857
 160     98.093      186.062         340.354       35.990       149764.2    0.4252      661.93      194.194       10.491       16.380     0.88080
 161     97.460      185.654         331.497       36.082       150275.3    0.4196      659.73      193.573        8.087       16.229     0.88300
 162     96.790      185.227         322.092       36.055       150807.9    0.4146      657.45      192.916        5.489       16.046     0.88529
 163     95.162      183.872         312.316       35.943       151179.7    0.4086      654.91      191.320        2.743       15.888     0.88674
 164     95.128      184.109         302.831       35.719       151567.1    0.4070      652.72      191.287        0.036       15.605     0.88839
 165     95.440      184.726         292.094       35.373       151479.3    0.4074      649.87      191.593       -3.038       15.274     0.88782
 166     94.551      184.106         281.147       35.169       151629.4    0.4066      647.11      190.721       -6.123       15.068     0.88845
 167     94.027      183.814         269.807       35.238       151555.5    0.4081      644.26      190.207       -9.321       14.877     0.88797
 168     92.784      182.836         257.745       35.092       151382.0    0.4100      641.38      188.989      -12.769       14.666     0.88671
 169     91.350      181.709         245.999       34.826       151220.1    0.4128      638.67      187.584      -16.054       14.411     0.88556
 170     89.951      180.573         234.131       34.645       150844.2    0.4175      635.82      186.212      -19.329       14.183     0.88347
 171     88.370      179.286         222.388       34.212       150396.2    0.4232      632.98      184.662      -22.505       13.907     0.88115
 172     86.867      178.124         210.699       33.494       149763.7    0.4306      630.08      183.189      -25.585       13.547     0.87803
 173     85.729      177.366         198.852       32.535       149028.1    0.4402      627.21      182.073      -28.558       13.085     0.87449
 174     84.593      176.623         186.812       31.349       148067.6    0.4514      624.23      180.959      -31.430       12.556     0.86993
 175     82.677      175.167         174.811       29.634       146946.5    0.4625      621.16      179.082      -34.297       11.902     0.86456
 176     80.353      173.324         163.374       27.515       145895.8    0.4734      618.19      176.803      -37.007       11.104     0.85964
 177     77.959      171.354         152.560       25.427       144796.2    0.4843      615.18      174.456      -39.518       10.303     0.85471
 178     75.513      169.287         142.167       23.261       143557.7    0.4955      612.11      172.059      -41.884        9.441     0.84922
 179     72.448      166.557         132.651       21.056       142267.6    0.5053      609.19      169.053      -44.145        8.513     0.84341
 180     68.797      163.206         124.629       18.979       141000.8    0.5125      606.68      165.474      -46.242        7.584     0.83752
 181     65.036      159.695         118.049       16.922       139703.4    0.5176      604.55      161.788      -48.115        6.587     0.83131
 182     61.332      156.173         112.715       14.911       138384.8    0.5212      602.83      158.157      -49.778        5.501     0.82479
 183     57.931      152.868         108.329       13.039       137034.2    0.5238      601.53      154.823      -51.229        4.333     0.81784
 184     55.356      150.003         104.366       10.099       135609.6    0.5270      600.42      152.298      -52.375        2.252     0.81041
 185     53.707      147.610         100.643        6.615       134227.5    0.5311      599.57      150.682      -53.187       -0.030     0.80306
 186     52.195      145.619          97.225        4.238       132907.8    0.5350      599.00      149.199      -53.999       -1.528     0.79584
 187     50.952      143.916          93.908        2.168       131617.1    0.5392      598.53      147.980      -54.768       -2.773     0.78872
 188     50.287      142.535          90.609       -0.053       130303.1    0.5442      598.05      147.329      -55.366       -4.041     0.78153
 189     50.250      141.684          87.365       -2.166       128970.4    0.5500      597.59      147.293      -55.762       -5.267     0.77428
 190     51.126      141.478          84.083       -4.520       127649.8    0.5569      597.14      148.151      -55.890       -6.508     0.76717
 191     52.725      141.678          81.118       -7.144       126383.9    0.5642      596.72      149.719      -55.796       -7.679     0.76039
 192     54.021      141.640          78.660       -9.498       125235.0    0.5703      596.34      150.990      -55.743       -8.601     0.75424
 193     55.161      141.706          76.416      -11.483       124210.2    0.5758      596.06      152.107      -55.792       -9.251     0.74867
 194     56.121      142.020          74.352      -12.941       123266.8    0.5809      595.83      153.048      -55.906       -9.598     0.74350
 195     57.142      142.703          73.117      -13.860       122510.1    0.5846      595.89      154.049      -55.908       -9.877     0.73918
 196     57.501      142.679          72.611      -14.745       121876.5    0.5861      595.99      154.401      -55.892      -10.217     0.73547
 197     58.162      142.987          72.052      -15.631       121557.6    0.5880      596.37      155.049      -55.778      -10.492     0.73325
 198     58.364      142.733          71.733      -16.552       120970.8    0.5891      596.35      155.247      -55.818      -10.730     0.72989
 199     58.812      143.043          71.341      -16.833       120836.6    0.5904      596.70      155.686      -55.828      -10.200     0.72871
 200     58.152      142.527          71.037      -16.528       120352.9    0.5904      596.44      155.039      -56.195       -9.691     0.72604
 201     59.605      143.705          69.487      -16.574       120663.1    0.5945      596.63      156.463      -55.813      -10.536     0.72753
 202     60.884      142.760          70.820      -18.463       120432.1    0.5932      596.72      157.717      -54.661      -11.276     0.72596
 203     58.107      134.879          77.332      -25.268       121209.0    0.5783      599.03      154.995      -53.567      -13.290     0.72768
 204     58.459      125.450          84.780      -34.321       121505.2    0.5665      601.53      155.340      -51.769      -15.339     0.72678
 205     56.553      122.517          80.689      -36.539       121464.3    0.5702      600.18      153.472      -53.355      -15.721     0.72678
 206     62.969      136.465          62.367      -29.255       121747.1    0.6098      595.86      159.761      -54.899      -11.667     0.73215
 207     72.268      151.997          43.595      -19.246       120070.0    0.6558      589.48      168.877      -55.553       -7.640     0.72987
 208     78.159      162.586          31.355       -9.998       119478.8    0.6864      585.69      174.652      -55.834       -4.415     0.73151
 209     83.607      171.563          25.661       -3.198       118735.0    0.7049      583.63      179.993      -55.412       -2.209     0.73055
 210     86.787      177.905          23.805       -0.223       118358.7    0.7139      583.08      183.111      -54.970       -1.306     0.72981
 211     88.627      182.500          24.499       -0.990       117974.3    0.7165      582.72      184.914      -54.567       -1.178     0.72852
 212     90.474      185.415          26.060       -3.342       117697.1    0.7161      582.30      186.725      -54.050       -0.878     0.72768
 213     93.435      187.624          27.044       -5.756       117633.7    0.7160      582.46      189.628      -53.400       -1.028     0.72732
 214     96.429      188.899          28.586       -8.562       117824.3    0.7140      582.91      192.563      -52.803       -1.914     0.72806
 215     96.737      188.436          33.085      -13.954       117998.7    0.7023      583.62      192.865      -52.452       -3.796     0.72784
 216     95.483      185.173          35.452      -22.552       118379.9    0.6937      584.56      191.635      -52.452       -6.468     0.72862
 217     68.191      162.517          66.302      -27.819       118169.6    0.5930      594.35      164.880      -53.845       -9.577     0.70915
 218     70.346      163.215          65.290      -35.319       117707.6    0.5978      593.80      166.993      -53.618      -11.942     0.70736
 219     63.024      155.728          61.734      -35.702       118563.1    0.5937      593.62      159.815      -55.178      -12.578     0.71124
 220     58.978      151.838          60.437      -34.824       119117.2    0.5905      593.56      155.848      -55.964      -12.582     0.71389
 221     56.797      149.672          59.853      -34.565       119445.9    0.5886      593.57      153.711      -56.374      -12.665     0.71546
 222     56.083      148.833          59.736      -34.868       119861.4    0.5877      593.88      153.010      -56.494      -12.837     0.71746
 223     54.964      147.369          59.926      -35.913       120137.2    0.5860      594.05      151.914      -56.655      -13.321     0.71875
 224     54.339      146.265          60.180      -37.330       120588.5    0.5846      594.47      151.301      -56.728      -13.903     0.72086
 225     52.695      144.016          60.352      -38.893       120889.0    0.5825      594.57      149.690      -56.988      -14.658     0.72230
 226     51.316      141.987          60.449      -40.392       121413.0    0.5806      594.93      148.337      -57.212      -15.381     0.72479
 227     48.856      138.759          60.509      -41.826       121693.0    0.5780      594.92      145.926      -57.634      -16.249     0.72615
 228     46.784      135.857          60.582      -43.155       122176.4    0.5756      595.12      143.895      -57.990      -17.068     0.72851
 229     43.799      131.909          60.880      -44.266       122371.9    0.5723      594.94      140.968      -58.496      -18.009     0.72956
 230     41.430      128.579          61.321      -45.160       122804.7    0.5693      595.03      138.646      -58.882      -18.824     0.73178
 231     38.438      124.377          61.938      -45.992       122930.0    0.5656      594.81      135.713      -59.371      -19.814     0.73254
 232     36.124      120.889          62.362      -46.598       123295.5    0.5630      594.87      133.444      -59.754      -20.650     0.73448
 233     33.400      116.579          62.979      -47.235       123282.6    0.5601      594.63      130.774      -60.188      -21.682     0.73458
 234     31.420      113.136          63.324      -47.530       123494.5    0.5583      594.67      128.833      -60.512      -22.462     0.73574
 235     29.355      108.832          64.531      -47.904       123276.1    0.5552      594.40      126.809      -60.737      -23.364     0.73487
 236     28.295      105.863          64.502      -47.883       123441.5    0.5550      594.18      125.770      -60.929      -23.830     0.73617
 237     26.102      101.990          66.615      -46.204       123067.4    0.5503      593.82      123.620      -61.060      -24.032     0.73480
 238     26.519       97.661          70.002      -44.100       123124.9    0.5443      594.55      124.029      -60.480      -23.072     0.73497
 239     37.167      119.096          65.830      -42.229       121634.6    0.5665      594.42      134.467      -58.143      -20.166     0.72722
 240     44.523      128.858          62.125      -41.062       120507.2    0.5840      593.37      141.679      -57.002      -18.690     0.72245
 241     46.791      132.206          58.143      -40.643       120957.6    0.5935      594.19      143.902      -56.965      -18.111     0.72435
 242     51.067      137.630          53.505      -40.030       120363.9    0.6075      593.61      148.093      -56.857      -17.351     0.72181
 243     52.873      140.328          49.877      -39.645       120630.0    0.6151      593.99      149.864      -56.989      -16.826     0.72303
 244     56.441      144.734          46.134      -39.051       120072.1    0.6262      593.55      153.361      -56.893      -16.136     0.72054
 245     57.362      146.248          42.868      -38.539       120256.0    0.6320      593.69      154.264      -57.123      -15.705     0.72146
 246     59.460      148.985          39.587      -37.905       119963.1    0.6400      593.48      156.322      -57.157      -15.134     0.72016
 247     60.249      150.348          36.428      -37.381       120112.4    0.6455      593.57      157.095      -57.340      -14.634     0.72096
 248     62.015      152.707          33.767      -36.838       119920.9    0.6513      593.43      158.826      -57.336      -13.975     0.72013
 249     62.791      153.912          31.788      -36.317       119975.3    0.6547      593.43      159.587      -57.419      -13.502     0.72049
 250     63.765      155.241          29.768      -35.757       119811.1    0.6590      593.28      160.541      -57.471      -13.080     0.71979
 251     64.336      156.145          27.867      -35.214       119808.9    0.6623      593.25      161.102      -57.555      -12.670     0.71990
 252     65.872      157.993          26.849      -34.630       119610.3    0.6651      593.14      162.607      -57.445      -12.172     0.71904
 253     66.219      158.556          26.344      -34.032       119568.2    0.6660      593.03      162.947      -57.483      -11.887     0.71897
 254     67.033      159.554          25.508      -33.420       119438.4    0.6682      592.97      163.745      -57.455      -11.601     0.71847
 255     68.759      161.440          25.495      -32.754       119194.6    0.6697      592.85      165.438      -57.266      -11.249     0.71746
 256     69.635      162.448          26.052      -32.016       119001.3    0.6697      592.66      166.296      -57.151      -11.001     0.71670
 257     70.791      163.697          25.987      -31.265       118828.7    0.6713      592.60      167.429      -57.038      -10.778     0.71606
 258     73.027      166.007          26.667      -30.444       118422.4    0.6727      592.40      169.621      -56.737      -10.496     0.71432
 259     74.892      167.908          27.716      -29.600       118130.4    0.6732      592.25      171.449      -56.472      -10.288     0.71317
 260     77.354      170.376          29.682      -28.724       117750.3    0.6728      592.12      173.863      -56.073      -10.090     0.71152
 261     77.100      170.142          32.068      -27.779       117582.0    0.6690      591.76      173.614      -55.977       -9.992     0.71091
 262     77.577      170.625          31.825      -26.825       117530.0    0.6710      591.71      174.081      -55.956       -9.869     0.71101
 263     82.365      175.316          33.037      -25.739       116602.7    0.6757      591.43      178.776      -55.340       -9.685     0.70694
 264     85.122      178.009          37.075      -24.538       115938.3    0.6734      590.96      181.478      -54.761       -9.522     0.70409
 265     86.667      179.471          40.109      -23.365       115721.4    0.6714      590.89      182.993      -54.377       -9.424     0.70337
 266     89.245      181.929          43.433      -22.104       115045.7    0.6709      590.46      185.520      -53.849       -9.320     0.70054
 267     91.303      183.853          47.530      -20.786       114546.6    0.6686      590.14      187.537      -53.304       -9.228     0.69858
 268     93.922      186.333          51.871      -19.371       113859.9    0.6672      589.72      190.105      -52.653       -9.095     0.69578
 269     96.732      188.982          57.387      -17.831       113102.4    0.6649      589.32      192.860      -51.865       -8.964     0.69264
 270     98.805      190.901          63.546      -16.193       112330.0    0.6610      588.78      194.892      -51.053       -8.808     0.68945
 271    100.842      192.737          69.721      -14.507       111636.2    0.6574      588.33      196.889      -50.220       -8.670     0.68673
 272    104.031      195.710          77.303      -12.732       110580.7    0.6547      587.88      200.015      -49.103       -8.508     0.68219
 273    106.722      198.210          86.550      -10.857       109364.8    0.6499      587.29      202.653      -47.796       -8.292     0.67682
 274    108.402      199.699          95.870       -8.907       108320.9    0.6439      586.74      204.300      -46.500       -8.043     0.67237
 275    109.734      200.826         105.786       -6.924       107213.3    0.6373      586.17      205.606      -45.103       -7.782     0.66759
 276    110.943      201.845         116.525       -4.939       105987.9    0.6304      585.64      206.791      -43.530       -7.466     0.66214
 277    111.585      202.269         127.686       -2.933       104691.5    0.6229      585.13      207.421      -41.855       -7.124     0.65620
 278    111.347      201.794         138.899       -0.911       103462.6    0.6141      584.65      207.187      -40.137       -6.741     0.65054
 279    110.700      200.913         149.962        1.109       102262.2    0.6051      584.23      206.553      -38.372       -6.314     0.64497
 280    109.570      199.509         161.147        3.117       101005.6    0.5957      583.82      205.445      -36.522       -5.859     0.63900
 281    108.153      197.782         172.270        5.047        99762.2    0.5863      583.46      204.056      -34.600       -5.385     0.63308
 282    106.522      195.822         183.378        6.918        98442.5    0.5769      583.03      202.457      -32.591       -4.878     0.62675
 283    104.814      193.749         194.621        8.709        97073.1    0.5678      582.68      200.783      -30.459       -4.345     0.62007
 284    103.051      191.597         205.872       10.415        95652.5    0.5590      582.37      199.054      -28.233       -3.792     0.61306
 285    101.312      189.453         217.117       12.056        94181.7    0.5506      582.10      197.349      -25.900       -3.197     0.60574
 286     99.606      187.334         228.213       13.501        92678.7    0.5426      581.94      195.677      -23.497       -2.618     0.59816
 287     97.785      185.063         238.980       14.867        91154.7    0.5347      581.76      193.892      -21.075       -2.013     0.59039
 288     96.284      183.106         249.340       16.186        89675.3    0.5276      581.67      192.421      -18.639       -1.401     0.58287
 289     94.850      181.236         259.811       17.327        88114.1    0.5210      581.59      191.015      -16.073       -0.805     0.57485
 290     93.495      179.437         270.812       18.498        86438.5    0.5158      581.58      189.686      -13.305       -0.177     0.56619
 291     92.280      177.787         281.372       19.665        84746.0    0.5117      581.60      188.495      -10.613        0.479     0.55738
 292     90.040      175.171         288.757       20.397        83313.4    0.5042      581.37      186.300       -8.698        1.178     0.54972
 293     85.966      170.746         290.667       20.600        82658.6    0.4904      581.08      182.306       -8.090        2.035     0.54592
 294     80.425      164.806         288.909       20.460        82841.7    0.4725      580.96      176.874       -8.268        3.060     0.54652
 295     75.122      159.149         287.694       20.265        83389.9    0.4544      581.13      171.675       -8.150        4.041     0.54922
 296     71.197      154.922         288.909       20.298        83653.8    0.4384      581.22      167.828       -7.223        4.906     0.55067
 297     68.702      152.212         291.852       20.510        83523.7    0.4263      581.27      165.381       -5.754        5.655     0.55015
 298     66.821      150.209         295.208       20.690        83098.8    0.4171      581.17      163.538       -4.278        6.364     0.54805
 299     65.890      149.199         298.287       20.951        82643.5    0.4113      581.13      162.625       -2.871        7.092     0.54576
 300     65.459      148.745         301.158       21.231        82232.5    0.4072      581.08      162.203       -1.571        7.609     0.54377
 301     65.256      148.566         304.236       21.486        81813.1    0.4038      581.12      162.003       -0.259        8.069     0.54167
 302     65.040      148.386         307.266       21.691        81267.5    0.4009      581.02      161.792        1.004        8.455     0.53891
 303     65.105      148.507         310.063       21.895        80828.7    0.3991      581.08      161.855        2.192        8.814     0.53664
 304     64.770      148.229         312.500       22.026        80293.1    0.3972      580.90      161.527        3.163        9.105     0.53386
 305     64.912      148.524         314.846       22.038        79964.0    0.3967      581.09      161.666        4.153        9.352     0.53210
 306     64.459      148.253         316.483       22.061        79418.0    0.3958      580.83      161.221        4.785        9.604     0.52915
 307     65.548      149.426         320.403       22.355        79244.5    0.3944      581.54      162.290        6.328        9.873     0.52818
 308     66.547      150.212         321.368       22.220        78879.7    0.3932      580.94      163.269        7.044       10.048     0.52655
 309     60.725      144.493         318.585       22.211        79918.2    0.3810      581.03      157.561        5.877        9.949     0.53172
 310     54.962      138.257         311.953       23.371        81000.0    0.3761      581.15      151.912        2.871       10.780     0.53645
 311     51.885      135.041         307.141       23.263        81894.7    0.3771      581.11      148.895        1.145       10.600     0.54082
 312     56.181      140.063         311.781       20.859        82008.4    0.3808      581.21      153.107        3.824        9.078     0.54269
 313     61.066      145.752         318.957       17.888        80874.5    0.3853      579.77      157.896        6.991        7.710     0.53892
 314     62.789      148.120         324.911       15.519        80467.2    0.3854      579.33      159.584        9.318        6.654     0.53827
 315     65.533      151.474         330.252       13.497        79696.1    0.3902      578.72      162.275       11.388        5.919     0.53548
 316     66.920      153.327         335.035       11.611        79122.2    0.3931      578.34      163.634       13.192        5.205     0.53347
 317     68.776      155.665         339.692        9.870        78443.2    0.3982      577.97      165.454       14.863        4.588     0.53083
 318     69.808      157.066         343.624        8.139        77878.4    0.4016      577.60      166.465       16.270        3.947     0.52863
 319     70.738      158.421         347.513        6.578        77354.0    0.4053      577.35      167.377       17.608        3.363     0.52659
 320     70.847      158.783         350.165        4.714        76953.0    0.4068      576.89      167.484       18.584        2.634     0.52511
 321     70.291      158.651         353.016        3.388        76738.3    0.4072      576.76      166.939       19.626        2.052     0.52456
 322     69.531      157.991         353.515        1.272        76345.9    0.4056      576.13      166.194       19.976        1.181     0.52253
 323     44.514      139.598         365.573       24.137        78364.7    0.3559      583.51      141.670       26.457        9.669     0.52853
 324     41.701      138.734         365.028        7.023        78443.5    0.3497      583.34      138.911       26.730        2.894     0.52872
 325     26.775      124.152         368.331        5.319        78996.5    0.3256      584.05      124.280       30.839        2.413     0.53134
 326     24.810      122.222         369.566        5.166        79214.4    0.3238      584.58      122.353       31.690        2.361     0.53251
 327     23.522      120.957         370.888        4.945        79033.1    0.3236      584.62      121.090       32.425        2.262     0.53161
 328     21.781      119.245         372.419        4.713        79164.2    0.3230      585.14      119.384       33.352        2.158     0.53235
 329     20.320      117.809         374.060        4.379        78978.9    0.3234      585.29      117.952       34.266        1.989     0.53145
 330     18.737      116.250         375.800        3.976        79051.6    0.3238      585.84      116.400       35.240        1.772     0.53189
 331     17.181      114.714         377.666        3.496        78892.7    0.3249      586.15      114.874       36.263        1.497     0.53109
 332     15.694      113.238         379.563        2.962        78961.2    0.3263      586.81      113.417       37.256        1.171     0.53150
 333     14.064      111.613         381.556        2.384        78775.8    0.3280      587.16      111.819       38.337        0.797     0.53057
 334     12.589      110.128         383.660        1.758        78763.3    0.3304      587.79      110.373       39.379        0.356     0.53058
 335     10.835      108.353         385.922        1.069        78498.9    0.3333      588.15      108.653       40.568       -0.184     0.52925
 336      9.420      106.888         388.222        0.341        78433.9    0.3370      588.82      107.266       41.617       -0.819     0.52901
 337      7.715      105.102         390.707       -0.481        78145.2    0.3412      589.29      105.595       42.806       -1.657     0.52756
 338      6.487      103.741         393.098       -1.294        78053.9    0.3461      589.99      104.391       43.762       -2.616     0.52722
 339      4.853      101.893         395.762       -2.213        77685.2    0.3517      590.47      102.789       44.916       -3.998     0.52537
 340      3.803      100.469         398.510       -3.187        77475.3    0.3585      591.18      101.760       45.813       -5.881     0.52445
 341      2.592       98.450         401.652       -4.338        76951.4    0.3665      591.67      100.572       46.828       -8.924     0.52185
 342      3.347       97.137         405.377       -5.583        76616.9    0.3772      592.62      101.313       47.016      -11.006     0.52039
 343      5.937       95.345         409.840       -7.077        75956.7    0.3903      593.48      103.851       46.618      -10.865     0.51720
 344      9.611       94.153         407.571       -7.242        75252.6    0.3896      591.99      107.453       45.180       -8.114     0.51336
 345     23.571      110.618         393.520       -4.880        75619.1    0.3774      589.29      121.139       39.523       -3.156     0.51463
 346     30.862      119.750         384.179       -3.229        75250.6    0.3710      585.97      128.286       35.072        0.956     0.51311
 347     33.939      124.916         380.232       -2.558        75362.0    0.3696      585.55      131.303       33.530        1.995     0.51344
 348     37.663      130.443         374.946       -1.707        75231.1    0.3679      584.12      134.953       31.196        2.559     0.51256
 349     36.930      131.987         370.263       -0.952        75463.3    0.3601      582.92      134.235       29.881        3.743     0.51383
 350     39.357      135.620         367.225       -0.574        75314.7    0.3607      582.07      136.614       27.152        4.828     0.51307
 351     42.549      139.119         364.847       -0.324        75082.9    0.3648      581.34      139.743       19.966        3.344     0.51190
 352     47.643      144.150         362.925       -0.163        74734.4    0.3741      580.90      144.737       16.176        2.794     0.51003
 353     53.841      150.285         359.725        0.149        74340.5    0.3837      580.08      150.813       13.776        2.450     0.50789
 354     56.118      152.585         354.485        0.889        74321.7    0.3832      578.54      153.045       11.920        2.348     0.50772
 355     56.977      153.463         350.655        1.461        74512.6    0.3820      577.63      153.887       10.667        2.266     0.50881
 356     60.492      156.921         348.277        1.742        74245.4    0.3886      576.93      157.333        9.284        2.248     0.50740
 357     64.933      161.293         345.065        2.115        73950.2    0.3963      576.10      161.687        7.760        2.278     0.50582
 358     67.747      164.078         340.523        2.709        73786.0    0.3994      574.81      164.445        6.174        2.328     0.50489
 359     68.951      165.278         336.592        3.265        73840.6    0.3998      573.80      165.626        5.007        2.336     0.50523
 360     72.366      168.633         333.759        3.605        73606.5    0.4063      573.09      168.973        3.909        2.317     0.50398
 361     76.606      172.800         329.637        4.082        73273.0    0.4138      571.99      173.130        2.538        2.349     0.50215
 362     77.971      174.149         324.682        4.760        73225.6    0.4145      570.59      174.468        1.193        2.423     0.50188
 363     80.247      176.380         321.222        5.239        73169.6    0.4186      569.81      176.699        0.178        2.455     0.50165
 364     84.678      180.722         316.868        5.740        72744.2    0.4275      568.61      181.043       -1.208        2.499     0.49931
 365     86.862      182.862         311.571        6.418        72582.3    0.4309      567.15      183.184       -2.547        2.578     0.49843
 366     89.425      185.367         306.916        7.018        72451.8    0.4358      566.06      185.696       -3.772        2.630     0.49774
 367     92.317      188.191         301.443        7.687        72152.5    0.4416      564.53      188.531       -5.154        2.712     0.49609
 368     94.507      190.324         296.082        8.381        72016.5    0.4461      563.22      190.678       -6.425        2.794     0.49536
 369     97.241      192.985         290.410        9.108        71750.5    0.4523      561.75      193.358       -7.803        2.889     0.49390
 370     99.448      195.124         284.165        9.932        71515.1    0.4577      560.11      195.522       -9.243        3.012     0.49260
 371    101.682      197.285         278.181       10.703        71293.1    0.4635      558.61      197.712      -10.586        3.113     0.49140
 372    104.343      199.862         271.511       11.459        70963.6    0.4709      556.87      200.321      -12.067        3.211     0.48959
 373    106.724      202.157         264.300       12.267        70632.6    0.4783      555.01      202.655      -13.604        3.325     0.48776
 374    108.788      204.136         256.815       13.108        70312.3    0.4856      553.09      204.679      -15.163        3.444     0.48600
 375    110.820      206.077         248.820       13.974        69959.1    0.4937      551.06      206.670      -16.807        3.573     0.48405
 376    112.992      208.151         240.349       14.851        69534.0    0.5031      548.88      208.800      -18.495        3.707     0.48172
 377    115.238      210.292         231.331       15.749        69045.4    0.5137      546.58      211.002      -20.239        3.848     0.47902
 378    117.286      212.233         221.606       16.686        68487.1    0.5252      544.09      213.009      -22.084        4.009     0.47591
 379    118.971      213.812         211.592       17.633        67909.0    0.5371      541.51      214.660      -23.931        4.184     0.47271
 380    120.557      215.291         201.395       18.570        67288.3    0.5497      538.89      216.216      -25.759        4.358     0.46929
 381    121.864      216.494         190.892       19.481        66601.5    0.5631      536.15      217.497      -27.603        4.537     0.46546
 382    122.785      217.315         180.434       20.372        65898.1    0.5765      533.44      218.400      -29.395        4.725     0.46154
 383    123.294      217.728         170.098       21.260        65203.2    0.5897      530.79      218.899      -31.158        4.927     0.45763
 384    123.353      217.696         160.057       22.125        64498.7    0.6024      528.18      218.956      -32.838        5.141     0.45366
 385    123.066      217.324         150.528       22.946        63830.6    0.6144      525.73      218.676      -34.429        5.360     0.44990
 386    122.475      216.651         141.335       23.734        63163.7    0.6260      523.36      218.096      -35.959        5.584     0.44613
 387    121.538      215.641         132.465       24.448        62513.9    0.6370      521.08      217.177      -37.455        5.805     0.44245
 388    120.234      214.272         124.197       25.093        61892.1    0.6469      518.96      215.899      -38.855        6.030     0.43889
 389    118.358      212.337         116.617       25.721        61323.0    0.6552      517.00      214.060      -40.214        6.275     0.43564
 390    115.892      209.819         109.760       26.335        60846.1    0.6617      515.26      211.642      -41.543        6.560     0.43286
 391    112.810      206.699         103.904       26.871        60425.6    0.6658      513.71      208.621      -42.808        6.864     0.43040
 392    109.496      203.353          98.804       27.295        60157.5    0.6685      512.51      205.372      -44.035        7.159     0.42877
 393    105.889      199.724          95.138       27.623        59907.5    0.6686      511.50      201.836      -45.053        7.454     0.42725
 394    101.257      195.092          91.962       27.890        59805.7    0.6665      510.65      197.296      -46.222        7.774     0.42655
 395     97.497      191.319          88.161       28.137        59686.1    0.6670      509.81      193.610      -47.422        8.085     0.42573
 396     94.695      188.480          85.378       28.396        59393.4    0.6677      508.94      190.862      -48.271        8.400     0.42399
 397     91.053      184.815          83.550       28.622        59329.5    0.6655      508.48      187.293      -49.130        8.749     0.42347
 398     87.344      181.087          82.032       28.803        59296.0    0.6628      508.11      183.656      -49.978        9.096     0.42311
 399     83.859      177.584          80.796       28.956        59262.7    0.6599      507.79      180.240      -50.754        9.435     0.42275
 400     80.490      174.191          79.811       29.111        59252.1    0.6569      507.54      176.938      -51.489        9.788     0.42253
 401     77.351      171.025          79.167       29.242        59268.0    0.6536      507.39      173.860      -52.135       10.132     0.42245
 402     74.229      167.876          78.765       29.377        59320.3    0.6499      507.31      170.800      -52.745       10.479     0.42258
 403     71.229      164.851          78.579       29.476        59394.2    0.6460      507.28      167.859      -53.297       10.815     0.42284
 404     68.221      161.814          78.539       29.577        59482.1    0.6419      507.25      164.910      -53.833       11.144     0.42320
 405     65.653      159.211          78.413       29.683        59586.4    0.6386      507.28      162.393      -54.296       11.452     0.42364
 406     63.197      156.709          78.363       29.824        59649.4    0.6353      507.24      159.984      -54.722       11.754     0.42387
 407     61.005      154.493          78.365       29.892        59771.7    0.6322      507.32      157.836      -55.087       11.992     0.42444
 408     58.907      152.365          78.390       29.970        59862.5    0.6293      507.33      155.779      -55.467       12.243     0.42485
 409     57.440      150.870          78.458       30.009        60013.7    0.6272      507.48      154.341      -55.690       12.430     0.42563
 410     55.184      148.583          79.487       30.021        60020.9    0.6223      507.33      152.130      -55.975       12.687     0.42565
 411     53.924      147.359          79.669       29.999        60319.9    0.6200      507.70      150.894      -56.000       12.606     0.42721
 412     51.773      145.176          79.993       29.976        60341.7    0.6165      507.47      148.785      -56.491       12.851     0.42731
 413     51.682      145.092          79.083       30.137        60753.9    0.6177      507.78      148.697      -56.354       12.653     0.42963
 414     49.067      142.359          79.349       30.332        60861.5    0.6137      507.65      146.133      -56.939       13.037     0.43009
 415     38.724      131.709          85.335       29.874        61328.1    0.5896      508.65      135.994      -58.509       14.584     0.43221
 416     29.995      122.621          97.228       29.903        62144.7    0.5555      511.64      127.436      -58.138       15.988     0.43599
 417     23.907      116.590         105.088       30.389        62948.7    0.5318      513.97      121.468      -57.237       16.588     0.43995
 418     28.228      121.203         101.434       31.401        63358.2    0.5436      513.87      125.704      -56.326       15.321     0.44241
 419     32.011      125.239          95.143       31.247        62926.4    0.5599      511.66      129.412      -56.658       14.276     0.44064
 420     32.862      126.076          89.811       31.390        62985.2    0.5705      510.76      130.247      -57.539       14.072     0.44115
 421     33.828      127.113          84.625       30.991        62626.5    0.5816      509.22      131.194      -58.217       13.766     0.43945
 422     33.841      126.929          79.154       31.607        62508.6    0.5923      507.94      131.207      -59.161       14.049     0.43918
 423     34.855      127.943          74.204       31.355        62280.5    0.6034      506.49      132.201      -59.671       13.875     0.43837
 424     35.865      128.546          72.068       32.524        62101.2    0.6093      505.46      133.190      -59.643       14.148     0.43800
 425     36.510      129.927          71.277       30.821        62091.3    0.6117      505.03      133.823      -59.588       13.177     0.43818
 426     37.062      130.491          69.000       30.970        62124.5    0.6170      504.51      134.364      -59.741       13.194     0.43866
 427     37.942      131.283          66.920       31.438        62057.2    0.6224      503.87      135.226      -59.778       13.289     0.43864
 428     38.531      131.765          65.241       31.949        62021.1    0.6266      503.43      135.804      -59.847       13.429     0.43866
 429     38.978      132.095          63.805       32.495        61976.5    0.6301      503.03      136.242      -59.921       13.589     0.43860
 430     39.172      132.156          62.545       33.058        61973.4    0.6330      502.74      136.433      -60.033       13.790     0.43874
 431     39.139      132.017          61.369       33.503        61988.0    0.6354      502.47      136.401      -60.180       13.958     0.43897
 432     38.965      131.751          60.351       33.876        62006.2    0.6374      502.20      136.230      -60.337       14.116     0.43922
 433     38.747      131.405          59.284       34.352        62051.3    0.6393      502.02      136.016      -60.508       14.323     0.43958
 434     38.336      130.935          58.477       34.590        62115.5    0.6405      501.83      135.613      -60.683       14.453     0.44008
