Span station K = 19

J          %dVm         Vx(m/s)     Vtheta(m/s)    Vr(m/s)       Pstat(Pa)       Tstat(K)   Mrel      Mabs        T0(K)       Vm(m/s)     Swirl(deg)   Pitch(deg)  Density
--------------------------------------------------------------------------------------------------------------------------------------------
   1      3.230       58.234           0.000        0.193       341849.4          707.5    0.5850    0.1119      709.00       58.234      -78.970        0.190     1.68351
   2      1.751       57.400          -0.546        0.198       341868.2          707.5    0.5857    0.1104      708.97       57.400      -79.143        0.192     1.68358
   3      1.402       57.202          -1.154        0.221       341851.3          707.5    0.5868    0.1101      708.96       57.203      -79.199        0.211     1.68352
   4      0.853       56.893          -1.752        0.247       341882.4          707.5    0.5878    0.1096      708.96       56.894      -79.276        0.232     1.68364
   5      0.128       56.483          -2.450        0.271       341901.8          707.5    0.5890    0.1090      708.96       56.484      -79.374        0.251     1.68372
   6     -0.745       55.990          -3.315        0.295       341925.5          707.5    0.5906    0.1084      708.96       55.992      -79.492        0.269     1.68381
   7     -1.633       55.489          -4.331        0.317       341928.3          707.5    0.5924    0.1079      708.96       55.491      -79.615        0.285     1.68382
   8     -2.578       54.956          -5.413        0.337       341931.8          707.6    0.5943    0.1075      708.96       54.958      -79.745        0.298     1.68383
   9     -3.515       54.427          -6.489        0.358       341924.3          707.5    0.5963    0.1073      708.95       54.429      -79.872        0.310     1.68382
  10     -4.613       53.806          -7.557        0.380       341915.8          707.5    0.5982    0.1070      708.96       53.810      -80.015        0.325     1.68379
  11     -5.752       53.163          -8.685        0.404       341912.5          707.5    0.6003    0.1069      708.97       53.167      -80.161        0.341     1.68378
  12     -7.020       52.447          -9.931        0.430       341863.8          707.5    0.6026    0.1069      708.96       52.452      -80.322        0.363     1.68360
  13     -8.190       51.787         -11.276        0.455       341828.3          707.5    0.6051    0.1073      708.97       51.792      -80.474        0.382     1.68347
  14     -9.446       51.077         -12.642        0.477       341750.9          707.4    0.6077    0.1079      708.96       51.083      -80.632        0.400     1.68319
  15    -10.609       50.421         -13.940        0.498       341693.3          707.4    0.6102    0.1087      708.98       50.427      -80.778        0.414     1.68297
  16    -11.876       49.706         -15.216        0.517       341585.4          707.4    0.6126    0.1097      708.97       49.713      -80.932        0.430     1.68257
  17    -13.029       49.054         -16.521        0.534       341499.8          707.3    0.6152    0.1110      708.98       49.062      -81.073        0.439     1.68226
  18    -14.259       48.360         -17.956        0.551       341364.0          707.2    0.6180    0.1126      708.97       48.368      -81.222        0.452     1.68176
  19    -15.389       47.722         -19.392        0.565       341252.4          707.2    0.6208    0.1146      708.98       47.731      -81.358        0.457     1.68135
  20    -16.584       47.047         -20.801        0.579       341096.9          707.1    0.6236    0.1167      708.98       47.057      -81.499        0.473     1.68078
  21    -17.638       46.451         -22.021        0.590       340959.5          707.0    0.6261    0.1188      708.99       46.462      -81.621        0.475     1.68027
  22    -18.748       45.825         -23.258        0.596       340779.1          706.9    0.6286    0.1211      708.99       45.836      -81.748        0.474     1.67958
  23    -19.666       45.306         -24.444        0.599       340618.7          706.8    0.6310    0.1235      708.97       45.318      -81.852        0.429     1.67904
  24    -20.648       44.751         -25.574        0.604       340403.0          706.8    0.6334    0.1260      708.98       44.764      -81.962        0.341     1.67816
  25    -21.530       44.070         -28.018        0.558       340225.9          706.6    0.6383    0.1310      709.01       44.267      -82.065       -0.784     1.67768
  26    -20.336       43.549         -21.188        0.504       339913.2          706.8    0.6252    0.1191      708.93       44.940      -81.932       -1.459     1.67564
  27    -19.354       44.588         -12.590        0.529       340207.3          707.0    0.6089    0.1108      709.05       45.494      -81.754       -1.689     1.67659
  28    -14.709       47.916         -11.507        0.579       340306.1          707.0    0.6075    0.1128      709.15       48.115      -81.316       -0.324     1.67714
  29     -9.447       51.058         -12.797        0.619       339900.9          706.7    0.6108    0.1206      709.10       51.083      -80.819       -0.148     1.67570
  30     -4.326       53.949         -12.962        0.648       339661.1          706.6    0.6120    0.1271      709.12       53.972      -80.334       -0.258     1.67489
  31     -0.770       55.954         -12.620        0.675       339324.1          706.4    0.6121    0.1316      709.06       55.978      -79.997       -0.206     1.67371
  32      2.693       57.906         -12.709        0.704       339117.9          706.3    0.6130    0.1360      709.10       57.931      -79.678       -0.197     1.67298
  33      6.674       60.151         -12.758        0.734       338608.2          706.0    0.6142    0.1407      709.02       60.177      -79.326       -0.225     1.67113
  34     11.214       62.711         -13.004        0.768       338272.3          705.8    0.6158    0.1464      709.08       62.738      -78.929       -0.250     1.66989
  35     18.066       66.577         -12.644        0.795       337657.1          705.5    0.6168    0.1528      709.06       66.604      -78.334       -0.347     1.66760
  36     22.863       69.282         -11.219        0.799       337283.8          705.3    0.6155    0.1565      709.04       69.309      -77.882       -0.397     1.66619
  37     26.295       71.218         -10.023        0.804       337024.4          705.1    0.6143    0.1597      709.05       71.246      -77.549       -0.421     1.66525
  38     30.687       73.695          -9.465        0.819       336560.8          704.9    0.6147    0.1647      709.06       73.723      -77.156       -0.450     1.66353
  39     36.924       77.213          -8.440        0.826       335928.2          704.5    0.6150    0.1707      709.08       77.242      -76.607       -0.506     1.66114
  40     42.375       80.288          -6.428        0.812       335397.1          704.3    0.6132    0.1750      709.05       80.317      -76.079       -0.556     1.65911
  41     45.945       82.302          -4.511        0.795       335080.5          704.1    0.6111    0.1780      709.04       82.331      -75.695       -0.589     1.65795
  42     50.982       85.143          -3.370        0.789       334545.6          703.8    0.6111    0.1836      709.08       85.172      -75.227       -0.623     1.65599
  43     57.773       88.974          -0.868        0.754       333711.9          703.4    0.6094    0.1898      709.08       89.003      -74.571       -0.685     1.65272
  44     61.439       91.042           2.165        0.693       333267.8          703.2    0.6056    0.1927      708.99       91.071      -74.102       -0.733     1.65107
  45     66.208       93.732           3.824        0.668       332968.9          702.9    0.6049    0.1981      709.07       93.762      -73.623       -0.779     1.65020
  46     72.924       97.521           6.693        0.615       331790.2          702.3    0.6033    0.2050      708.97       97.550      -72.932       -0.842     1.64562
  47     77.600      100.159          10.346        0.526       331258.5          702.0    0.5993    0.2096      708.99      100.188      -72.322       -0.896     1.64358
  48     83.263      103.354          13.772        0.443       330584.9          701.7    0.5964    0.2158      709.07      103.383      -71.644       -0.961     1.64100
  49     87.895      105.966          17.944        0.331       329709.2          701.3    0.5918    0.2211      709.08      105.996      -70.970       -1.026     1.63734
  50     92.596      108.618          21.770        0.225       329177.5          701.2    0.5878    0.2269      709.31      108.648      -70.297       -1.088     1.63504
  51     98.091      111.717          26.265        0.097       328044.6          700.7    0.5837    0.2339      709.28      111.747      -69.503       -1.166     1.63053
  52    102.439      114.168          31.133       -0.052       327305.7          700.2    0.5782    0.2400      709.28      114.200      -68.724       -1.236     1.62775
  53    107.748      117.162          36.029       -0.201       326273.6          699.6    0.5736    0.2476      709.24      117.195      -67.859       -1.307     1.62390
  54    112.807      120.015          41.860       -0.376       325085.2          698.9    0.5675    0.2557      709.13      120.049      -66.888       -1.371     1.61946
  55    117.464      122.641          47.941       -0.563       323987.9          698.3    0.5609    0.2638      709.09      122.676      -65.885       -1.436     1.61537
  56    122.393      125.420          54.525       -0.765       322643.5          697.6    0.5540    0.2730      709.04      125.457      -64.765       -1.503     1.61024
  57    127.382      128.233          61.830       -0.982       321147.7          696.8    0.5464    0.2833      709.06      128.271      -63.517       -1.564     1.60438
  58    132.424      131.076          69.916       -1.217       319398.2          695.9    0.5379    0.2947      709.10      131.116      -62.111       -1.623     1.59747
  59    137.201      133.768          78.850       -1.471       317439.9          694.9    0.5286    0.3073      709.13      133.810      -60.549       -1.683     1.58971
  60    141.871      136.400          88.624       -1.736       315230.0          693.8    0.5184    0.3213      709.18      136.445      -58.794       -1.738     1.58094
  61    146.065      138.763          99.292       -2.013       312678.9          692.4    0.5072    0.3366      709.19      138.811      -56.843       -1.796     1.57078
  62    150.030      140.996         110.711       -2.292       309902.3          691.0    0.4956    0.3534      709.24      141.047      -54.672       -1.853     1.55975
  63    153.174      142.765         122.965       -2.568       306697.5          689.3    0.4831    0.3714      709.20      142.821      -52.277       -1.913     1.54697
  64    155.611      144.135         135.752       -2.827       303287.8          687.4    0.4702    0.3904      709.15      144.196      -49.661       -1.966     1.53343
  65    157.322      145.095         149.042       -3.055       299636.7          685.4    0.4570    0.4105      709.15      145.161      -46.824       -2.015     1.51880
  66    157.781      145.348         162.832       -3.240       295531.7          683.2    0.4430    0.4314      709.02      145.420      -43.742       -2.048     1.50222
  67    157.775      145.340         176.488       -3.374       291473.1          681.1    0.4295    0.4526      709.01      145.417      -40.511       -2.066     1.48577
  68    157.369      145.105         190.265       -3.451       287096.8          678.7    0.4165    0.4746      708.96      145.188      -37.074       -2.068     1.46793
  69    156.752      144.751         204.313       -3.468       282425.7          676.2    0.4042    0.4977      708.95      144.839      -33.387       -2.049     1.44877
  70    156.090      144.371         218.592       -3.430       277363.3          673.5    0.3930    0.5219      708.91      144.466      -29.468       -2.007     1.42789
  71    155.517      144.042         233.081       -3.347       272010.3          670.7    0.3831    0.5472      708.90      144.143      -25.339       -1.943     1.40573
  72    155.368      143.950         247.763       -3.234       266309.9          667.6    0.3748    0.5737      708.88      144.058      -21.013       -1.862     1.38206
  73    155.708      144.134         262.638       -3.109       260276.3          664.3    0.3686    0.6014      708.88      144.251      -16.512       -1.770     1.35693
  74    156.771      144.726         277.557       -3.014       254052.3          660.8    0.3647    0.6299      708.96      144.850      -11.930       -1.688     1.33091
  75    157.826      145.314         291.954       -3.045       247659.2          657.3    0.3621    0.6579      708.94      145.445       -7.475       -1.658     1.30403
  76    158.236      145.539         304.490       -3.336       241558.4          654.0    0.3594    0.6823      708.76      145.677       -3.522       -1.741     1.27818
  77    156.979      144.816         314.201       -3.885       236512.6          651.6    0.3545    0.7004      708.54      144.968       -0.298       -1.960     1.25663
  78    154.170      143.211         321.829       -4.449       232755.4          650.1    0.3476    0.7134      708.52      143.383        2.547       -2.212     1.24065
  79    151.083      141.463         329.196       -4.731       229661.7          648.8    0.3409    0.7259      708.70      141.641        5.602       -2.326     1.22775
  80    148.923      140.255         337.353       -4.673       226180.2          647.1    0.3369    0.7406      708.78      140.423        9.034       -2.258     1.21342
  81    147.823      139.645         345.814       -4.464       222111.0          644.8    0.3363    0.7568      708.67      139.802       12.434       -2.129     1.19653
  82    147.086      139.228         353.515       -4.325       218051.3          642.6    0.3375    0.7719      708.52      139.386       15.353       -2.076     1.17946
  83    146.133      138.676         359.861       -4.322       214517.5          640.8    0.3391    0.7843      708.45      138.849       17.664       -2.129     1.16440
  84    144.876      137.946         364.980       -4.379       211573.4          639.4    0.3407    0.7942      708.45      138.140       19.479       -2.232     1.15172
  85    143.494      137.147         369.266       -4.406       209061.9          638.2    0.3422    0.8024      708.49      137.360       20.950       -2.325     1.14082
  86    142.181      136.394         372.928       -4.361       206811.2          637.1    0.3439    0.8094      708.48      136.620       22.169       -2.376     1.13099
  87    140.931      135.679         376.197       -4.251       204796.2          636.1    0.3458    0.8158      708.51      135.915       23.187       -2.392     1.12211
  88    139.840      135.050         379.179       -4.117       202846.4          635.1    0.3478    0.8217      708.50      135.299       24.038       -2.408     1.11343
  89    139.503      134.846         381.675       -3.990       201154.0          634.3    0.3504    0.8270      708.51      135.109       24.725       -2.409     1.10585
  90    139.029      134.565         383.648       -3.895       199883.1          633.6    0.3520    0.8310      708.48      134.841       25.332       -2.377     1.10014
  91    138.427      134.212         385.426       -3.831       199025.3          633.2    0.3526    0.8345      708.58      134.502       25.971       -2.349     1.09621
  92    137.323      133.573         386.972       -3.808       198118.8          632.7    0.3522    0.8373      708.46      133.879       26.662       -2.337     1.09214
  93    136.776      133.256         388.306       -3.780       197708.6          632.6    0.3520    0.8397      708.66      133.571       27.441       -2.277     1.09012
  94    134.759      132.105         389.416       -3.791       197031.8          632.5    0.3492    0.8409      708.62      132.433       28.280       -2.283     1.08674
  95    134.841      132.161         392.423       -3.754       197473.5          632.5    0.3467    0.8464      709.17      132.479       30.356       -2.091     1.08915
  96    131.385      130.180         393.251       -3.906       197833.7          632.6    0.3392    0.8461      708.98      130.529       32.229       -2.173     1.09088
  97    117.967      122.452         386.774       -4.627       199798.8          634.6    0.3216    0.8275      708.15      122.960       30.763       -2.947     1.09810
  98    103.085      113.782         372.340       -5.540       203679.7          638.8    0.3086    0.7929      707.76      114.564       22.983       -4.170     1.11157
  99     94.158      108.637         364.792       -5.870       208021.3          641.9    0.3048    0.7738      708.66      109.529       18.570       -4.604     1.12873
 100    101.281      112.872         370.661       -5.200       208587.5          640.6    0.3084    0.7876      709.11      113.547       22.324       -3.347     1.13370
 101    109.082      117.423         378.742       -4.386       205898.4          637.8    0.3126    0.8065      708.51      117.948       27.082       -2.390     1.12465
 102    112.219      119.245         385.418       -3.823       204703.7          636.3    0.3152    0.8207      708.81      119.717       30.764       -1.987     1.12103
 103    116.305      121.597         390.679       -3.328       203101.6          634.6    0.3213    0.8328      708.77      122.022       33.255       -1.645     1.11541
 104    118.878      123.082         395.006       -2.879       201853.2          633.3    0.3263    0.8426      708.84      123.474       35.095       -1.399     1.11094
 105    121.823      124.774         398.878       -2.428       200452.8          631.9    0.3322    0.8517      708.76      125.136       36.481       -1.150     1.10579
 106    123.625      125.807         401.832       -2.020       199465.0          630.9    0.3365    0.8585      708.72      126.152       37.504       -0.955     1.10219
 107    125.123      126.660         404.214       -1.640       198681.8          630.0    0.3404    0.8641      708.68      126.997       38.219       -0.788     1.09942
 108    125.817      127.054         405.630       -1.298       198268.2          629.4    0.3424    0.8674      708.59      127.388       38.685       -0.654     1.09811
 109    126.117      127.225         407.251       -0.938       198042.1          629.0    0.3444    0.8709      708.71      127.558       39.194       -0.520     1.09760
 110    126.243      127.292         407.202       -0.636       197771.6          628.8    0.3443    0.8709      708.50      127.629       39.216       -0.413     1.09640
 111    124.881      126.779         428.868        4.556       200038.4          621.9    0.3718    0.9169      708.91      126.861       45.605        2.057     1.12084
 112    125.885      126.962         428.344      -10.870       200163.9          621.9    0.3718    0.9162      708.81      127.427       45.362       -4.876     1.12148
 113     95.839      110.158         421.239       -8.348       202598.0          624.0    0.3379    0.8924      706.81      110.477       48.282       -4.298     1.13122
 114     92.998      108.594         421.337       -7.739       202916.4          624.2    0.3362    0.8918      706.98      108.875       48.778       -4.019     1.13255
 115     89.956      106.909         421.617       -7.197       202696.2          624.1    0.3349    0.8919      706.86      107.158       49.360       -3.771     1.13157
 116     86.462      104.962         422.259       -6.752       202869.2          624.2    0.3340    0.8924      707.10      105.188       50.115       -3.585     1.13235
 117     82.496      102.740         423.150       -6.401       202565.8          623.9    0.3334    0.8937      707.12      102.950       51.031       -3.464     1.13104
 118     78.641      100.577         424.316       -6.131       202626.0          623.9    0.3335    0.8954      707.49      100.775       52.002       -3.396     1.13133
 119     74.391       98.185         425.805       -5.949       202298.1          623.7    0.3342    0.8980      707.75       98.378       53.129       -3.411     1.12990
 120     70.619       96.053         427.655       -5.869       202302.8          623.7    0.3361    0.9014      708.38       96.250       54.231       -3.517     1.12996
 121     66.314       93.610         429.840       -5.875       201851.5          623.3    0.3388    0.9056      708.87       93.822       55.487       -3.758     1.12800
 122     62.540       91.457         432.313       -5.917       201648.3          623.1    0.3425    0.9106      709.63       91.693       56.656       -4.068     1.12720
 123     58.132       88.932         434.996       -5.991       200965.0          622.6    0.3468    0.9162      710.19       89.206       57.959       -4.554     1.12425
 124     54.608       86.887         437.822       -6.110       200605.4          622.3    0.3520    0.9222      711.04       87.218       59.064       -5.197     1.12280
 125     50.659       84.561         440.850       -6.273       199800.5          621.7    0.3579    0.9289      711.73       84.990       60.243       -6.270     1.11933
 126     48.036       82.930         444.129       -6.480       199340.6          621.2    0.3649    0.9362      712.74       83.510       61.122       -7.785     1.11749
 127     45.043       80.923         447.593       -6.705       198327.8          620.5    0.3726    0.9442      713.54       81.822       62.050      -10.665     1.11314
 128     44.259       79.679         450.972       -6.859       197625.0          619.8    0.3806    0.9521      714.48       81.380       62.489      -13.608     1.11031
 129     45.664       77.990         455.208       -7.065       196313.0          618.8    0.3905    0.9621      715.49       82.172       62.480      -11.790     1.10461
 130     50.328       77.362         460.687       -7.524       195459.9          618.1    0.4035    0.9746      717.38       84.804       61.851      -10.640     1.10102
 131     54.518       76.745         463.047       -7.336       194047.3          617.0    0.4102    0.9811      717.59       87.167       61.256       -8.585     1.09486
 132     59.430       76.625         458.177       -6.714       192899.2          616.8    0.4024    0.9721      715.60       89.938       60.175       -7.418     1.08864
 133     87.435       90.626         445.764       -4.881       194377.2          618.3    0.3895    0.9507      713.33      105.736       54.803       -0.155     1.09395
 134     98.312       96.867         434.858       -3.150       194555.7          618.0    0.3753    0.9316      709.62      111.872       51.259        2.293     1.09525
 135     97.353       99.537         429.891       -2.553       195521.8          619.0    0.3666    0.9211      708.85      111.331       50.500        3.017     1.09914
 136    102.137      104.248         427.142       -2.085       195135.2          618.7    0.3657    0.9177      708.08      114.030       48.947        3.723     1.09727
 137    105.306      109.114         424.485       -1.628       194939.3          618.5    0.3642    0.9140      707.57      115.818       47.406        4.837     1.09628
 138    112.997      115.603         423.069       -1.267       193793.2          617.5    0.3682    0.9148      706.92      120.157       44.933        5.720     1.09133
 139    122.615      122.902         422.532       -1.059       193022.4          616.8    0.3751    0.9175      707.04      125.582       41.556        6.089     1.08800
 140    137.531      132.187         419.735       -0.547       191886.5          615.8    0.3824    0.9176      706.08      133.997       37.052        5.869     1.08294
 141    142.730      135.675         414.855        0.176       192025.7          616.1    0.3801    0.9090      704.69      136.929       34.191        5.095     1.08337
 142    148.126      138.942         411.924        0.608       192369.0          616.4    0.3814    0.9048      704.29      139.973       32.514        4.525     1.08479
 143    156.688      143.940         410.748        0.828       191527.5          615.7    0.3886    0.9062      703.85      144.804       31.119        3.951     1.08107
 144    167.363      150.040         409.583        1.064       190858.0          615.1    0.3972    0.9088      703.78      150.825       29.723        3.709     1.07806
 145    177.892      156.043         406.051        1.571       190138.8          614.5    0.4022    0.9067      702.72      156.765       28.016        3.647     1.07476
 146    181.027      157.842         400.791        2.226       190469.5          614.9    0.3986    0.8975      701.28      158.534       26.558        3.693     1.07606
 147    185.422      160.361         398.094        2.565       190552.2          615.0    0.4002    0.8943      700.77      161.013       25.572        3.586     1.07643
 148    194.810      165.678         396.002        2.865       189653.6          614.2    0.4073    0.8956      700.19      166.309       24.388        3.602     1.07235
 149    201.533      169.490         391.407        3.423       189337.5          614.0    0.4087    0.8905      698.91      170.102       22.990        3.675     1.07078
 150    204.200      170.998         386.602        3.955       189579.2          614.2    0.4063    0.8828      697.59      171.606       21.758        3.788     1.07187
 151    210.680      174.653         383.324        4.348       189295.6          614.0    0.4101    0.8806      696.96      175.262       20.490        3.858     1.07052
 152    219.021      179.350         377.136        5.039       188791.4          613.7    0.4128    0.8742      695.30      179.967       18.580        4.033     1.06801
 153    211.862      175.311         367.936        5.876       190074.2          615.3    0.3963    0.8514      692.56      175.928       16.920        4.187     1.07318
 154    206.082      172.052         366.066        5.953       191311.1          616.2    0.3892    0.8447      692.33      172.668       16.751        4.223     1.07898
 155    220.681      180.272         366.499        5.943       189497.1          614.5    0.4072    0.8555      692.80      180.903       15.533        4.255     1.07089
 156    237.505      189.743         360.832        6.554       187079.5          612.2    0.4223    0.8582      690.90      190.394       13.162        4.430     1.05992
 157    241.747      192.114         352.045        7.325       187234.0          612.5    0.4209    0.8456      688.68      192.787       10.932        4.613     1.06052
 158    243.541      193.108         344.048        7.936       187537.8          612.8    0.4182    0.8325      686.60      193.799        8.846        4.738     1.06182
 159    247.879      195.546         336.732        8.444       187420.2          612.7    0.4198    0.8232      684.75      196.246        6.867        4.821     1.06130
 160    252.330      198.042         328.385        8.974       186976.2          612.4    0.4219    0.8128      682.50      198.757        4.636        4.934     1.05913
 161    255.106      199.594         319.337        9.494       186907.4          612.4    0.4225    0.7999      680.17      200.323        2.231        5.022     1.05874
 162    257.568      200.979         309.735        9.960       186834.2          612.5    0.4235    0.7859      677.72      201.712       -0.264        5.065     1.05834
 163    258.219      201.344         299.815       10.366       186675.0          612.5    0.4233    0.7703      675.00      202.079       -2.838        5.096     1.05749
 164    261.678      203.300         290.275       10.665       186487.1          612.3    0.4277    0.7579      672.75      204.031       -5.365        5.078     1.05672
 165    266.877      206.241         278.690       10.993       185316.8          611.4    0.4358    0.7452      669.57      206.963       -8.214        5.051     1.05132
 166    269.445      207.713         266.002       11.154       184492.2          610.7    0.4422    0.7291      666.24      208.412      -11.236        4.975     1.04752
 167    270.659      208.420         252.989       11.193       183710.9          610.1    0.4487    0.7117      662.85      209.097      -14.310        4.887     1.04392
 168    270.793      208.504         239.319       11.307       182732.5          609.5    0.4559    0.6929      659.21      209.172      -17.453        4.833     1.03935
 169    270.564      208.399         225.907       11.275       181785.7          608.8    0.4643    0.6747      655.81      209.043      -20.458        4.722     1.03496
 170    269.591      207.885         212.083       11.110       180554.6          608.0    0.4738    0.6560      652.21      208.495      -23.483        4.574     1.02921
 171    267.499      206.747         198.368       10.815       179312.2          607.1    0.4836    0.6369      648.68      207.314      -26.445        4.390     1.02339
 172    265.317      205.565         185.149       10.414       177957.4          606.2    0.4944    0.6188      645.24      206.083      -29.208        4.174     1.01714
 173    264.046      204.895         171.562        9.983       176393.7          605.0    0.5081    0.6022      641.84      205.367      -31.909        3.958     1.00997
 174    262.964      204.334         157.130        9.482       174328.2          603.4    0.5245    0.5860      638.15      204.756      -34.577        3.718     1.00037
 175    259.992      202.705         142.758        8.856       172092.7          601.7    0.5404    0.5689      634.35      203.079      -37.199        3.464     0.98990
 176    256.340      200.689         129.273        8.150       170022.8          600.1    0.5557    0.5520      630.82      201.019      -39.653        3.205     0.98024
 177    253.463      199.110         115.922        7.457       167826.1          598.5    0.5724    0.5365      627.38      199.396      -41.932        2.939     0.97009
 178    251.529      198.058         102.003        6.809       165294.7          596.5    0.5920    0.5227      623.83      198.305      -44.097        2.683     0.95838
 179    249.875      197.160          87.549        6.153       162352.7          594.1    0.6139    0.5104      620.09      197.372      -46.176        2.427     0.94471
 180    248.105      196.191          73.086        5.428       159183.7          591.5    0.6367    0.4991      616.32      196.374      -48.160        2.158     0.92988
 181    246.387      195.249          59.361        4.584       155946.7          588.9    0.6591    0.4890      612.67      195.404      -49.945        1.857     0.91472
 182    244.270      194.075          47.018        3.719       152894.8          586.6    0.6793    0.4793      609.35      194.210      -51.545        1.555     0.90044
 183    241.014      192.252          36.574        2.970       150234.2          584.7    0.6954    0.4689      606.50      192.373      -53.016        1.285     0.88797
 184    236.715      189.841          28.386        2.636       148054.0          583.5    0.7068    0.4576      604.30      189.949      -54.314        1.137     0.87768
 185    231.893      187.131          21.634        2.508       146273.0          582.8    0.7152    0.4462      602.55      187.228      -55.488        1.059     0.86925
 186    227.733      184.791          14.975        2.275       144557.1          581.9    0.7243    0.4362      600.79      184.882      -56.551        0.939     0.86131
 187    224.732      183.098           8.033        1.946       142722.1          580.7    0.7350    0.4286      598.96      183.188      -57.497        0.775     0.85290
 188    222.578      181.880           1.039        1.560       140688.7          579.3    0.7468    0.4232      597.04      181.973      -58.360        0.589     0.84353
 189    221.038      181.010          -5.511        1.329       138583.5          577.7    0.7585    0.4199      595.21      181.105      -59.120        0.477     0.83374
 190    219.984      180.415         -11.249        1.124       136622.5          576.4    0.7691    0.4179      593.68      180.510      -59.749        0.366     0.82452
 191    219.035      179.878         -15.854        0.834       134900.9          575.3    0.7777    0.4170      592.47      179.975      -60.256        0.213     0.81630
 192    217.216      178.854         -19.185        0.554       133474.8          574.4    0.7835    0.4159      591.52      178.949      -60.721        0.081     0.80937
 193    214.932      177.556         -21.844        0.033       132385.2          573.9    0.7875    0.4148      590.86      177.660      -61.177       -0.199     0.80393
 194    213.014      176.451         -24.134       -0.528       131426.2          573.4    0.7911    0.4143      590.38      176.578      -61.570       -0.517     0.79905
 195    211.200      175.421         -25.387       -0.821       130590.4          573.1    0.7928    0.4147      590.14      175.555      -61.880       -0.662     0.79462
 196    208.301      173.783         -25.688       -0.995       129966.2          573.0    0.7920    0.4140      589.98      173.919      -62.191       -0.707     0.79114
 197    206.611      172.827         -26.135       -1.081       129787.1          573.3    0.7918    0.4134      590.17      172.966      -62.354       -0.686     0.78979
 198    203.951      171.328         -26.166       -1.104       129297.0          573.2    0.7904    0.4114      589.90      171.465      -62.610       -0.663     0.78709
 199    202.231      170.359         -25.815       -1.038       129300.0          573.5    0.7885    0.4100      590.14      170.495      -62.684       -0.610     0.78663
 200    198.833      168.440         -24.955       -0.808       129019.4          573.7    0.7846    0.4058      590.03      168.578      -62.920       -0.511     0.78473
 201    198.786      168.414         -26.511       -0.321       129739.0          574.4    0.7868    0.4018      590.33      168.552      -62.944       -0.204     0.78816
 202    193.874      165.614         -24.801        0.359       130042.1          575.1    0.7802    0.3917      590.33      165.781      -63.243        0.473     0.78907
 203    171.535      152.806         -12.783        1.880       131972.3          579.1    0.7434    0.3749      593.14      153.179      -64.210        2.003     0.79517
 204    146.747      138.446           6.581        3.655       135075.6          584.8    0.6915    0.3743      598.78      139.195      -64.901        4.110     0.80538
 205    129.880      128.746          16.388        4.636       137797.8          588.6    0.6622    0.3713      602.42      129.680      -65.846        4.909     0.81558
 206    138.075      133.408           8.621        4.820       138267.2          588.1    0.6801    0.3615      601.22      134.303      -65.233        3.779     0.81880
 207    150.255      140.000          -2.226        5.744       136367.5          585.3    0.7067    0.3516      597.65      141.175      -64.768        3.601     0.81192
 208    157.814      143.677         -10.758        7.854       135671.3          584.0    0.7266    0.3452      595.90      145.439      -64.742        4.229     0.80974
 209    168.078      148.630         -18.203       11.449       134125.7          581.8    0.7464    0.3474      593.80      151.229      -64.368        5.167     0.80368
 210    176.637      152.132         -25.866       16.491       133033.2          580.0    0.7660    0.3512      592.16      156.057      -64.239        6.544     0.79973
 211    186.978      156.143         -33.220       23.093       131780.3          577.7    0.7864    0.3607      590.45      161.891      -63.942        8.188     0.79530
 212    197.089      159.541         -38.525       30.376       130922.9          575.9    0.8028    0.3720      589.32      167.595      -63.534        9.853     0.79261
 213    205.821      162.347         -40.832       36.804       130319.8          574.7    0.8125    0.3818      588.82      172.521      -63.039       11.244     0.79049
 214    209.782      163.740         -40.386       39.947       130048.3          574.8    0.8136    0.3853      589.13      174.755      -62.712       12.077     0.78871
 215    208.198      163.822         -38.076       38.718       129837.5          575.5    0.8076    0.3819      589.55      173.861      -62.661       12.062     0.78650
 216    208.291      164.396         -36.551       37.854       129994.4          576.2    0.8043    0.3813      590.22      173.914      -62.534       11.766     0.78643
 217    199.455      168.875         -54.536        4.288       132175.9          570.7    0.8371    0.3799      584.44      168.929      -64.412        1.454     0.80694
 218    200.053      169.242         -54.503       -2.855       132160.1          570.6    0.8374    0.3806      584.31      169.266      -64.366       -0.966     0.80709
 219    181.780      158.895         -55.318       -4.110       133431.4          571.7    0.8291    0.3601      584.13      158.958      -65.805       -1.513     0.81314
 220    177.758      156.615         -56.279       -4.406       133715.1          571.7    0.8291    0.3563      583.88      156.690      -66.169       -1.652     0.81487
 221    172.358      153.550         -57.242       -4.756       134003.8          571.8    0.8284    0.3511      583.64      153.643      -66.640       -1.833     0.81650
 222    166.897      150.447         -58.241       -5.127       134363.5          572.0    0.8278    0.3459      583.50      150.562      -67.121       -2.039     0.81842
 223    160.841      147.002         -59.205       -5.508       134618.7          572.1    0.8271    0.3402      583.29      147.146      -67.647       -2.274     0.81979
 224    154.917      143.626         -60.178       -5.900       134929.7          572.3    0.8265    0.3348      583.17      143.804      -68.165       -2.534     0.82140
 225    148.631      140.032         -61.208       -6.389       135163.3          572.4    0.8260    0.3292      582.99      140.258      -68.718       -2.872     0.82264
 226    142.661      136.608         -62.457       -6.883       135432.2          572.6    0.8263    0.3245      582.92      136.890      -69.256       -3.243     0.82402
 227    136.541      133.082         -63.928       -7.433       135593.8          572.7    0.8272    0.3202      582.79      133.438      -69.817       -3.696     0.82489
 228    130.749      129.721         -65.555       -8.020       135755.2          572.7    0.8287    0.3168      582.70      130.171      -70.357       -4.218     0.82579
 229    124.853      126.284         -67.136       -8.579       135803.9          572.7    0.8303    0.3136      582.57      126.845      -70.903       -4.810     0.82610
 230    119.362      123.062         -68.821       -9.071       135854.2          572.7    0.8324    0.3114      582.52      123.747      -71.416       -5.436     0.82637
 231    114.037      119.899         -70.801       -9.585       135795.5          572.6    0.8354    0.3103      582.44      120.743      -71.923       -6.190     0.82616
 232    109.197      116.990         -73.303      -10.007       135729.7          572.5    0.8398    0.3111      582.43      118.012      -72.397       -6.993     0.82591
 233    104.667      114.171         -76.370      -10.509       135523.5          572.2    0.8458    0.3140      582.41      115.457      -72.852       -8.068     0.82502
 234    100.652      111.530         -79.569      -10.974       135284.6          571.9    0.8524    0.3182      582.44      113.192      -73.258       -9.383     0.82395
 235     97.268      109.029         -83.306      -11.309       134855.6          571.5    0.8605    0.3247      582.52      111.283      -73.617      -11.087     0.82191
 236     94.855      107.100         -85.842      -10.968       134370.5          571.2    0.8663    0.3298      582.51      109.922      -73.867      -12.204     0.81946
 237     94.291      104.763         -92.877      -10.778       133769.2          569.8    0.8829    0.3457      582.31      109.604      -74.023      -13.390     0.81778
 238     94.946      103.119         -76.637       -9.496       132824.1          570.5    0.8480    0.3134      581.27      109.973      -73.801      -12.001     0.81090
 239    100.035      108.438         -50.803       -8.050       133794.2          572.4    0.7941    0.2880      582.28      112.844      -72.789      -10.515     0.81386
 240    111.062      116.550         -47.689       -7.804       134263.5          572.9    0.7903    0.2965      583.11      119.065      -71.761       -8.108     0.81622
 241    121.651      124.147         -50.708       -7.453       133841.3          572.1    0.7999    0.3119      582.94      125.038      -70.804       -6.025     0.81475
 242    131.787      130.141         -52.198       -7.101       133407.3          571.5    0.8065    0.3273      582.97      130.756      -69.864       -4.719     0.81299
 243    141.578      135.810         -52.729       -6.701       132929.2          570.8    0.8113    0.3395      582.93      136.280      -68.969       -3.806     0.81098
 244    149.911      140.590         -52.598       -6.321       132527.5          570.3    0.8145    0.3487      582.95      140.981      -68.201       -3.238     0.80923
 245    156.211      144.176         -52.199       -6.021       132162.5          569.9    0.8166    0.3552      582.89      144.534      -67.622       -2.918     0.80763
 246    162.359      147.661         -52.398       -5.754       131791.7          569.5    0.8201    0.3624      582.92      148.003      -67.098       -2.674     0.80596
 247    169.539      151.746         -53.263       -5.477       131270.9          568.8    0.8254    0.3708      582.88      152.053      -66.568       -2.380     0.80359
 248    177.215      156.122         -53.502       -5.159       130814.5          568.3    0.8296    0.3787      582.92      156.383      -66.001       -2.057     0.80149
 249    183.410      159.644         -52.670       -4.875       130406.6          567.9    0.8312    0.3838      582.85      159.878      -65.511       -1.834     0.79958
 250    187.729      162.085         -52.065       -4.643       130158.0          567.6    0.8324    0.3876      582.89      162.314      -65.171       -1.709     0.79842
 251    193.428      165.321         -52.042       -4.353       129723.3          567.1    0.8357    0.3938      582.92      165.529      -64.780       -1.520     0.79636
 252    200.317      169.240         -50.872       -4.002       129256.5          566.6    0.8372    0.3999      582.96      169.416      -64.258       -1.283     0.79410
 253    203.926      171.286         -48.590       -3.747       128977.2          566.3    0.8350    0.4015      582.84      171.452      -63.920       -1.169     0.79273
 254    207.920      173.544         -47.507       -3.481       128764.8          566.1    0.8355    0.4056      583.00      173.705      -63.602       -1.062     0.79170
 255    215.111      177.630         -45.461       -3.088       128179.3          565.5    0.8361    0.4120      583.01      177.761      -63.038       -0.849     0.78878
 256    218.393      179.487         -42.110       -2.766       127938.9          565.3    0.8318    0.4130      582.92      179.613      -62.637       -0.735     0.78757
 257    222.238      181.663         -40.132       -2.420       127777.1          565.1    0.8308    0.4166      583.15      181.781      -62.285       -0.609     0.78671
 258    229.350      185.694         -37.364       -1.955       127096.3          564.4    0.8306    0.4233      583.09      185.794      -61.671       -0.417     0.78335
 259    234.959      188.869         -34.054       -1.538       126728.2          564.0    0.8285    0.4280      583.18      188.958      -61.138       -0.268     0.78151
 260    241.184      192.389         -29.133       -1.146       126348.6          563.8    0.8238    0.4321      583.35      192.469      -60.449       -0.124     0.77945
 261    239.195      191.259         -23.137       -0.942       126435.9          564.1    0.8114    0.4264      583.07      191.347      -60.161       -0.083     0.77965
 262    239.580      191.469         -21.927       -0.668       126761.1          564.3    0.8098    0.4274      583.46      191.564      -60.045       -0.025     0.78141
 263    251.757      198.357         -19.253       -0.036       125469.2          562.8    0.8148    0.4422      583.51      198.434      -59.143        0.208     0.77506
 264    259.164      202.544         -11.761        0.575       124443.7          561.7    0.8082    0.4486      583.07      202.612      -58.188        0.380     0.76986
 265    260.084      203.062          -5.625        0.993       124723.9          562.2    0.7982    0.4479      583.51      203.132      -57.675        0.474     0.77111
 266    263.587      205.036           0.476        1.427       124315.1          561.8    0.7911    0.4514      583.49      205.107      -56.998        0.573     0.76902
 267    266.550      206.705           7.427        1.868       123991.6          561.5    0.7824    0.4547      583.57      206.779      -56.273        0.669     0.76732
 268    269.750      208.507          14.644        2.330       123575.3          561.1    0.7736    0.4590      583.60      208.584      -55.469        0.769     0.76521
 269    273.047      210.362          23.056        2.812       123108.0          560.6    0.7635    0.4642      583.70      210.444      -54.531        0.871     0.76279
 270    274.396      211.117          32.176        3.296       122634.2          560.1    0.7509    0.4679      583.61      211.205      -53.594        0.963     0.76036
 271    275.113      211.514          41.172        3.722       122341.7          559.8    0.7383    0.4718      583.68      211.609      -52.674        1.034     0.75894
 272    277.994      213.130          51.384        4.159       121619.3          558.9    0.7265    0.4801      583.69      213.235      -51.462        1.090     0.75540
 273    279.657      214.056          63.296        4.688       120687.6          557.8    0.7121    0.4890      583.49      214.173      -50.064        1.159     0.75079
 274    279.093      213.724          75.014        5.185       119990.3          557.0    0.6961    0.4962      583.43      213.855      -48.710        1.224     0.74737
 275    277.620      212.876          87.007        5.595       119255.7          556.2    0.6793    0.5040      583.34      213.024      -47.295        1.252     0.74376
 276    276.410      212.177          99.446        5.917       118339.5          555.2    0.6627    0.5139      583.26      212.341      -45.686        1.260     0.73923
 277    274.235      210.934         112.006        6.112       117312.4          554.0    0.6457    0.5243      583.13      211.114      -44.000        1.244     0.73409
 278    270.865      209.018         124.585        6.220       116314.9          552.9    0.6276    0.5348      583.02      209.213      -42.251        1.216     0.72909
 279    267.316      207.005         136.784        6.279       115269.1          551.8    0.6100    0.5459      582.92      207.211      -40.433        1.199     0.72387
 280    263.501      204.846         149.068        6.334       114090.4          550.5    0.5926    0.5581      582.75      205.059      -38.498        1.196     0.71801
 281    259.713      202.705         161.427        6.204       112802.7          549.1    0.5757    0.5717      582.62      202.922      -36.419        1.150     0.71157
 282    255.827      200.511         173.753        5.870       111352.0          547.5    0.5594    0.5863      582.45      200.730      -34.211        1.047     0.70426
 283    252.041      198.371         186.288        5.533       109792.5          545.8    0.5437    0.6023      582.37      198.594      -31.830        0.943     0.69633
 284    248.645      196.450         199.124        5.228       108002.6          543.9    0.5289    0.6203      582.27      196.679      -29.226        0.852     0.68718
 285    245.793      194.831         212.133        4.884       106058.6          541.9    0.5156    0.6400      582.25      195.069      -26.415        0.750     0.67718
 286    243.431      193.492         225.172        4.386       103966.4          539.7    0.5040    0.6611      582.32      193.737      -23.442        0.607     0.66632
 287    241.228      192.244         238.215        3.691       101731.6          537.4    0.4936    0.6831      582.42      192.494      -20.343        0.412     0.65463
 288    239.703      191.378         250.763        2.755        99486.1          535.1    0.4852    0.7053      582.64      191.634      -17.222        0.152     0.64282
 289    237.096      189.888         261.781        1.558        97271.9          533.1    0.4765    0.7243      582.73      190.163      -14.437       -0.205     0.63098
 290    231.764      186.817         269.578        0.059        95451.1          531.9    0.4655    0.7352      582.69      187.155      -12.526       -0.737     0.62098
 291    223.892      182.266         273.950       -1.475        94325.7          531.9    0.4523    0.7373      582.82      182.715      -11.556       -1.397     0.61445
 292    214.919      177.106         277.117       -2.513        93647.1          532.5    0.4383    0.7364      583.20      177.652      -10.885       -1.968     0.61027
 293    207.215      172.714         280.853       -3.061        93014.7          533.0    0.4258    0.7377      583.72      173.307       -9.899       -2.331     0.60642
 294    201.178      169.284         285.013       -3.432        92161.2          533.0    0.4162    0.7415      584.15      169.901       -8.685       -2.598     0.60146
 295    195.876      166.245         288.841       -3.817        91285.3          533.0    0.4090    0.7454      584.58      166.910       -7.628       -2.916     0.59631
 296    191.020      163.410         291.778       -4.356        90458.8          533.0    0.4040    0.7481      584.97      164.171       -6.896       -3.373     0.59135
 297    186.714      160.854         293.825       -4.953        89728.0          533.0    0.4010    0.7495      585.31      161.742       -6.463       -3.899     0.58690
 298    182.795      158.525         295.478       -5.397        89043.3          533.0    0.3993    0.7506      585.60      159.531       -6.220       -4.389     0.58270
 299    180.604      157.210         296.839       -5.655        88435.9          532.9    0.3998    0.7523      585.89      158.295       -5.998       -4.706     0.57895
 300    179.123      156.361         298.110       -5.770        87986.3          532.8    0.3997    0.7541      586.12      157.459       -5.703       -4.761     0.57614
 301    177.477      155.441         299.541       -5.785        87701.0          532.9    0.3983    0.7560      586.47      156.531       -5.365       -4.743     0.57419
 302    175.568      154.371         300.732       -5.812        87392.0          532.9    0.3960    0.7571      586.67      155.454       -5.057       -4.718     0.57212
 303    173.759      153.348         301.422       -5.883        87332.2          533.3    0.3931    0.7571      587.04      154.433       -4.810       -4.691     0.57129
 304    170.422      151.442         301.289       -6.017        87289.6          533.7    0.3882    0.7545      587.10      152.551       -4.822       -4.740     0.57057
 305    167.568      149.816         300.581       -6.155        87678.4          534.7    0.3829    0.7505      587.56      150.941       -4.812       -4.687     0.57205
 306    162.180      146.729         298.986       -6.348        87957.4          535.7    0.3743    0.7432      587.48      147.902       -5.249       -4.796     0.57299
 307    159.046      144.889         299.171       -6.631        88855.1          536.9    0.3646    0.7403      588.11      146.134       -4.797       -4.754     0.57755
 308    151.512      140.272         296.604       -7.721        89465.7          538.5    0.3511    0.7295      588.14      141.884       -5.800       -5.545     0.57992
 309    134.051      129.426         289.713       -9.581        90505.9          541.7    0.3373    0.7050      588.66      132.034       -9.564       -7.730     0.58323
 310    124.119      122.704         280.468      -11.233        91461.4          544.4    0.3405    0.6804      589.24      126.431      -13.052       -9.543     0.58618
 311    117.062      118.218         274.364      -12.171        92104.8          546.2    0.3426    0.6638      589.63      122.449      -15.260      -10.530     0.58815
 312    120.169      120.573         276.601      -12.354        92286.4          546.4    0.3391    0.6693      590.14      124.202      -14.040       -9.558     0.58900
 313    124.350      123.307         280.441      -12.547        91739.9          545.5    0.3339    0.6788      589.82      126.561      -12.417       -8.738     0.58661
 314    125.970      124.297         283.975      -12.879        91680.4          545.3    0.3277    0.6862      590.23      127.474      -11.159       -8.490     0.58635
 315    129.290      126.230         287.472      -13.388        91270.6          544.7    0.3237    0.6947      590.23      129.348       -9.491       -8.216     0.58449
 316    131.175      127.278         291.011      -13.890        91108.9          544.3    0.3192    0.7025      590.56      130.411       -7.914       -8.148     0.58381
 317    134.336      129.033         294.534      -14.506        90751.0          543.6    0.3169    0.7111      590.66      132.194       -6.052       -8.053     0.58228
 318    136.927      130.403         297.944      -15.224        90533.0          543.1    0.3151    0.7192      590.95      133.656       -4.263       -8.092     0.58140
 319    140.104      132.147         301.303      -15.803        90180.9          542.4    0.3151    0.7276      591.04      135.448       -2.431       -8.042     0.57996
 320    142.852      133.671         304.605      -16.276        89965.3          541.8    0.3153    0.7358      591.30      136.998       -0.683       -7.996     0.57921
 321    145.806      135.331         307.542      -16.535        89661.2          541.1    0.3168    0.7434      591.45      138.665        0.862       -7.866     0.57797
 322    149.304      137.195         310.687      -17.358        89377.7          540.3    0.3196    0.7518      591.57      140.638        2.467       -7.951     0.57701
 323    172.690      153.814         337.984        2.293        89963.8          528.1    0.3526    0.8262      588.10      153.831       13.936        0.854     0.59359
 324    172.005      153.136         337.960       -9.716        90033.5          528.2    0.3518    0.8257      588.11      153.444       13.961       -3.623     0.59397
 325    153.097      142.564         342.333       -7.758        90578.4          529.1    0.3319    0.8251      589.06      142.778       16.770       -3.100     0.59652
 326    149.788      140.747         343.249       -6.677        90794.1          529.4    0.3287    0.8253      589.51      140.911       17.366       -2.689     0.59752
 327    146.952      139.180         344.314       -5.859        90651.8          529.3    0.3265    0.8265      589.53      139.311       17.996       -2.373     0.59674
 328    143.566      137.292         345.535       -5.187        90811.0          529.5    0.3237    0.8275      589.96      137.401       18.753       -2.120     0.59752
 329    140.083      135.340         346.863       -4.711        90699.0          529.4    0.3212    0.8291      590.06      135.436       19.586       -1.948     0.59693
 330    136.785      133.485         348.292       -4.366        90826.4          529.5    0.3191    0.8308      590.52      133.575       20.463       -1.830     0.59757
 331    133.093      131.403         349.832       -4.098        90749.7          529.5    0.3170    0.8329      590.75      131.493       21.457       -1.750     0.59716
 332    129.862      129.574         351.410       -3.940        90884.8          529.6    0.3155    0.8351      591.29      129.670       22.433       -1.716     0.59785
 333    125.923      127.340         353.077       -3.871        90792.1          529.5    0.3138    0.8375      591.57      127.448       23.569       -1.737     0.59736
 334    122.497      125.387         354.831       -3.900        90867.7          529.6    0.3129    0.8403      592.13      125.516       24.694       -1.808     0.59775
 335    118.290      122.985         356.749       -4.004        90709.9          529.4    0.3119    0.8436      592.44      123.142       26.046       -1.943     0.59692
 336    114.865      121.017         358.734       -4.198        90746.8          529.4    0.3122    0.8471      593.06      121.210       27.321       -2.133     0.59713
 337    110.680      118.608         360.904       -4.433        90571.5          529.2    0.3126    0.8513      593.49      118.849       28.832       -2.393     0.59623
 338    107.353      116.670         363.020       -4.749        90591.7          529.1    0.3142    0.8555      594.17      116.972       30.167       -2.730     0.59639
 339    103.045      114.154         365.379       -5.133        90352.6          528.8    0.3161    0.8605      594.65      114.542       31.805       -3.230     0.59518
 340     99.564      112.071         367.774       -5.579        90273.5          528.6    0.3194    0.8658      595.36      112.579       33.252       -3.915     0.59485
 341     95.081      109.347         370.492       -6.112        89903.7          528.1    0.3235    0.8721      595.91      110.049       35.042       -5.091     0.59297
 342     91.981      107.186         373.428       -6.769        89722.5          527.6    0.3300    0.8792      596.76      108.301       36.397       -7.183     0.59219
 343     90.080      104.553         377.788       -7.586        89230.5          526.8    0.3402    0.8902      597.78      107.228       37.665      -10.294     0.58984
 344     93.902      102.348         377.875       -7.532        88761.2          526.3    0.3432    0.8920      597.70      109.384       36.692       -7.207     0.58726
 345    117.840      119.562         368.314       -6.645        88557.7          526.5    0.3432    0.8778      595.96      122.888       30.156       -2.487     0.58554
 346    130.593      129.116         361.347       -5.901        87878.6          525.0    0.3432    0.8687      593.31      130.083       21.478        2.251     0.58255
 347    139.768      134.530         357.931       -5.588        87819.3          524.9    0.3489    0.8644      592.69      135.258       15.551        0.978     0.58227
 348    149.318      140.008         354.141       -5.237        87464.2          524.4    0.3551    0.8605      591.48      140.646       12.977        0.737     0.58042
 349    152.137      141.647         351.279       -4.846        87568.1          524.6    0.3559    0.8551      590.85      142.236       12.096        0.508     0.58092
 350    158.241      145.104         349.670       -4.687        87249.7          524.1    0.3623    0.8550      590.34      145.679       11.014        0.506     0.57930
 351    163.619      148.138         348.352       -4.535        86969.2          523.6    0.3686    0.8552      589.99      148.714       10.000        0.548     0.57787
 352    172.065      152.905         347.077       -4.443        86494.3          522.9    0.3784    0.8576      589.67      153.478        8.787        0.658     0.57541
 353    181.617      158.321         344.430       -4.219        86075.3          522.2    0.3873    0.8577      589.06      158.866        7.404        0.809     0.57319
 354    186.072      160.874         340.294       -3.720        85913.6          522.1    0.3888    0.8518      587.78      161.380        6.310        0.912     0.57231
 355    187.803      161.869         337.618       -3.317        86024.8          522.3    0.3891    0.8471      587.22      162.356        5.640        0.978     0.57292
 356    193.887      165.303         335.992       -3.116        85608.8          521.6    0.3963    0.8481      586.68      165.788        4.818        1.079     0.57078
 357    200.862      169.249         333.462       -2.822        85258.7          521.0    0.4036    0.8478      586.07      169.723        3.806        1.208     0.56894
 358    205.849      172.079         329.766       -2.376        84973.2          520.6    0.4075    0.8440      584.98      172.536        2.677        1.359     0.56740
 359    208.089      173.353         326.656       -1.926        84970.8          520.6    0.4089    0.8392      584.23      173.800        1.829        1.468     0.56742
 360    214.169      176.787         324.477       -1.648        84597.5          520.0    0.4161    0.8397      583.66      177.230        1.023        1.574     0.56548
 361    221.177      180.749         320.851       -1.249        84174.3          519.3    0.4235    0.8382      582.71      181.183       -0.134        1.725     0.56320
 362    223.958      182.329         316.591       -0.706        84015.3          519.1    0.4253    0.8320      581.45      182.752       -1.190        1.848     0.56237
 363    227.961      184.590         313.708       -0.294        83879.7          518.9    0.4299    0.8297      580.83      185.010       -2.012        1.962     0.56171
 364    235.416      188.798         309.844        0.116        83314.0          517.9    0.4389    0.8289      579.73      189.215       -3.174        2.104     0.55869
 365    239.312      191.003         305.139        0.661        83083.2          517.6    0.4429    0.8234      578.46      191.414       -4.332        2.233     0.55746
 366    244.046      193.677         300.939        1.142        82824.8          517.2    0.4485    0.8197      577.44      194.084       -5.374        2.345     0.55611
 367    248.832      196.380         296.030        1.664        82435.0          516.6    0.4544    0.8152      576.03      196.784       -6.564        2.469     0.55402
 368    253.057      198.767         291.113        2.200        82171.9          516.2    0.4598    0.8101      574.79      199.167       -7.708        2.579     0.55265
 369    257.949      201.527         285.761        2.760        81781.2          515.5    0.4665    0.8053      573.36      201.927       -8.941        2.698     0.55055
 370    261.778      203.690         279.972        3.379        81452.8          515.1    0.4721    0.7988      571.81      204.087      -10.206        2.814     0.54880
 371    265.700      205.902         274.203        3.964        81125.0          514.6    0.4783    0.7926      570.32      206.299      -11.473        2.922     0.54705
 372    270.004      208.331         267.812        4.522        80688.6          513.9    0.4855    0.7861      568.59      208.727      -12.805        3.008     0.54471
 373    273.720      210.426         261.040        5.087        80281.5          513.3    0.4925    0.7787      566.80      210.824      -14.203        3.098     0.54253
 374    277.317      212.453         253.768        5.664        79831.6          512.6    0.5001    0.7706      564.85      212.853      -15.670        3.181     0.54011
 375    280.673      214.343         245.993        6.236        79363.9          511.9    0.5081    0.7617      562.80      214.746      -17.206        3.259     0.53759
 376    284.039      216.238         237.668        6.802        78836.6          511.1    0.5172    0.7524      560.60      216.645      -18.817        3.330     0.53475
 377    287.276      218.061         228.820        7.346        78247.0          510.2    0.5270    0.7426      558.24      218.471      -20.471        3.389     0.53158
 378    290.294      219.760         219.425        7.863        77588.5          509.2    0.5378    0.7324      555.73      220.174      -22.190        3.441     0.52802
 379    292.917      221.235         209.506        8.358        76872.5          508.1    0.5494    0.7215      553.07      221.653      -23.971        3.486     0.52412
 380    295.351      222.608         199.286        8.795        76108.3          506.9    0.5618    0.7105      550.36      223.026      -25.749        3.508     0.51997
 381    297.161      223.630         188.769        9.178        75295.7          505.7    0.5747    0.6990      547.54      224.047      -27.555        3.517     0.51553
 382    298.518      224.397         178.290        9.511        74461.7          504.4    0.5879    0.6875      544.73      224.813      -29.299        3.511     0.51098
 383    299.522      224.967         167.854        9.778        73611.6          503.1    0.6014    0.6761      541.98      225.379      -31.001        3.495     0.50632
 384    299.886      225.177         157.411        9.981        72712.6          501.8    0.6150    0.6645      539.16      225.584      -32.685        3.465     0.50136
 385    300.040      225.271         147.425       10.122        71839.3          500.5    0.6285    0.6534      536.51      225.671      -34.239        3.419     0.49655
 386    300.093      225.309         137.629       10.210        70943.7          499.2    0.6422    0.6429      533.92      225.701      -35.718        3.366     0.49161
 387    299.906      225.212         127.620       10.254        69998.8          497.8    0.6567    0.6325      531.27      225.596      -37.224        3.307     0.48638
 388    299.896      225.218         117.734       10.233        68998.0          496.3    0.6719    0.6230      528.64      225.590      -38.615        3.226     0.48084
 389    299.348      224.919         107.986       10.161        67968.4          494.7    0.6868    0.6137      526.02      225.281      -39.994        3.147     0.47512
 390    298.443      224.415          98.430       10.079        66954.0          493.2    0.7017    0.6044      523.50      224.770      -41.332        3.072     0.46942
 391    296.563      223.363          89.719        9.941        65947.3          491.9    0.7146    0.5950      521.11      223.710      -42.579        2.988     0.46377
 392    293.721      221.770          81.841        9.742        65135.2          490.9    0.7253    0.5849      519.10      222.107      -43.811        2.888     0.45914
 393    289.461      219.381          75.717        9.441        64392.2          490.2    0.7319    0.5747      517.33      219.703      -44.864        2.761     0.45491
 394    282.673      215.564          70.613        9.098        63922.6          489.9    0.7344    0.5625      515.91      215.874      -46.062        2.650     0.45219
 395    276.784      212.250          65.237        8.798        63531.1          489.7    0.7382    0.5496      514.61      212.552      -47.290        2.535     0.44992
 396    272.362      209.766          60.864        8.478        63014.4          489.4    0.7421    0.5395      513.34      210.058      -48.185        2.386     0.44704
 397    266.683      206.573          57.307        8.128        62712.7          489.3    0.7435    0.5295      512.37      206.854      -49.087        2.253     0.44531
 398    261.158      203.464          53.770        7.847        62432.5          489.2    0.7451    0.5198      511.47      203.737      -50.009        2.145     0.44367
 399    256.199      200.675          50.697        7.583        62138.7          489.1    0.7466    0.5115      510.66      200.940      -50.818        2.039     0.44196
 400    251.280      197.907          48.058        7.339        61901.9          489.0    0.7474    0.5037      509.95      198.165      -51.588        1.941     0.44056
 401    246.859      195.420          45.921        7.107        61676.2          488.9    0.7477    0.4971      509.32      195.671      -52.256        1.844     0.43922
 402    242.599      193.022          44.095        6.902        61496.6          488.9    0.7477    0.4910      508.82      193.268      -52.870        1.758     0.43813
 403    238.084      190.480          42.512        6.691        61370.5          488.9    0.7470    0.4850      508.38      190.721      -53.494        1.667     0.43733
 404    233.803      188.068          41.329        6.516        61258.5          488.9    0.7458    0.4798      508.01      188.306      -54.037        1.588     0.43662
 405    230.028      185.942          40.262        6.349        61183.4          489.0    0.7448    0.4750      507.72      186.176      -54.529        1.521     0.43610
 406    226.476      183.940          39.304        6.222        61088.5          489.1    0.7439    0.4708      507.44      184.172      -54.996        1.466     0.43547
 407    223.369      182.191          38.612        6.119        61067.1          489.2    0.7427    0.4673      507.30      182.420      -55.363        1.429     0.43527
 408    220.268      180.441          37.970        6.071        60987.5          489.2    0.7415    0.4640      507.04      180.670      -55.773        1.408     0.43475
 409    218.865      179.651          37.557        6.036        61032.1          489.4    0.7412    0.4622      507.11      179.879      -55.927        1.399     0.43491
 410    215.273      177.626          37.825        5.942        60966.8          489.3    0.7380    0.4589      506.81      177.853      -56.280        1.374     0.43453
 411    213.376      176.560          38.301        5.853        61173.7          489.7    0.7354    0.4567      507.02      176.782      -56.310        1.389     0.43565
 412    210.463      174.920          38.395        5.767        61231.0          489.9    0.7328    0.4524      506.87      175.139      -56.570        1.419     0.43592
 413    209.827      174.561          35.961        5.819        61598.3          490.3    0.7365    0.4463      506.90      174.780      -56.874        1.475     0.43808
 414    208.582      173.862          38.031        5.702        61576.9          490.1    0.7323    0.4438      506.50      174.078      -56.672        1.445     0.43816
 415    189.699      163.238          47.140        4.595        62413.3          492.7    0.6998    0.4355      508.57      163.426      -57.176        1.048     0.44166
 416    167.068      150.425          58.789        3.121        63639.4          496.6    0.6594    0.4352      512.45      150.659      -58.267       -0.105     0.44662
 417    151.132      141.341          64.471        1.949        64368.5          498.1    0.6361    0.4313      513.75      141.669      -59.778       -1.364     0.45014
 418    159.598      146.164          57.031        2.283        64617.6          497.5    0.6554    0.4218      512.35      146.445      -59.110       -0.413     0.45240
 419    170.774      152.518          49.055        2.987        64088.5          495.2    0.6786    0.4143      509.51      152.750      -58.566        0.362     0.45082
 420    175.782      155.336          42.769        3.492        64147.2          494.5    0.6941    0.4079      508.29      155.575      -58.726        0.731     0.45192
 421    182.117      158.925          38.650        4.062        63705.9          493.2    0.7066    0.4069      506.87      159.148      -58.460        1.088     0.45008
 422    185.356      160.706          34.326        4.662        63512.9          492.5    0.7173    0.4044      506.01      160.976      -58.612        1.425     0.44937
 423    188.748      162.666          32.140        4.255        63135.1          491.9    0.7240    0.4038      505.29      162.889      -58.514        1.238     0.44733
 424    191.462      164.047          27.867        0.201        62837.1          491.5    0.7344    0.4025      504.75      164.420      -58.693       -0.409     0.44569
 425    193.263      165.249          24.043        4.590        62452.6          490.5    0.7432    0.3986      503.52      165.436      -58.952        1.502     0.44384
 426    195.713      166.465          20.900        8.433        62167.0          489.4    0.7516    0.3979      502.32      166.818      -59.054        3.030     0.44280
 427    198.184      167.719          18.149       10.191        61984.0          488.4    0.7592    0.3983      501.34      168.212      -59.093        3.641     0.44236
 428    199.979      168.722          15.481       10.340        61815.2          487.4    0.7663    0.3985      500.36      169.225      -59.197        3.660     0.44202
 429    200.910      169.281          13.139        9.990        61706.3          486.5    0.7721    0.3983      499.41      169.750      -59.344        3.521     0.44205
 430    201.614      169.718          11.485        9.474        61678.7          485.8    0.7764    0.3984      498.65      170.147      -59.443        3.328     0.44251
 431    201.719      169.833          10.315        8.613        61768.9          485.3    0.7791    0.3980      498.19      170.207      -59.544        3.026     0.44353
 432    201.721      169.897           9.359        7.613        61887.4          485.0    0.7813    0.3977      497.81      170.207      -59.633        2.671     0.44468
 433    201.956      170.084           8.254        6.509        62033.7          484.6    0.7840    0.3977      497.43      170.340      -59.711        2.274     0.44606
 434    202.579      170.478           7.347        5.569        62115.5          484.2    0.7865    0.3983      497.05      170.691      -59.733        1.920     0.44702
