Span station K = 1

J    %dVm      Vx(m/s)     Vtheta(m/s)   Vr(m/s)      Pstat(Pa)    Mrel      T0(K)      Vm(m/s)     Swirl(deg)  Pitch(deg)  Density
--------------------------------------------------------------------------------------------------------------------------------------------
   1    -10.549       87.691           0.000        0.010       338255.7    0.5695      709.00       87.691      -72.762        0.007     1.67023
   2    -18.101       80.287          -1.603        0.227       337233.9    0.5682      708.78       80.287      -74.225        0.164     1.66444
   3    -21.843       76.618          -3.020       -0.157       337712.8    0.5688      708.98       76.618      -74.983       -0.117     1.66576
   4    -24.497       74.017          -4.377        0.164       337626.1    0.5701      708.94       74.017      -75.536        0.128     1.66507
   5    -27.249       71.319          -5.816       -0.091       337629.0    0.5715      708.91       71.319      -76.106       -0.073     1.66480
   6    -29.612       69.003          -7.379        0.054       337819.8    0.5734      708.98       69.003      -76.606        0.046     1.66533
   7    -31.822       66.836          -9.053       -0.021       337747.1    0.5757      708.91       66.836      -77.078       -0.019     1.66493
   8    -33.959       64.741         -10.772        0.012       337898.2    0.5781      708.96       64.741      -77.532        0.011     1.66541
   9    -35.984       62.756         -12.488        0.009       337852.2    0.5807      708.91       62.756      -77.961        0.009     1.66519
  10    -38.107       60.674         -14.199       -0.015       337925.1    0.5833      708.93       60.674      -78.401       -0.014     1.66543
  11    -40.272       58.552         -15.962        0.020       337924.5    0.5861      708.92       58.552      -78.843        0.021     1.66542
  12    -42.633       56.238         -17.799        0.007       337951.4    0.5890      708.94       56.238      -79.314        0.012     1.66552
  13    -45.180       53.740         -19.657        0.031       337933.3    0.5921      708.94       53.740      -79.813        0.046     1.66545
  14    -47.877       51.097         -21.445        0.030       337897.5    0.5951      708.95       51.097      -80.327        0.051     1.66534
  15    -50.739       48.292         -23.170        0.037       337820.9    0.5980      708.96       48.292      -80.863        0.076     1.66507
  16    -53.915       45.177         -24.916        0.079       337726.2    0.6011      708.97       45.178      -81.438        0.251     1.66473
  17    -57.673       41.298         -26.593        0.165       337586.7    0.6042      708.99       41.494      -82.103        2.955     1.66422
  18    -58.407       36.504         -27.917        0.262       337397.8    0.6068      708.98       40.774      -82.220        4.323     1.66359
  19    -56.049       31.577         -28.858        0.246       337164.5    0.6090      708.96       43.086      -81.810        2.038     1.66288
  20    -53.817       27.801         -29.911        0.062       336911.6    0.6115      708.96       45.274      -81.430        1.254     1.66209
  21    -52.989       26.040         -30.973       -0.193       336709.9    0.6138      709.00       46.086      -81.288       -0.381     1.66140
  22    -53.816       26.443         -31.797       -0.496       336551.2    0.6154      709.03       45.274      -81.428       -1.819     1.66079
  23    -56.202       28.765         -31.954       -0.758       336481.2    0.6155      709.09       42.936      -81.819       -4.268     1.66042
  24    -58.209       31.981         -32.471       -0.810       336343.9    0.6164      709.15       40.968      -82.176       -6.726     1.65978
  25    -57.817       35.067         -33.656       -0.891       336195.1    0.6188      709.21       41.353      -82.159       -5.653     1.65933
  26    -57.159       37.581         -25.192       -0.659       335912.7    0.6025      709.16       41.998      -82.056       -4.497     1.65700
  27    -56.957       39.463         -16.342       -0.471       336252.9    0.5859      709.34       42.196      -81.985       -4.081     1.65805
  28    -54.351       44.066         -14.342       -0.473       335964.8    0.5829      709.32       44.750      -81.590       -6.039     1.65729
  29    -50.228       48.744         -13.995       -0.468       335037.7    0.5834      709.10       48.792      -80.903       -4.146     1.65395
  30    -47.175       51.764         -13.233       -0.410       334650.0    0.5827      709.12       51.785      -80.356       -1.762     1.65245
  31    -43.938       54.947         -13.106       -0.385       334055.6    0.5835      709.11       54.959      -79.797       -1.083     1.65017
  32    -40.486       58.335         -13.547       -0.336       333341.6    0.5856      709.07       58.343      -79.234       -0.764     1.64741
  33    -36.915       61.838         -14.231       -0.311       332488.0    0.5884      709.08       61.844      -78.689       -0.574     1.64399
  34    -32.328       66.336         -14.885       -0.307       331633.7    0.5916      709.10       66.340      -78.012       -0.496     1.64072
  35    -27.698       70.875         -13.626       -0.206       330674.5    0.5915      709.03       70.879      -77.296       -0.384     1.63684
  36    -25.152       73.370         -11.630       -0.284       330234.2    0.5890      709.03       73.375      -76.834       -0.433     1.63495
  37    -22.397       76.073         -10.855       -0.070       329685.1    0.5891      709.09       76.075      -76.391       -0.217     1.63271
  38    -17.763       80.617         -10.502        0.033       328575.6    0.5913      709.14       80.619      -75.696       -0.121     1.62823
  39    -12.978       85.307          -8.649       -0.208       327454.1    0.5910      709.06       85.310      -74.964       -0.275     1.62381
  40    -10.271       87.961          -5.741       -0.121       326908.3    0.5875      709.06       87.963      -74.439       -0.193     1.62137
  41     -7.501       90.677          -3.837       -0.143       326300.0    0.5861      709.11       90.678      -73.944       -0.198     1.61884
  42     -3.340       94.756          -2.225       -0.167       325079.3    0.5865      709.08       94.757      -73.291       -0.203     1.61392
  43      1.236       99.242           1.255       -0.065       323939.6    0.5841      709.11       99.244      -72.487       -0.156     1.60915
  44      3.545      101.505           5.249       -0.083       323219.3    0.5790      708.97      101.507      -71.908       -0.143     1.60609
  45      6.821      104.717           7.412       -0.106       322692.0    0.5782      709.14      104.718      -71.323       -0.129     1.60412
  46     11.689      109.489          11.078       -0.032       320720.4    0.5769      709.05      109.491      -70.467       -0.114     1.59583
  47     14.851      112.589          16.302        0.045       319794.8    0.5712      709.14      112.591      -69.662       -0.078     1.59170
  48     18.104      115.778          21.170       -0.038       318811.5    0.5666      709.14      115.779      -68.853       -0.137     1.58768
  49     20.156      117.789          26.797        0.224       317740.5    0.5595      709.02      117.791      -68.085        0.013     1.58300
  50     23.265      120.837          31.737        0.278       316809.5    0.5548      709.22      120.838      -67.208        0.041     1.57896
  51     26.336      123.848          37.626       -0.005       314966.6    0.5493      709.01      123.850      -66.260       -0.102     1.57123
  52     28.138      125.614          44.063        0.106       314096.1    0.5411      709.12      125.616      -65.337       -0.045     1.56734
  53     30.771      128.195          50.281        0.113       312470.5    0.5348      709.06      128.197      -64.302       -0.053     1.56046
  54     32.993      130.373          57.670        0.137       310936.1    0.5264      709.08      130.376      -63.133       -0.039     1.55381
  55     34.639      131.986          65.085        0.117       309299.0    0.5174      709.05      131.989      -61.956       -0.051     1.54671
  56     36.203      133.520          72.830        0.283       307659.2    0.5082      709.12      133.522      -60.694        0.031     1.53952
  57     38.276      135.551          81.409        0.399       305454.9    0.4989      709.17      135.554      -59.183        0.071     1.52998
  58     39.603      136.853          90.675        0.143       303006.3    0.4883      709.13      136.855      -57.580       -0.041     1.51935
  59     40.444      137.677         100.571        0.269       300569.2    0.4765      709.21      137.680      -55.823        0.012     1.50870
  60     41.349      138.563         111.330        0.329       297545.1    0.4644      709.21      138.566      -53.792        0.026     1.49561
  61     41.503      138.714         123.020        0.255       294157.1    0.4508      709.06      138.718      -51.532       -0.008     1.48115
  62     41.302      138.516         135.406        0.512       290520.8    0.4366      708.95      138.521      -48.994        0.094     1.46567
  63     40.855      138.076         148.355        0.566       286295.1    0.4223      708.91      138.082      -46.134        0.108     1.44725
  64     39.301      136.553         161.505        0.418       281734.1    0.4069      708.79      136.559      -43.060        0.043     1.42721
  65     37.200      134.492         174.608        0.539       277205.2    0.3914      708.89      134.499      -39.738        0.092     1.40703
  66     34.682      132.022         187.721        0.590       272049.7    0.3760      708.80      132.031      -36.111        0.115     1.38399
  67     31.831      129.226         200.219        0.599       266945.0    0.3610      708.83      129.236      -32.329        0.131     1.36095
  68     29.067      126.515         212.259        0.645       261597.0    0.3473      708.82      126.526      -28.391        0.164     1.33677
  69     26.427      123.926         224.253        0.627       255969.3    0.3349      708.83      123.938      -24.224        0.174     1.31124
  70     24.107      121.652         236.163        0.623       249935.1    0.3243      708.80      121.664      -19.863        0.192     1.28384
  71     22.154      119.738         248.006        0.571       243587.7    0.3157      708.80      119.749      -15.379        0.188     1.25490
  72     20.558      118.174         259.880        0.515       236843.4    0.3089      708.80      118.185      -10.787        0.179     1.22403
  73     19.311      116.953         271.656        0.438       229701.5    0.3039      708.74      116.962       -6.168        0.159     1.19118
  74     18.641      116.298         283.205        0.347       222259.7    0.3011      708.70      116.305       -1.620        0.127     1.15675
  75     18.385      116.049         294.782        0.250       214468.5    0.3004      708.69      116.055        2.859        0.089     1.12045
  76     18.549      116.211         306.332        0.165       206333.7    0.3021      708.61      116.215        7.229        0.053     1.08238
  77     19.191      116.841         317.848        0.068       197985.9    0.3062      708.56      116.845       11.437        0.008     1.04308
  78     20.091      117.724         329.664       -0.014       189416.3    0.3128      708.62      117.727       15.510       -0.031     1.00241
  79     21.387      118.994         341.132       -0.110       180717.5    0.3217      708.72      118.997       19.184       -0.076     0.96074
  80     22.182      119.774         350.145       -0.179       172418.7    0.3293      708.66      119.777       21.894       -0.109     0.92049
  81     21.242      118.851         354.650       -0.177       165666.5    0.3312      708.78      118.855       23.509       -0.113     0.88690
  82     18.386      116.050         355.131       -0.398       160691.5    0.3265      709.11      116.056       24.583       -0.236     0.86147
  83     15.116      112.842         353.529       -0.564       157001.3    0.3198      709.39      112.850       25.156       -0.358     0.84221
  84     12.486      110.263         349.238       -0.505       153652.8    0.3175      709.10      110.272       24.122       -0.422     0.82476
  85      9.189      107.013         338.875       -0.597       150877.4    0.3239      708.59      107.040       20.769       -1.112     0.80959
  86      5.565      102.333         323.775       -0.839       149179.9    0.3379      708.43      103.487       16.752       -1.645     0.79921
  87      2.025       97.476         311.569       -0.959       148680.2    0.3476      708.85      100.017       13.379       -1.765     0.79452
  88     -1.485       94.577         306.676       -0.856       148642.6    0.3458      709.39       96.576       10.221       -2.002     0.79220
  89     -3.833       93.835         307.942       -0.800       148296.1    0.3366      709.67       94.274        7.496       -3.036     0.78903
  90     -4.021       94.040         312.805       -0.940       147348.2    0.3242      709.83       94.090        6.374       -1.583     0.78373
  91     -3.436       94.642         319.626       -0.852       145923.8    0.3091      709.95       94.663        7.008       -0.868     0.77669
  92     -2.361       95.706         326.883       -0.635       144067.3    0.2955      710.03       95.717        9.227       -0.565     0.76800
  93     -0.548       97.486         333.389       -0.602       141816.2    0.2881      709.91       97.495       12.926       -0.526     0.75771
  94      1.201       99.200         339.261       -0.728       138985.5    0.2848      709.76       99.209       17.678       -0.615     0.74455
  95      4.363      102.299         348.543       -0.904       136138.2    0.2857      710.30      102.309       23.998       -0.735     0.73156
  96      7.737      105.610         357.267       -0.322       133099.4    0.2863      710.20      105.617       30.282       -0.391     0.71802
  97      1.770       99.757         357.911        0.353       132575.5    0.2712      709.18       99.767       34.457        0.021     0.71512
  98    -12.522       85.726         342.908        0.278       135133.2    0.2482      708.59       85.756       28.701        0.205     0.72346
  99    -21.751       76.692         329.639       -0.262       138994.8    0.2468      709.36       76.708       23.488       -0.153     0.73873
 100    -16.510       81.834         332.292       -0.819       141305.8    0.2550      710.37       81.846       25.495       -0.614     0.75048
 101     -9.962       88.257         340.136       -0.852       140098.8    0.2647      709.55       88.266       29.079       -0.631     0.74774
 102     -6.747       91.410         348.518       -0.852       139630.2    0.2694      710.09       91.417       32.321       -0.673     0.74723
 103     -5.470       92.661         355.033       -0.969       138153.5    0.2720      709.73       92.669       35.167       -0.802     0.74179
 104     -4.856       93.258         360.115       -1.211       137273.8    0.2737      710.26       93.271       37.349       -1.100     0.73804
 105     -6.779       91.371         364.642       -1.232       135403.5    0.2735      709.62       91.386       39.962       -1.264     0.72993
 106     -5.570       92.557         368.466       -1.262       134868.0    0.2764      710.68       92.571       41.386       -1.168     0.72707
 107     -8.439       89.756         370.463       -0.620       133081.7    0.2732      709.76       89.759       43.150       -0.515     0.71875
 108     -6.344       91.805         372.801       -1.056       134564.0    0.2772      712.66       91.813       43.417       -0.824     0.72442
 109    -21.806       76.652         367.605       -0.444       131334.5    0.2472      708.83       76.654       46.985       -0.485     0.70794
 110    -23.438       75.049         341.118       -0.725       135958.6    0.2068      706.68       75.055       38.473       -0.642     0.72578
 111    -57.558       41.580         396.650       -1.493       135501.3    0.2424      725.47       41.607       69.970       -2.055     0.71945
 112    -40.886       57.811         328.930        4.007       139294.3    0.1499      689.64       57.950       38.687        3.956     0.75706
 113     12.504      -82.197         233.052      -25.934       130346.6    0.2828      661.92      110.290      -14.274      -13.528     0.72095
 114     40.615     -124.817         204.095       -6.056       124322.4    0.3845      629.18      137.847      -20.683       -2.900     0.72492
 115     75.834     -161.672         225.266        2.072       129891.2    0.4532      640.59      172.373      -11.594        0.368     0.75731
 116     83.711     -168.543         242.392        1.434       129448.7    0.4831      648.13      180.095       -4.824        1.262     0.75402
 117     83.866     -171.147         255.334        0.167       133785.8    0.4888      652.02      180.247       -0.637        0.006     0.77946
 118     67.764     -157.552         267.784        0.505       136735.6    0.4734      652.52      164.462        0.039        1.175     0.79741
 119     49.907     -142.416         276.547        0.144       140753.8    0.4597      653.30      146.956        2.753        0.077     0.82027
 120     31.750     -125.739         287.623       -0.328       143098.0    0.4472      654.84      129.157        6.778       -0.402     0.83369
 121     21.850     -113.733         302.569        0.235       144829.1    0.4409      659.16      119.451       11.858       -0.271     0.84213
 122     15.160     -103.641         316.431        0.749       145153.6    0.4424      662.40      112.894       16.092       -0.661     0.84440
 123     11.964      -96.941         327.129        0.555       145577.8    0.4493      665.07      109.760       19.006       -0.014     0.84756
 124      8.886      -90.413         336.728        0.540       145382.4    0.4580      667.42      106.743       21.406       -0.502     0.84742
 125      7.113      -85.397         345.171        0.379       144972.9    0.4693      669.54      105.005       22.984       -0.142     0.84637
 126      4.306      -79.396         353.413        0.355       144375.0    0.4800      671.25      102.253       24.375       -0.523     0.84466
 127      1.839      -73.910         360.889        0.033       143672.7    0.4910      672.93       99.834       25.266       -0.410     0.84227
 128     -2.719      -66.079         368.422       -0.903       142923.9    0.5016      674.63       95.366       26.547       -1.361     0.83958
 129     -9.917      -55.343         376.697       -2.346       142145.1    0.5122      676.68       88.310       28.190       -3.483     0.83658
 130    -18.731      -40.269         384.213       -3.633       141425.8    0.5207      677.97       79.669       30.119       -6.185     0.83443
 131    -23.671      -25.587         388.077       -4.190       140288.4    0.5246      677.27       74.827       31.042       -6.888     0.83055
 132    -25.551      -12.372         386.311       -3.290       138890.7    0.5190      675.82       72.984       30.901       -3.725     0.82312
 133     -9.403       -3.890         364.612       -2.641       138616.5    0.5109      672.17       88.813       21.257       -1.783     0.81816
 134      2.085        6.896         348.551       -2.089       136809.8    0.5154      667.14      100.075       12.329       -1.566     0.80924
 135      0.641       13.470         340.709       -1.605       136933.1    0.5000      665.11       98.660       10.403       -1.495     0.80883
 136     -1.319       15.950         328.364       -0.993       137646.5    0.4865      662.47       96.738        6.852       -1.108     0.81080
 137     -4.160       18.595         319.761       -0.707       138283.3    0.4717      660.63       93.954        3.792       -0.999     0.81284
 138     -5.121       23.598         313.574       -0.809       138223.2    0.4676      659.13       93.012        0.420       -1.453     0.81193
 139     -8.450       27.933         310.091       -0.948       138415.6    0.4611      658.78       89.747       -2.740       -2.295     0.81195
 140     -7.162       36.079         306.102       -0.631       138104.0    0.4621      657.65       91.011       -8.387       -3.026     0.80998
 141     -6.820       42.614         299.002       -0.110       138442.2    0.4559      655.72       91.346      -12.329       -3.512     0.81106
 142    -14.509       40.363         287.795        0.454       140658.6    0.4301      653.56       83.808      -12.839       -3.501     0.82042
 143    -23.196       36.337         274.503        0.590       143558.6    0.3989      650.75       75.292      -12.316       -2.675     0.83350
 144    -32.583       30.607         263.632        1.005       146118.7    0.3716      648.49       66.090      -12.199       -1.511     0.84519
 145    -38.972       18.122         245.344        2.326       148344.5    0.3488      647.17       59.827      -17.212        1.018     0.85234
 146    -27.694        3.253         214.694        0.476       148809.2    0.3667      641.35       70.882      -24.380       -0.894     0.85498
 147    -19.853       -5.633         190.009       -1.648       148006.5    0.3835      635.27       78.570      -29.255       -1.769     0.85354
 148    -18.882       -6.246         182.271       -1.417       147736.9    0.3736      634.48       79.521      -33.408       -1.378     0.84915
 149    -20.703       -4.004         183.566       -1.508       148887.1    0.3544      634.75       77.736      -34.189       -1.583     0.85293
 150    -23.850       -0.021         181.815       -1.247       150011.7    0.3395      632.78       74.651      -35.158       -1.059     0.85939
 151    -28.936        6.316         180.119       -0.648       150412.5    0.3242      630.85       69.666      -37.365       -1.515     0.86219
 152    -33.345       12.090         180.115       -0.129       151443.5    0.3089      630.22       65.343      -38.365       -0.769     0.86754
 153    -38.307       17.995         178.833        0.350       152183.9    0.2975      629.04       60.478      -41.647       -0.404     0.87189
 154    -43.093       22.358         177.506        0.863       153148.1    0.2891      628.49       55.786      -44.186        0.886     0.87699
 155    -46.605       25.426         177.269        1.193       153919.5    0.2834      628.19       52.344      -45.847        0.121     0.88125
 156    -49.804       26.801         175.713        1.311       154456.8    0.2831      627.38       49.208      -47.408        0.735     0.88496
 157    -51.693       27.097         171.181        1.016       155074.5    0.2909      625.86       47.356      -48.212       -0.089     0.88980
 158    -52.561       26.893         166.304        0.697       155008.7    0.2990      623.18       46.505      -49.844       -0.629     0.89248
 159    -52.254       26.811         163.756        0.781       154665.7    0.3042      620.70       46.806      -50.683       -0.141     0.89368
 160    -51.576       27.328         162.917        0.672       154109.9    0.3080      618.63       47.471      -49.722        0.088     0.89370
 161    -50.921       27.658         162.410        0.599       153412.1    0.3114      616.39       48.113      -48.712       -0.127     0.89337
 162    -48.805       27.569         161.208        0.488       152845.4    0.3167      614.41       50.187      -48.170        2.005     0.89330
 163    -46.901       27.974         160.538        0.332       152250.4    0.3209      613.65       52.054      -46.800        1.430     0.89111
 164    -45.361       31.384         159.480        0.144       152075.0    0.3251      613.73       53.563      -46.668        1.305     0.88981
 165    -44.008       37.397         159.222       -0.070       151417.5    0.3267      613.24       54.890      -48.346        0.674     0.88668
 166    -38.840       43.881         164.841       -0.077       150487.0    0.3209      613.71       59.957      -46.800       -0.184     0.88171
 167    -32.745       48.869         169.929       -0.246       149628.7    0.3197      614.64       65.931      -39.258        0.120     0.87677
 168    -31.134       51.602         168.808       -0.506       149196.4    0.3235      614.77       67.510      -38.999       -0.001     0.87391
 169    -29.468       54.808         165.890       -0.913       148983.0    0.3291      614.25       69.143      -40.703        1.099     0.87267
 170    -25.475       59.557         162.909       -1.313       148655.2    0.3370      613.63       73.058      -41.598        0.821     0.87107
 171    -20.353       65.860         159.212       -1.738       148366.6    0.3477      613.11       78.079      -42.720        1.091     0.86951
 172    -15.687       72.587         153.570       -2.447       147907.3    0.3605      611.79       82.653      -44.626        1.881     0.86747
 173    -10.092       80.277         146.095       -3.541       147285.8    0.3780      610.26       88.139      -46.414        0.575     0.86467
 174     -3.930       88.533         138.140       -5.255       146042.3    0.3973      608.57       94.179      -47.850       -0.413     0.85872
 175      2.680       97.465         130.110       -7.363       144563.0    0.4166      606.82      100.659      -49.152       -2.623     0.85151
 176      9.947      106.747         121.711       -9.897       142631.4    0.4369      604.96      107.782      -50.193       -6.627     0.84198
 177     16.770      113.738         113.631      -12.346       140455.0    0.4548      603.13      114.471      -50.916       -7.117     0.83103
 178     22.452      119.137         105.539      -14.235       138366.8    0.4714      601.51      120.042      -51.687       -7.292     0.82022
 179     26.741      123.121          96.937      -16.336       136014.8    0.4878      599.59      124.246      -52.687       -7.801     0.80804
 180     28.420      124.528          89.513      -18.242       133704.0    0.4998      597.53      125.893      -53.807       -8.424     0.79613
 181     28.524      124.441          83.907      -19.570       131637.1    0.5075      595.65      125.994      -54.889       -8.924     0.78543
 182     27.433      123.153          79.106      -20.873       129636.6    0.5129      593.71      124.925      -56.099       -9.545     0.77513
 183     26.091      121.596          75.021      -22.137       127844.6    0.5175      591.92      123.609      -57.213      -10.233     0.76605
 184     24.090      119.412          71.930      -23.134       126074.0    0.5200      590.69      121.648      -58.282      -10.878     0.75656
 185     21.475      116.628          69.055      -23.955       124642.2    0.5214      590.26      119.084      -59.449      -11.521     0.74806
 186     19.628      114.546          66.360      -25.023       123395.2    0.5238      589.77      117.273      -60.411      -12.227     0.74087
 187     17.972      112.625          64.569      -26.150       122329.7    0.5249      589.35      115.650      -61.182      -12.951     0.73482
 188     16.105      110.495          63.239      -27.180       121201.7    0.5252      588.83      113.820      -61.926      -13.685     0.72852
 189     15.083      109.124          61.537      -28.503       120168.6    0.5271      588.37      112.818      -62.535      -14.481     0.72274
 190     14.550      108.215          60.824      -29.859       119126.6    0.5279      588.03      112.295      -62.844      -15.234     0.71689
 191     14.122      107.428          61.374      -31.095       118308.6    0.5264      588.01      111.876      -62.942      -15.902     0.71205
 192     13.252      106.147          61.538      -32.395       117745.1    0.5251      588.05      111.023      -63.163      -16.675     0.70848
 193     12.841      105.441          62.775      -33.384       117382.4    0.5220      588.85      110.620      -63.235      -17.129     0.70546
 194      9.970      102.480          65.802      -33.449       116940.3    0.5133      589.45      107.805      -63.641      -17.346     0.70207
 195      8.891      101.166          69.121      -34.053       117296.1    0.5054      590.88      106.748      -63.593      -17.791     0.70258
 196      6.419       98.436          72.948      -34.536       117233.8    0.4954      591.41      104.324      -63.653      -18.486     0.70147
 197      6.725       98.337          76.615      -35.704       118086.5    0.4879      593.11      104.624      -63.040      -19.032     0.70471
 198      4.956       96.125          79.898      -36.666       117654.2    0.4798      592.99      102.890      -62.994      -19.854     0.70217
 199      7.609       98.440          81.560      -37.888       118771.0    0.4783      594.83      105.491      -62.072      -19.957     0.70685
 200      8.655       98.508          82.799      -40.476       117561.1    0.4772      593.61      106.517      -61.738      -21.059     0.70113
 201     16.117      105.897          81.586      -41.660       118889.8    0.4860      595.38      113.831      -60.168      -20.377     0.70738
 202     25.969      111.040          81.523      -53.974       116710.4    0.4975      594.32      123.489      -58.315      -23.722     0.69686
 203     -5.183       71.686          89.708      -59.161       117947.5    0.4501      595.41       92.951      -64.605      -32.474     0.70027
 204    -26.613       57.428         100.145      -43.272       122449.9    0.4097      600.41       71.943      -68.608      -31.238     0.72033
 205    -25.800       59.166         104.417      -42.256       122062.8    0.4015      600.28       72.739      -67.500      -30.329     0.71825
 206    -21.557       60.408          98.140      -47.542       123331.5    0.4168      601.19       76.899      -66.882      -31.801     0.72362
 207    -17.109       66.018          87.676      -47.349       121247.3    0.4417      597.76       81.259      -66.918      -30.150     0.71467
 208    -18.311       64.079          78.770      -48.019       121274.7    0.4582      596.68       80.081      -68.232      -30.972     0.71522
 209    -19.423       64.329          73.451      -45.835       120781.6    0.4679      595.50       78.991      -69.100      -30.099     0.71320
 210    -24.215       60.528          71.700      -43.072       121034.5    0.4675      595.15       74.293      -70.429      -30.131     0.71459
 211    -29.234       58.134          70.444      -37.848       121126.6    0.4656      594.23       69.373      -71.684      -28.617     0.71574
 212    -29.007       60.788          68.541      -33.875       121666.1    0.4682      593.74       69.596      -71.755      -25.938     0.71951
 213    -23.103       67.354          68.401      -33.844       121754.8    0.4708      593.58       75.383      -70.344      -24.182     0.72078
 214    -19.005       71.857          71.845      -33.773       121968.1    0.4646      594.45       79.400      -69.029      -23.042     0.72158
 215    -16.030       75.364          77.130      -33.107       122468.4    0.4535      595.84       82.317      -67.719      -21.928     0.72343
 216    -14.981       77.801          81.236      -29.883       121762.2    0.4437      595.39       83.346      -66.870      -19.729     0.72016
 217    -28.652       66.718          48.476      -20.996       123000.4    0.4966      588.74       69.944      -72.689      -16.709     0.73187
 218    -29.325       64.837          40.500      -24.422       123672.0    0.5138      584.87       69.284      -73.398      -19.417     0.74032
 219      3.501       99.437          34.789      -20.180       121550.5    0.5475      584.55      101.464      -66.819      -11.248     0.73081
 220     -4.648       92.269          27.194      -14.968       122739.6    0.5544      584.58       93.475      -69.031       -9.097     0.73680
 221     -3.185       94.517          21.477       -8.622       121977.6    0.5671      583.27       94.909      -69.160       -5.189     0.73391
 222     -2.331       95.484          17.041       -7.088       121623.9    0.5769      582.56       95.747      -69.316       -4.236     0.73270
 223     -2.070       95.897          12.937       -4.479       121594.2    0.5855      582.25       96.002      -69.555       -2.669     0.73292
 224     -3.056       94.984           9.033       -3.146       121284.2    0.5932      581.57       95.036      -70.003       -1.893     0.73183
 225     -5.588       92.535           5.236       -1.843       121419.5    0.5996      581.38       92.554      -70.715       -1.134     0.73272
 226     -8.762       89.439           1.363       -0.649       121373.0    0.6061      580.94       89.442      -71.526       -0.405     0.73281
 227    -12.951       85.335          -2.662        0.085       121473.9    0.6126      580.60       85.335      -72.506        0.059     0.73367
 228    -17.764       80.611          -7.060        0.886       121503.7    0.6202      580.28       80.618      -73.575        0.663     0.73415
 229    -24.931       73.569         -11.137        1.485       121577.3    0.6270      579.89       73.592      -75.028        1.601     0.73501
 230    -33.096       59.596         -14.035        3.075       121505.0    0.6327      578.30       65.587      -76.536        8.547     0.73664
 231    -23.313       39.249         -19.309        3.481       121166.8    0.6483      576.53       75.178      -74.817        5.980     0.73789
 232    -10.683       23.455         -25.833        1.230       120619.0    0.6686      576.02       87.559      -72.845        1.982     0.73692
 233     -7.472       18.274         -28.650       -0.468       120365.9    0.6769      575.68       90.707      -72.377        0.281     0.73665
 234    -10.109       19.457         -29.671       -1.047       120276.3    0.6788      574.98       88.122      -72.779       -0.242     0.73721
 235    -15.283       23.892         -31.001       -1.562       120382.5    0.6802      574.64       83.050      -73.584       -1.928     0.73837
 236    -20.974       30.137         -33.213       -2.362       120375.8    0.6837      574.32       77.471      -74.492       -4.942     0.73893
 237    -27.299       39.116         -35.837       -3.621       120428.9    0.6883      574.20       71.270      -75.494      -10.288     0.73970
 238    -28.169       49.317         -26.731       -3.334       119997.2    0.6693      572.76       70.417      -75.607       -7.819     0.73791
 239    -30.035       53.928         -13.257       -3.176       120516.7    0.6389      573.07       68.588      -75.899       -4.417     0.74010
 240    -31.266       60.506          -8.260       -2.776       120450.9    0.6275      573.46       67.381      -76.280       -5.863     0.73947
 241    -28.251       68.305          -8.147       -2.673       119867.1    0.6287      573.59       70.337      -75.885       -7.690     0.73604
 242    -24.113       73.944          -7.052       -2.352       119505.3    0.6275      573.85       74.393      -75.085       -6.592     0.73379
 243    -19.535       78.729          -6.347       -2.083       119108.7    0.6278      573.77       78.881      -74.164       -3.237     0.73180
 244    -16.451       81.777          -5.279       -2.065       118969.6    0.6266      573.89       81.904      -73.509       -2.533     0.73098
 245    -12.436       85.750          -4.193       -1.893       118682.9    0.6263      573.89       85.840      -72.667       -1.889     0.72955
 246     -9.553       88.581          -3.452       -2.117       118453.4    0.6261      573.84       88.667      -72.065       -1.834     0.72838
 247     -6.908       91.194          -2.698       -1.853       118311.8    0.6258      573.81       91.259      -71.506       -1.460     0.72769
 248     -3.556       94.492          -2.239       -1.632       118037.5    0.6270      573.74       94.545      -70.853       -1.213     0.72635
 249     -0.599       97.396          -2.174       -1.893       117774.3    0.6287      573.66       97.445      -70.315       -1.277     0.72509
 250      2.437      100.377          -1.637       -1.804       117557.3    0.6296      573.63      100.421      -69.772       -1.168     0.72401
 251      4.773      102.674          -0.496       -1.669       117354.8    0.6289      573.50      102.710      -69.302       -1.040     0.72306
 252      7.275      105.132          -0.373       -1.640       117164.8    0.6305      573.48      105.163      -68.874       -0.977     0.72215
 253      9.917      107.726           0.059       -1.515       116877.9    0.6317      573.36      107.753      -68.464       -0.893     0.72074
 254     11.706      109.484           1.170       -1.434       116724.5    0.6310      573.28      109.508      -68.128       -0.830     0.72001
 255     14.320      112.049           1.924       -1.380       116469.8    0.6317      573.25      112.070      -67.704       -0.782     0.71876
 256     16.399      114.089           3.607       -1.253       116215.4    0.6303      573.13      114.107      -67.305       -0.713     0.71749
 257     18.233      115.890           5.280       -1.190       116058.4    0.6287      573.14      115.905      -66.930       -0.667     0.71670
 258     20.563      118.176           6.735       -1.153       115734.5    0.6283      573.04      118.190      -66.506       -0.639     0.71509
 259     23.167      120.732           8.644       -1.000       115451.3    0.6272      573.04      120.743      -66.019       -0.556     0.71367
 260     25.772      123.285          11.152       -1.099       115088.5    0.6253      572.95      123.296      -65.493       -0.603     0.71184
 261     26.660      124.157          14.189       -1.065       114932.2    0.6206      572.83      124.167      -65.176       -0.584     0.71104
 262     28.097      125.568          16.912       -0.765       114753.6    0.6173      572.79      125.576      -64.776       -0.438     0.71018
 263     30.067      127.501          20.010       -0.719       114366.8    0.6142      572.61      127.507      -64.282       -0.422     0.70830
 264     31.308      128.717          23.415       -0.728       114114.7    0.6097      572.55      128.724      -63.856       -0.423     0.70701
 265     32.877      130.256          27.117       -0.467       113791.4    0.6053      572.44      130.261      -63.360       -0.305     0.70545
 266     34.798      132.140          31.562       -0.361       113386.1    0.6002      572.32      132.145      -62.725       -0.270     0.70346
 267     35.522      132.849          36.424       -0.559       113045.4    0.5932      572.10      132.855      -62.205       -0.364     0.70180
 268     35.907      133.226          41.549       -0.528       112804.3    0.5853      571.97      133.232      -61.684       -0.352     0.70069
 269     36.584      133.890          47.171       -0.346       112372.2    0.5774      571.69      133.895      -61.062       -0.287     0.69870
 270     37.376      134.667          53.590       -0.186       111940.9    0.5685      571.49      134.672      -60.307       -0.243     0.69670
 271     37.869      135.150          60.711       -0.145       111375.3    0.5583      571.16      135.155      -59.474       -0.242     0.69406
 272     37.885      135.164          68.196       -0.131       110881.2    0.5471      571.05      135.170      -58.590       -0.258     0.69157
 273     37.365      134.655          76.199        0.089       110237.8    0.5349      570.78      134.662      -57.652       -0.191     0.68838
 274     36.840      134.139          84.258        0.312       109671.2    0.5228      570.53      134.147      -56.613       -0.114     0.68572
 275     35.784      133.103          93.038        0.257       108885.6    0.5095      570.11      133.112      -55.516       -0.177     0.68198
 276     34.174      131.523         102.002        0.490       108205.4    0.4950      569.82      131.533      -54.306       -0.086     0.67869
 277     32.250      129.636         110.790        0.526       107344.4    0.4808      569.46      129.647      -53.077       -0.094     0.67446
 278     29.721      127.157         119.460        0.421       106664.0    0.4658      569.26      127.168      -51.829       -0.106     0.67104
 279     25.804      123.314         126.052        0.804       105751.7    0.4551      568.84      123.328      -50.860        0.127     0.66646
 280     21.342      118.936         135.958        0.574       104981.0    0.4371      568.87      118.953      -49.743       -0.289     0.66225
 281     21.489      119.082         146.636        0.490       103842.6    0.4188      568.82      119.097      -47.343       -0.187     0.65626
 282     20.191      117.811         153.952        0.722       102409.8    0.4085      568.29      117.825      -45.401        0.089     0.64886
 283     16.840      114.526         162.869        0.612       101462.8    0.3940      568.46      114.541      -43.629        0.001     0.64354
 284     15.009      112.731         172.196        0.704        99931.9    0.3801      568.21      112.745      -41.315        0.046     0.63539
 285     12.664      110.431         181.304        0.815        98490.5    0.3667      568.13      110.446      -39.006        0.119     0.62748
 286     11.147      108.944         190.389        0.796        96802.1    0.3546      568.03      108.960      -36.368        0.116     0.61819
 287      9.514      107.344         198.901        0.686        95101.9    0.3434      567.94      107.358      -33.724        0.088     0.60871
 288      8.158      106.015         207.155        0.648        93394.3    0.3329      567.91      106.029      -30.994        0.091     0.59912
 289      7.344      105.217         215.319        0.660        91591.2    0.3240      567.95      105.232      -28.089        0.114     0.58891
 290      6.396      104.289         222.937        0.557        89798.9    0.3150      567.99      104.302      -25.235        0.085     0.57872
 291      5.389      103.303         228.966        0.430        88155.2    0.3062      568.08      103.315      -22.744        0.036     0.56921
 292      3.595      101.545         232.438        0.359        86737.5    0.2979      568.15      101.556      -20.986        0.029     0.56072
 293      0.885       98.889         232.788        0.228        85748.6    0.2899      568.36       98.899      -20.249       -0.009     0.55436
 294     -2.601       95.473         231.013        0.105        85066.2    0.2825      568.51       95.482      -20.393       -0.062     0.54965
 295     -5.772       92.363         229.243        0.039        84646.8    0.2762      568.80       92.373      -20.777       -0.123     0.54645
 296     -8.397       89.788         228.478       -0.176        84179.0    0.2703      568.96       89.800      -21.015       -0.266     0.54317
 297    -10.425       87.800         228.710       -0.248        83735.0    0.2651      569.20       87.812      -20.940       -0.286     0.54011
 298    -11.662       86.586         229.673       -0.254        83089.7    0.2619      569.17       86.599      -20.503       -0.263     0.53618
 299    -12.564       85.700         231.505       -0.354        82406.3    0.2592      569.28       85.715      -19.696       -0.393     0.53206
 300    -12.406       85.852         233.767       -0.399        81701.6    0.2582      569.50       85.870      -18.641       -0.500     0.52783
 301    -11.774       86.471         235.856       -0.548        80986.0    0.2581      569.50       86.490      -17.641       -0.576     0.52367
 302    -11.468       86.772         238.193       -0.571        80284.4    0.2573      569.45       86.789      -16.674       -0.561     0.51963
 303    -10.595       87.630         240.475       -0.501        79577.1    0.2577      569.44       87.645      -15.675       -0.502     0.51556
 304    -10.174       88.042         242.336       -0.643        78856.6    0.2580      569.26       88.058      -14.881       -0.588     0.51146
 305     -9.714       88.492         244.070       -0.655        78283.0    0.2587      569.29       88.509      -14.060       -0.627     0.50810
 306     -9.169       89.026         245.254       -0.441        77615.5    0.2601      569.12       89.043      -13.498       -0.517     0.50425
 307     -7.707       90.461         248.131       -0.498        77227.1    0.2598      569.59       90.476      -12.425       -0.518     0.50180
 308     -6.706       91.448         249.025       -0.582        76738.3    0.2589      568.95       91.458      -12.246       -0.403     0.49932
 309     -8.070       90.113         247.773       -0.575        77355.2    0.2551      569.16       90.121      -13.014       -0.163     0.50251
 310    -10.485       87.735         242.692       -0.678        77889.6    0.2590      568.49       87.753      -14.864       -0.013     0.50559
 311     -9.074       89.109         241.041       -1.069        78575.7    0.2653      568.06       89.137      -14.406       -0.220     0.51028
 312     -2.117       95.928         248.998       -1.444        78632.1    0.2705      568.35       95.957      -10.063       -0.480     0.51233
 313      4.327      102.252         258.607       -1.418        77517.1    0.2751      567.39      102.273       -5.704       -0.539     0.50832
 314      6.898      104.774         266.501       -1.374        76944.9    0.2745      567.07      104.793       -2.314       -0.559     0.50654
 315      9.797      107.615         273.266       -1.406        76209.0    0.2772      566.82      107.636        0.567       -0.571     0.50353
 316     11.348      109.134         279.485       -1.341        75466.5    0.2795      566.56      109.157        3.133       -0.531     0.50035
 317     13.473      111.215         285.033       -1.656        74735.1    0.2843      566.55      111.239        5.421       -0.696     0.49698
 318     14.650      112.367         290.075       -1.087        74050.4    0.2878      566.43      112.393        7.493       -0.329     0.49382
 319     16.472      114.138         294.110       -2.649        73410.5    0.2923      566.62      114.180        9.199       -1.302     0.49050
 320     16.310      113.969         298.100        0.708        72889.6    0.2938      566.14      114.020       10.875        0.927     0.48847
 321     17.719      115.182         300.489       -6.362        72702.0    0.2962      566.87      115.402       11.928       -3.603     0.48723
 322     12.154      109.606         300.278        7.258        71660.7    0.2847      565.76      109.947       12.249        4.956     0.48052
 323    -44.784       54.110         267.993       -1.457        77639.9    0.1195      570.45       54.129       -2.941       -1.542     0.50291
 324    -42.723       53.466         269.199      -17.152        77927.5    0.1240      569.69       56.150       -1.607      -16.986     0.50584
 325    -32.088       61.848         292.588       -1.280        76779.8    0.1714      574.81       66.575       25.265       -1.816     0.50031
 326    -42.624       52.462         285.382       -0.729        76956.4    0.1420      569.94       56.247       29.264       -3.476     0.50388
 327    -44.911       46.325         272.438        1.020        76797.4    0.1324      563.22       54.004       -5.740        4.616     0.50627
 328    -45.340       37.087         261.538        1.661        76769.8    0.1475      558.43       53.584      -17.154        6.332     0.50849
 329    -42.091       26.488         256.512        1.836        76588.4    0.1614      556.16       56.769      -19.353        5.442     0.50860
 330    -34.539       14.601         251.004        1.357        76415.8    0.1863      554.35       64.172      -18.275        2.927     0.50848
 331    -26.529        3.983         245.421        0.167        76174.9    0.2162      552.68       72.024      -16.626        2.003     0.50813
 332    -20.825       -4.007         245.860       -0.588        76135.7    0.2319      552.60       77.617      -14.419        1.003     0.50861
 333    -17.986       -8.124         249.040       -1.247        76084.0    0.2373      552.89       80.399      -12.373       -0.566     0.50890
 334    -17.664      -10.291         252.211       -1.571        76188.2    0.2400      553.37       80.715      -11.302       -0.578     0.50996
 335    -18.099      -10.911         255.637       -1.976        76266.2    0.2414      553.94       80.289       -9.918       -1.362     0.51077
 336    -19.393      -10.631         258.810       -2.372        76414.3    0.2419      554.60       79.020       -8.686       -1.911     0.51188
 337    -21.658       -9.165         262.120       -2.765        76537.3    0.2419      555.21       76.800       -7.464       -2.642     0.51287
 338    -24.532       -6.950         265.536       -3.084        76721.4    0.2410      555.97       73.982       -6.144       -3.416     0.51414
 339    -27.893       -3.817         268.934       -3.362        76865.7    0.2396      556.66       70.688       -4.844       -3.275     0.51518
 340    -31.760        0.021         272.311       -3.947        77038.0    0.2375      557.42       66.897       -3.543       -4.220     0.51632
 341    -37.065        5.721         275.936       -5.180        77189.5    0.2337      558.21       61.697       -2.179       -7.156     0.51732
 342    -44.057       13.727         279.450       -6.467        77376.2    0.2260      559.10       54.842       -0.854      -10.503     0.51835
 343    -52.229       23.813         282.240       -6.627        77439.6    0.2191      559.78       46.830        0.677      -16.953     0.51871
 344    -57.004       32.379         285.445       -5.777        77548.4    0.2233      561.23       42.150        4.189      -21.136     0.51895
 345    -52.174       43.675         287.625       -4.947        76693.6    0.2409      561.26       46.885        3.697      -14.639     0.51421
 346    -46.147       51.656         289.086       -3.742        76252.1    0.2558      561.48       52.793        4.642       -9.308     0.51189
 347    -39.347       58.674         291.587       -3.259        75912.0    0.2692      562.20       59.459        5.209       -5.472     0.51004
 348    -32.320       65.687         294.874       -3.041        75494.6    0.2827      562.97       66.348        5.666       -3.648     0.50784
 349    -25.536       72.456         298.525       -2.687        75069.8    0.2950      563.82       72.998        6.037       -2.421     0.50561
 350    -18.646       79.282         302.963       -2.311        74549.8    0.3086      564.83       79.752        6.482       -1.573     0.50284
 351    -10.896       87.053         307.017       -2.305        74056.9    0.3224      566.01       87.350        6.380       -1.500     0.50008
 352     -4.130       93.767         308.100       -2.169        73611.3    0.3292      566.11       93.983        5.980       -1.424     0.49762
 353     -0.555       97.283         308.139       -1.856        73559.0    0.3304      566.27       97.488        5.926       -1.133     0.49724
 354      3.736      101.512         309.483       -1.660        73303.2    0.3364      566.66      101.694        5.901       -0.945     0.49583
 355      8.635      106.338         310.957       -1.425        72925.3    0.3444      567.01      106.497        5.686       -0.778     0.49378
 356     14.530      112.155         311.932       -1.321        72507.9    0.3535      567.31      112.276        5.231       -0.723     0.49147
 357     19.398      116.954         310.967       -1.200        72178.2    0.3582      567.01      117.048        4.520       -0.674     0.48961
 358     22.317      119.823         309.489       -1.026        72047.2    0.3594      566.65      119.909        3.983       -0.545     0.48883
 359     26.046      123.489         309.546       -0.917        71787.3    0.3648      566.75      123.565        3.597       -0.470     0.48736
 360     31.242      128.598         308.975       -0.823        71346.5    0.3725      566.59      128.658        2.850       -0.438     0.48491
 361     35.210      132.498         306.646       -0.732        71079.0    0.3760      565.99      132.549        1.933       -0.395     0.48336
 362     37.580      134.826         304.319       -0.615        70927.0    0.3768      565.36      134.872        1.188       -0.321     0.48247
 363     41.091      138.274         303.230       -0.546        70669.6    0.3820      565.19      138.314        0.513       -0.283     0.48101
 364     45.790      142.887         300.806       -0.477        70220.0    0.3886      564.53      142.920       -0.624       -0.272     0.47847
 365     48.890      145.930         297.120       -0.379        69991.1    0.3913      563.62      145.959       -1.841       -0.230     0.47711
 366     51.955      148.939         293.674       -0.348        69788.6    0.3944      562.90      148.964       -2.922       -0.209     0.47588
 367     54.082      151.026         289.279       -0.271        69552.1    0.3955      561.70      151.049       -4.212       -0.176     0.47446
 368     56.153      153.059         285.389       -0.245        69424.4    0.3975      560.88      153.080       -5.443       -0.163     0.47367
 369     59.653      156.493         280.775       -0.204        69059.6    0.4029      559.76      156.511       -6.940       -0.160     0.47155
 370     61.681      158.482         274.805       -0.133        68816.0    0.4047      558.27      158.499       -8.597       -0.135     0.47004
 371     63.047      159.823         269.260       -0.116        68698.1    0.4060      557.05      159.838      -10.124       -0.125     0.46925
 372     65.136      161.871         263.113       -0.070        68411.9    0.4096      555.55      161.886      -11.862       -0.116     0.46755
 373     67.085      163.783         256.107       -0.030        68142.5    0.4134      553.91      163.797      -13.781       -0.113     0.46592
 374     68.517      165.188         248.291        0.006        67862.7    0.4169      552.00      165.200      -15.816       -0.106     0.46424
 375     69.378      166.032         239.947        0.047        67627.7    0.4199      550.02      166.044      -17.927       -0.093     0.46281
 376     70.216      166.854         231.160        0.073        67337.0    0.4241      547.91      166.865      -20.117       -0.089     0.46109
 377     70.840      167.465         221.496        0.108        67000.6    0.4292      545.57      167.477      -22.460       -0.085     0.45912
 378     70.970      167.593         211.319        0.143        66651.6    0.4347      543.18      167.604      -24.863       -0.081     0.45702
 379     70.784      167.410         200.700        0.161        66279.1    0.4410      540.73      167.422      -27.320       -0.089     0.45478
 380     70.192      166.830         189.502        0.175        65848.6    0.4481      538.05      166.842      -29.859       -0.095     0.45225
 381     68.966      165.628         178.353        0.197        65429.7    0.4553      535.41      165.640      -32.320       -0.090     0.44978
 382     67.438      164.129         167.581        0.217        65010.2    0.4628      532.91      164.142      -34.622       -0.083     0.44730
 383     65.559      162.286         156.747        0.252        64542.5    0.4710      530.38      162.300      -36.927       -0.070     0.44453
 384     63.404      160.173         146.356        0.309        64074.1    0.4794      528.00      160.188      -39.064       -0.044     0.44175
 385     61.020      157.835         136.441        0.382        63585.3    0.4880      525.73      157.851      -41.095       -0.010     0.43885
 386     58.529      155.392         126.733        0.459        63079.5    0.4971      523.56      155.408      -43.041        0.028     0.43584
 387     55.670      152.588         117.377        0.539        62532.9    0.5062      521.44      152.606      -44.938        0.066     0.43257
 388     52.384      149.364         108.597        0.625        62020.1    0.5145      519.51      149.384      -46.744        0.113     0.42946
 389     48.551      145.605         100.535        0.705        61512.2    0.5217      517.69      145.627      -48.472        0.171     0.42639
 390     44.454      141.587          93.033        0.785        61086.1    0.5283      516.11      141.611      -50.189        0.234     0.42374
 391     40.053      137.270          86.793        0.864        60646.5    0.5331      514.68      137.296      -51.676        0.302     0.42104
 392     34.980      132.293          81.038        0.918        60319.3    0.5366      513.44      132.323      -53.347        0.363     0.41894
 393     30.371      127.771          75.756        0.975        60012.7    0.5405      512.37      127.805      -54.930        0.437     0.41694
 394     25.585      123.073          72.193        1.052        59706.7    0.5418      511.51      123.113      -56.285        0.532     0.41496
 395     20.227      117.814          69.925        1.081        59588.4    0.5401      511.03      117.860      -57.699        0.608     0.41399
 396     15.146      112.829          69.343        1.084        59461.0    0.5359      510.80      112.880      -58.926        0.679     0.41292
 397     10.178      107.961          70.410        1.008        59381.5    0.5287      510.96      108.010      -60.022        0.719     0.41201
 398      5.751      103.632          72.339        0.805        59321.0    0.5205      511.33      103.669      -60.920        0.690     0.41122
 399      1.899       99.868          74.352        0.557        59249.1    0.5129      511.70       99.894      -61.656        0.619     0.41044
 400     -1.575       96.468          75.824        0.350        59163.2    0.5069      511.93       96.487      -62.379        0.554     0.40970
 401     -4.640       93.465          77.052        0.279        59110.6    0.5021      512.12       93.483      -62.993        0.572     0.40923
 402     -7.601       90.560          78.084        0.325        59113.8    0.4976      512.35       90.580      -63.612        0.695     0.40909
 403    -10.585       87.633          79.091        0.327        59127.2    0.4932      512.55       87.655      -64.290        0.775     0.40905
 404    -13.503       84.773          80.096        0.257        59156.1    0.4888      512.70       84.795      -64.895        0.663     0.40914
 405    -16.184       82.145          80.789        0.120        59249.3    0.4851      512.82       82.166      -65.571        0.110     0.40965
 406    -18.446       79.902          81.478        0.003        59336.8    0.4819      512.83       79.948      -66.077       -1.678     0.41020
 407    -20.043       78.222          82.023       -0.041        59518.7    0.4794      513.03       78.383      -66.376       -1.894     0.41124
 408    -21.953       76.206          82.937       -0.078        59654.0    0.4755      513.08       76.510      -66.975       -1.461     0.41204
 409    -23.025       75.102          84.222       -0.041        59933.1    0.4720      513.55       75.460      -66.754       -0.731     0.41358
 410    -25.557       72.462          86.129       -0.073        59988.3    0.4652      513.44       72.978      -67.498       -0.823     0.41397
 411    -26.176       71.792          87.480       -0.119        60619.2    0.4614      514.41       72.371      -67.065       -1.268     0.41737
 412    -28.344       69.523          88.047       -0.295        60890.1    0.4571      514.18       70.246      -67.469       -1.871     0.41910
 413    -30.567       67.329          86.510       -0.457        61421.0    0.4568      514.31       68.066      -68.485       -1.893     0.42226
 414    -35.525       62.343          97.863        0.212        61661.7    0.4296      518.26       63.206      -64.714        0.289     0.42183
 415    -42.317       43.403         126.828        0.663        61314.2    0.4043      524.66       56.547      -45.762        1.581     0.41875
 416    -40.472       28.868         148.484        0.275        61784.7    0.3960      529.20       58.356      -38.437        0.629     0.42164
 417    -47.297       22.687         148.449       -0.518        61691.3    0.3657      526.92       51.665      -39.462       -0.314     0.42175
 418    -55.302       26.658         132.296       -1.294        62263.8    0.3528      523.37       43.818      -53.528       -2.574     0.42517
 419    -62.449       35.846         119.137       -1.196        63157.4    0.3581      522.06       36.812      -74.821       -6.461     0.42980
 420    -54.246       44.295         111.490       -1.048        63158.6    0.3802      520.31       44.854      -70.896       -2.685     0.43008
 421    -47.837       50.911         107.554       -0.796        63202.6    0.3941      519.56       51.137      -69.281       -1.178     0.43055
 422    -42.910       55.482         103.496       -0.605        63101.1    0.4065      518.80       55.967      -68.633       -0.461     0.43010
 423    -38.509       59.970          99.091       -0.875        62793.7    0.4201      517.49       60.281      -68.051       -2.179     0.42887
 424    -34.962       63.376          93.422       -0.853        62938.3    0.4351      516.85       63.758      -67.775       -3.520     0.43015
 425    -33.753       64.920          79.994       -1.472        62880.3    0.4625      514.14       64.943      -69.505       -1.604     0.43100
 426    -33.899       64.788          69.247       -0.494        62781.4    0.4832      512.06       64.800      -71.245        0.021     0.43114
 427    -34.794       63.916          62.090        0.003        62639.5    0.4970      510.58       63.922      -72.426        0.265     0.43083
 428    -35.414       63.312          57.803       -0.247        62558.3    0.5054      509.69       63.314      -73.076       -0.146     0.43069
 429    -35.501       63.227          54.988       -0.197        62495.1    0.5112      509.17       63.230      -73.406       -0.119     0.43049
 430    -35.212       63.510          53.546       -0.253        62373.0    0.5143      508.79       63.512      -73.507       -0.219     0.42988
 431    -34.639       64.071          52.606       -0.382        62282.2    0.5166      508.40       64.075      -73.478       -0.349     0.42953
 432    -33.784       64.909          52.982       -0.392        62226.3    0.5160      508.56       64.913      -73.277       -0.366     0.42903
 433    -32.342       66.324          52.458       -0.464        62197.3    0.5181      508.10       66.327      -72.998       -0.430     0.42925
 434    -30.675       67.951          46.524       -0.878        62115.0    0.5321      507.62       67.961      -73.060       -0.795     0.42893
