Span station K = 6

J    %dVm      Vx(m/s)     Vtheta(m/s)   Vr(m/s)      Pstat(Pa)    Mrel      T0(K)      Vm(m/s)     Swirl(deg)  Pitch(deg)  Density
--------------------------------------------------------------------------------------------------------------------------------------------
   1    -20.479       32.800           0.000        0.092       343820.8    0.5328      709.00       32.800      -83.210        0.163     1.69080
   2    -28.462       26.056          -1.957        6.326       352313.9    0.5370      706.18       29.507      -83.901       13.835     1.73949
   3     -2.913       27.667           6.248       12.552       343174.8    0.5249      703.50       40.045      -81.560       16.504     1.70206
   4     10.291       13.774          18.923       17.042       345778.8    0.5052      700.98       45.491      -79.988       18.052     1.72371
   5     17.533        5.593          29.804       16.300       340287.2    0.4894      696.76       48.479      -78.881       18.476     1.70907
   6     12.717       -6.075          28.149       10.872       342155.7    0.4918      700.24       46.492      -79.301       17.714     1.70975
   7     10.146      -12.267          20.465        6.646       340767.3    0.5048      701.80       45.432      -79.815       16.341     1.69729
   8      6.564      -19.456          18.422        6.425       341961.6    0.5084      699.36       43.954      -80.427       17.067     1.70798
   9      0.143      -20.977          22.218        5.499       340464.9    0.4988      699.71       41.306      -80.953       16.457     1.69944
  10     -1.501      -21.807          25.363        5.304       341759.0    0.4861      715.27       40.628      -80.998       14.674     1.66920
  11     -2.247      -21.751          24.156        3.924       341092.8    0.4822      731.26       40.320      -81.077        9.592     1.63033
  12     -5.913      -22.533          19.887        1.114       342634.5    0.4877      737.01       38.808      -81.564        5.154     1.62511
  13     -6.968      -23.115          14.811        0.151       342244.8    0.4954      741.74       38.373      -81.819       -0.089     1.61337
  14     -3.996      -23.719          10.455        0.094       342818.2    0.5019      747.74       39.598      -81.739       -4.821     1.60406
  15      1.710      -24.122           6.460        1.523       342451.5    0.5085      752.86       41.952      -81.422       -5.786     1.59269
  16      9.208      -26.855          -0.032        2.956       343236.5    0.5188      761.17       45.045      -81.065       -3.278     1.58366
  17     22.160      -30.422          -6.472       -0.134       342693.9    0.5289      770.78       50.387      -80.287       -1.278     1.56955
  18     41.012      -35.390          -9.864       -9.513       343418.1    0.5320      790.96       58.163      -79.009       -5.634     1.54826
  19     78.475      -38.627          -5.621      -35.954       345413.6    0.5213      843.82       73.615      -76.264      -19.134     1.50300
  20    126.494      -38.836           4.184      -63.031       345904.9    0.5105      892.88       93.422      -72.328      -28.094     1.46268
  21    140.995      -30.318           9.907      -76.122       345730.9    0.5035      906.07       99.403      -70.703      -31.186     1.44379
  22    143.741      -19.311          10.805      -79.991       343904.4    0.5062      890.52      100.535      -70.301      -30.902     1.45196
  23    125.975       -8.738          10.346      -70.663       341525.1    0.5068      861.64       93.208      -71.555      -29.722     1.47530
  24    108.098       -5.651          11.233      -57.538       339216.8    0.5089      824.79       85.834      -72.175      -27.717     1.51795
  25     92.910       -1.376           9.419      -46.762       339095.7    0.5262      768.35       79.569      -73.278      -24.777     1.60131
  26    109.847        4.011          -2.999      -64.252       337986.7    0.5658      726.43       86.555      -73.284      -29.963     1.66059
  27    128.011        1.282          -0.749      -66.700       340305.8    0.5742      729.73       94.047      -72.479      -21.533     1.66589
  28    200.804       -8.051          20.104      -18.418       342985.0    0.5434      796.11      124.072      -65.727       -1.887     1.58799
  29    230.601      -19.742          18.438        4.292       348070.0    0.5614      800.33      136.362      -62.265       -6.248     1.61250
  30    206.512      -26.583           2.261      -37.828       348093.0    0.5988      721.98      126.426      -66.979      -19.247     1.73961
  31    203.378      -20.192          11.100      -84.060       344775.2    0.6010      675.28      125.134      -65.637      -21.802     1.82969
  32    200.890      -13.459          21.209      -80.629       350237.1    0.5906      683.52      124.108      -63.986      -16.697     1.84061
  33    133.979       -8.937          -0.515      -41.375       354114.3    0.5933      689.87       96.509      -71.742       -9.879     1.82952
  34     86.457       -6.518          -7.003      -10.806       353801.2    0.5864      673.31       76.908      -75.170       -1.481     1.85199
  35     96.354       -1.381           9.329        1.618       350087.1    0.5708      656.78       80.990      -73.920        0.876     1.88178
  36    115.884        3.945          14.249        6.451       348626.7    0.5669      656.73       89.045      -72.545        4.068     1.87829
  37     99.461       10.266           8.374        4.368       349971.5    0.5676      665.88       82.271      -73.839        2.748     1.85871
  38     54.770       16.136           7.232       -4.358       353087.1    0.5536      672.69       63.838      -77.138        1.720     1.84945
  39     29.146       21.647          12.832       -8.693       353527.7    0.5353      674.14       53.268      -78.686       -0.551     1.83959
  40     16.844       26.291          18.351      -10.222       351696.6    0.5205      676.58       48.194      -79.400       -6.392     1.81980
  41     15.897       29.969          22.725      -10.352       350218.3    0.5093      681.16       47.804      -79.344      -12.580     1.79898
  42     21.928       34.349          24.852       -8.583       348267.9    0.5051      683.59       50.291      -78.802      -12.801     1.78272
  43     28.734       39.260          31.705       -6.262       346903.4    0.4928      685.12       53.099      -77.850      -10.305     1.77272
  44     37.323       43.989          40.303       -3.393       345140.9    0.4786      685.12       56.641      -76.453       -7.102     1.76599
  45     44.261       48.237          43.369       -1.708       344085.1    0.4742      686.37       59.503      -75.575       -5.490     1.75861
  46     49.338       52.520          45.705        0.500       342835.1    0.4717      685.07       61.597      -75.120       -4.361     1.75636
  47     52.233       55.881          46.082        2.071       341997.1    0.4718      684.99       62.791      -75.122       -3.040     1.75280
  48     58.035       60.419          46.668        3.071       341506.0    0.4705      689.13       65.184      -74.870        1.069     1.73947
  49     64.794       64.342          48.289        3.473       341678.0    0.4667      695.63       67.972      -74.277        4.220     1.72353
  50     74.902       68.789          49.127        3.320       341873.4    0.4652      703.79       72.142      -73.344        3.963     1.70465
  51     86.355       73.741          52.690        5.255       341474.7    0.4605      708.65       76.865      -72.037        4.036     1.69186
  52     98.790       78.799          56.143        8.710       340754.8    0.4575      711.29       81.994      -70.557        5.036     1.68333
  53    114.264       84.467          60.113       12.164       339692.2    0.4546      715.73       88.377      -68.727        5.872     1.66973
  54    128.827       89.725          65.632       15.466       338815.2    0.4497      716.54       94.384      -66.844        7.325     1.66537
  55    143.573       95.603          71.156       16.641       337776.9    0.4436      722.85      100.466      -64.903        7.481     1.64772
  56    157.026      101.158          78.364       17.039       336723.9    0.4332      735.69      106.015      -62.843        7.086     1.61705
  57    171.675      107.060          85.475       18.929       334721.9    0.4262      739.80      112.057      -60.667        7.891     1.60157
  58    187.967      113.413          92.849       22.260       332701.0    0.4224      737.53      118.777      -58.258        9.470     1.60026
  59    208.500      121.172         102.387       28.324       330235.7    0.4201      727.82      127.247      -55.158       12.540     1.61285
  60    229.093      128.648         111.745       34.189       327112.4    0.4201      716.55      135.741      -51.937       15.062     1.62530
  61    248.143      135.861         120.486       37.617       322400.8    0.4220      708.16      143.598      -48.907       16.083     1.62437
  62    261.489      141.400         127.911       38.401       318115.3    0.4240      703.83      149.103      -46.608       16.181     1.61662
  63    270.072      145.409         136.536       37.702       313741.5    0.4233      703.22      152.643      -44.376       15.784     1.59933
  64    278.491      148.456         146.638       38.092       308632.0    0.4223      704.23      156.115      -41.645       15.876     1.57567
  65    290.202      151.904         157.038       40.673       302836.7    0.4248      704.07      160.946      -38.325       16.610     1.55264
  66    299.568      154.960         169.356       43.231       297039.6    0.4250      701.58      164.809      -34.702       17.165     1.53395
  67    307.233      157.709         182.591       45.314       291258.4    0.4247      697.50      167.971      -30.963       17.500     1.51851
  68    311.011      159.212         196.616       46.928       285281.1    0.4227      691.68      169.529      -27.160       17.710     1.50560
  69    310.611      159.594         212.316       47.113       278628.3    0.4169      688.15      169.364      -23.184       17.529     1.48422
  70    308.109      159.249         228.241       46.608       271810.7    0.4111      685.23      168.332      -19.157       17.175     1.46081
  71    305.318      158.964         244.512       45.206       264886.0    0.4066      682.64      167.181      -15.008       16.529     1.43631
  72    303.814      159.126         261.924       43.647       257608.0    0.4024      682.97      166.561      -10.490       15.768     1.40326
  73    302.397      159.299         279.363       42.414       250040.8    0.4004      683.72      165.976       -5.809       15.088     1.36732
  74    301.501      159.596         296.224       41.249       242207.5    0.4010      683.17      165.606       -1.104       14.371     1.33246
  75    301.793      160.075         312.846       40.421       234119.4    0.4035      682.41      165.727        3.794       13.818     1.29668
  76    300.830      159.942         327.146       39.577       226315.2    0.4058      681.03      165.330        8.113       13.396     1.26259
  77    295.889      158.164         336.778       38.300       220144.2    0.4034      679.73      163.292       11.197       13.022     1.23561
  78    286.399      154.591         341.737       36.498       216687.3    0.3952      679.65      159.377       13.123       12.670     1.21990
  79    275.941      150.672         345.698       34.376       214786.2    0.3864      680.44      155.064       14.885       12.174     1.21099
  80    267.862      147.728         351.919       32.129       212106.0    0.3813      681.61      151.731       17.441       11.550     1.19794
  81    263.256      146.211         359.519       30.141       208456.3    0.3812      682.50      149.832       20.378       10.995     1.18032
  82    258.674      144.650         365.868       28.411       204581.6    0.3820      682.95      147.942       22.669       10.601     1.16139
  83    254.655      143.333         370.841       26.503       201191.0    0.3838      682.65      146.284       24.223       10.120     1.14607
  84    250.515      141.937         375.133       24.639       198271.2    0.3859      681.69      144.576       25.536        9.582     1.13427
  85    247.011      140.755         378.842       22.927       195720.1    0.3882      680.65      143.131       26.672        9.061     1.12432
  86    243.563      139.558         382.123       21.373       193238.8    0.3906      679.14      141.709       27.675        8.583     1.11526
  87    240.174      138.353         385.097       19.971       191200.2    0.3930      678.62      140.311       28.530        8.167     1.10678
  88    236.663      137.039         387.521       18.800       189207.2    0.3949      678.34      138.863       29.208        7.812     1.09771
  89    233.549      135.870         389.556       17.532       187637.3    0.3968      678.32      137.578       29.703        7.358     1.09030
  90    229.517      134.349         390.969       16.015       186220.8    0.3969      678.58      135.915       30.198        6.753     1.08260
  91    226.403      133.192         391.735       14.524       185543.8    0.3960      677.98      134.631       30.696        6.135     1.08005
  92    221.685      131.346         391.983       13.140       184833.8    0.3927      676.86      132.685       31.244        5.548     1.07757
  93    218.540      130.143         391.906       11.829       185127.4    0.3890      677.61      131.387       31.931        4.986     1.07722
  94    210.485      126.910         390.542       10.549       185088.9    0.3800      677.45      128.065       32.429        4.486     1.07533
  95    206.742      125.347         390.413       10.435       186937.6    0.3719      678.96      126.522       33.966        4.650     1.08189
  96    193.195      119.760         387.326       10.287       188528.8    0.3530      678.64      120.934       34.943        4.985     1.08773
  97    165.829      108.457         377.228        9.880       191192.5    0.3247      677.37      109.646       32.093        5.917     1.09752
  98    142.123       98.858         360.882        7.471       194097.8    0.3080      676.12       99.868       23.430        5.451     1.10698
  99    127.351       92.460         350.797        2.060       197154.0    0.3000      675.64       93.775       17.902        1.314     1.11964
 100    134.616       95.045         355.621       -1.198       197398.6    0.3007      677.10       96.772       22.230       -0.494     1.12058
 101    142.001       98.163         363.416       -2.236       195743.2    0.3032      678.32       99.818       27.380       -0.935     1.11305
 102    139.895       97.507         367.883       -2.464       195493.1    0.3020      679.00       98.949       30.395       -1.118     1.11217
 103    143.508       99.199         371.030       -2.961       195319.3    0.3057      679.94      100.439       32.198       -1.256     1.11124
 104    140.203       97.924         373.794       -3.718       194676.4    0.3063      680.08       99.076       33.844       -1.716     1.10845
 105    140.764       98.316         375.571       -4.469       194704.4    0.3085      680.21       99.307       34.795       -2.201     1.10928
 106    133.367       95.367         376.160       -4.538       193944.1    0.3052      678.97       96.257       35.590       -2.517     1.10690
 107    128.377       93.430         375.035       -5.283       194672.8    0.3008      677.55       94.198       35.620       -3.170     1.11253
 108    113.842       87.600         372.871       -1.958       193198.0    0.2894      673.89       88.203       35.855       -1.287     1.10843
 109    109.277       85.961         367.530        1.174       194764.0    0.2777      673.82       86.320       34.562        0.753     1.11389
 110     95.201       78.993         357.725       13.933       192514.8    0.2563      669.49       80.514       31.742        9.763     1.10242
 111     69.953       68.911         400.744       12.858       194686.5    0.2849      682.94       70.100       59.404       10.394     1.11041
 112     64.538       65.950         396.674       16.017       194614.5    0.2729      692.31       67.867       59.340       13.279     1.09050
 113    146.222       30.429         346.445       48.779       192022.0    0.2553      679.85      101.559       32.339       27.601     1.07595
 114    114.147       27.994         330.027       38.312       193129.8    0.2172      658.03       88.329       30.587       25.611     1.11431
 115     89.765       29.658         347.603       22.540       188660.3    0.2386      668.52       78.272       42.116       19.183     1.07694
 116     85.199       17.358         349.695       10.762       187779.4    0.2456      671.37       76.389       40.124        8.639     1.06890
 117     90.231       10.984         346.927        5.655       184733.1    0.2512      664.16       78.464       38.706        6.916     1.06240
 118     82.102       11.048         343.988       -6.147       183159.8    0.2510      656.33       75.111       39.156       -6.100     1.06517
 119     85.399       18.386         339.948      -22.970       182666.5    0.2512      648.90       76.471       36.972      -19.838     1.07356
 120    105.332       25.516         334.668      -40.021       183571.5    0.2548      649.22       84.693       30.989      -23.826     1.07589
 121    135.507       34.169         321.646      -57.505       184942.3    0.2590      655.41       97.139       20.680      -25.208     1.06764
 122    159.144       37.138         311.010      -70.819       184822.3    0.2708      660.22      106.889       13.144      -26.201     1.05599
 123    173.693       49.868         309.474      -76.720       186357.3    0.2833      660.66      112.890       11.251      -26.547     1.06440
 124    157.131       58.071         301.465      -66.811       186178.1    0.2653      655.32      106.059        7.348      -25.603     1.06708
 125    156.629       63.126         297.313      -57.586       186007.0    0.2687      652.71      105.851        4.317      -21.481     1.06997
 126    192.647       59.074         316.294      -71.073       185309.9    0.3057      654.52      120.708       10.836      -20.860     1.07739
 127    205.630       57.685         338.984      -75.142       185597.4    0.3411      651.51      126.063       17.853      -20.017     1.10009
 128    177.450       54.832         348.637      -52.530       184336.3    0.3453      655.49      114.439       20.974      -15.520     1.08783
 129    208.737       45.389         334.295      -12.873       177388.8    0.3455      679.04      127.344       13.752       -3.503     1.00849
 130    206.615       42.122         336.382        3.815       177858.5    0.3526      692.84      126.469       16.979       -0.026     1.01472
 131    234.354       52.945         379.563       -1.017       191148.9    0.4183      727.23      137.911       17.933       -4.070     1.05003
 132    327.096       40.979         392.190       -3.496       192648.6    0.4967      754.99      176.164       19.723       -9.289     1.02816
 133    275.653       21.258         299.408      -18.912       179856.0    0.4695      765.09      154.945       12.092       -7.460     0.94714
 134    317.760       37.287         247.530      -81.320       181155.9    0.5386      764.54      172.313        6.659      -14.172     0.95683
 135    262.890       57.105         250.565     -100.497       184268.0    0.5034      670.38      149.681        6.361      -11.983     1.07656
 136    156.321       43.527         303.592      -56.296       180053.8    0.3753      615.48      105.724       11.549      -14.013     1.17702
 137    180.852       29.576         350.681      -29.512       172689.3    0.4519      612.68      115.843       22.867       -7.644     1.17855
 138    146.889       41.535         358.529      -27.995       178835.3    0.4080      631.54      101.834       25.205       -8.761     1.15184
 139    118.241       59.053         350.234      -25.852       185152.9    0.3539      631.88       90.017       25.580       -9.712     1.18119
 140    127.406       71.950         342.735      -23.868       185036.8    0.3371      638.63       93.798       20.676       -9.723     1.14782
 141    136.134       77.847         336.021      -20.029       185186.5    0.3295      642.77       97.398       16.876       -8.497     1.12779
 142    140.844       82.590         332.650      -17.203       186057.7    0.3261      646.28       99.341       14.583       -6.847     1.11872
 143    155.078       89.643         329.401      -17.832       186330.0    0.3354      653.04      105.212       11.519       -6.315     1.10155
 144    174.608       97.337         322.877      -19.189       185348.8    0.3496      651.39      113.267        8.153       -5.988     1.09627
 145    190.318      104.630         318.223      -19.574       183712.4    0.3605      649.07      119.747        5.782       -4.742     1.08957
 146    204.235      109.866         314.865      -22.376       184264.2    0.3643      649.23      125.487        5.448       -4.045     1.09211
 147    208.105      112.967         313.350      -22.037       186645.5    0.3666      645.18      127.084        5.424       -3.756     1.11435
 148    210.842      115.595         308.882      -19.711       188169.8    0.3716      641.13      128.212        4.418       -3.534     1.12914
 149    212.306      117.159         302.289      -16.308       188466.8    0.3740      637.64      128.816        3.125       -3.021     1.13361
 150    204.599      116.525         302.541      -11.939       188991.4    0.3685      638.43      125.637        2.744       -1.742     1.13458
 151    192.715      113.441         300.865       -9.602       188671.2    0.3597      641.57      120.736        1.322       -0.774     1.12486
 152    177.399      106.526         296.564      -14.473       187966.2    0.3442      639.24      114.418        0.215       -3.453     1.11990
 153    161.704       97.945         292.512      -20.431       187189.4    0.3258      634.51      107.944       -0.061       -5.065     1.11990
 154    167.563       91.113         290.170      -26.076       185959.2    0.3197      636.16      110.361       -2.403       -7.098     1.10747
 155    206.528       87.025         289.654      -32.152       184605.0    0.3341      641.41      126.433       -3.895       -6.341     1.09136
 156    251.561       82.996         271.634      -27.946       181777.9    0.3537      642.59      145.008       -8.186       -3.119     1.06719
 157    293.303       78.258         253.352      -18.677       177120.2    0.3837      637.52      162.225      -14.956       -1.500     1.04458
 158    303.148       75.812         248.744       -6.019       177113.5    0.4032      630.64      166.286      -15.915        0.253     1.05604
 159    292.437       80.646         241.967        6.193       181114.5    0.3928      627.67      161.868      -17.787        3.024     1.07942
 160    286.292       87.821         233.168       17.003       182300.0    0.3895      622.95      159.333      -20.681        6.230     1.08995
 161    268.515       92.704         220.408       26.104       183973.0    0.3820      621.51      152.001      -25.276        9.135     1.09618
 162    232.311       92.950         210.728       27.940       187031.2    0.3600      624.19      137.068      -30.193       10.017     1.10055
 163    190.733       91.694         201.291       25.822       189917.7    0.3390      624.42      119.918      -35.219        9.443     1.10798
 164    150.008       87.087         193.508       23.077       190495.3    0.3217      620.23      103.121      -40.203        8.680     1.11245
 165    123.422       81.097         193.112       21.991       189269.6    0.3071      614.75       92.155      -43.154        9.163     1.11315
 166    112.628       78.403         189.802       23.250       189540.9    0.3092      614.52       87.702      -44.976        8.891     1.11434
 167    119.576       81.986         181.190       20.631       187640.6    0.3290      613.63       90.568      -44.849        3.114     1.10424
 168    141.297       90.059         169.119       12.405       186091.1    0.3574      612.46       99.527      -44.925       -1.768     1.09559
 169    159.638       95.676         156.102        4.103       186142.3    0.3835      615.93      107.093      -45.695       -5.354     1.08781
 170    176.483      101.802         145.271       -0.584       185058.9    0.4054      621.35      114.040      -46.099       -7.209     1.07104
 171    191.714      109.217         135.868       -1.023       183678.4    0.4246      625.50      120.323      -46.632       -7.377     1.05526
 172    204.964      116.362         126.289       -0.692       182541.2    0.4441      627.35      125.788      -47.392       -7.237     1.04495
 173    220.157      124.129         115.866       -0.565       181058.6    0.4673      627.46      132.055      -47.968       -6.730     1.03580
 174    237.461      131.917         104.798       -0.779       179183.8    0.4935      626.99      139.192      -48.368       -6.154     1.02549
 175    256.124      139.671          93.183       -1.531       176475.1    0.5227      624.03      146.890      -48.800       -5.786     1.01442
 176    272.739      146.577          80.008       -1.846       173569.1    0.5542      618.48      153.743      -49.556       -5.119     1.00583
 177    284.786      151.856          66.188       -1.472       170554.1    0.5844      613.74      158.712      -50.545       -4.259     0.99496
 178    295.842      156.723          51.833       -0.339       167478.2    0.6156      609.47      163.272      -51.693       -3.442     0.98296
 179    304.897      160.776          36.079        1.554       164239.0    0.6487      605.49      167.007      -53.037       -2.534     0.96928
 180    310.236      163.130          21.019        2.827       160288.0    0.6792      602.06      169.209      -54.339       -1.931     0.95021
 181    313.442      164.441           6.775        3.568       156061.8    0.7076      598.88      170.532      -55.599       -1.477     0.92921
 182    311.527      163.577          -5.980        4.529       152651.6    0.7303      596.60      169.742      -56.987       -0.872     0.91151
 183    303.684      160.159         -14.392        5.385       150160.8    0.7421      594.15      166.507      -58.277       -0.241     0.89969
 184    293.216      155.595         -21.339        6.223       148619.8    0.7500      591.63      162.189      -59.551        0.572     0.89384
 185    281.773      150.450         -28.535        7.676       147580.8    0.7577      590.03      157.469      -60.896        1.658     0.88968
 186    272.584      146.148         -34.875        9.009       146317.7    0.7649      589.00      153.679      -62.063        2.603     0.88342
 187    265.436      142.839         -40.760        9.625       144721.1    0.7725      588.30      150.731      -63.054        3.334     0.87475
 188    257.755      139.342         -46.576        9.917       143264.7    0.7797      588.13      147.563      -64.078        4.008     0.86602
 189    250.624      136.187         -52.992        9.957       141903.5    0.7886      587.96      144.621      -65.125        4.618     0.85810
 190    247.689      134.813         -58.754        9.940       140122.5    0.7983      588.04      143.411      -65.845        5.141     0.84776
 191    245.705      133.930         -63.238        9.797       138225.3    0.8057      588.52      142.592      -66.414        5.420     0.83611
 192    243.078      133.125         -67.714        9.539       136669.5    0.8134      588.56      141.509      -67.009        5.449     0.82715
 193    242.694      133.099         -70.769        9.320       135061.1    0.8191      589.03      141.351      -67.377        5.116     0.81736
 194    242.103      132.832         -72.347        8.819       133764.4    0.8214      589.77      141.107      -67.655        4.365     0.80880
 195    241.512      132.687         -74.051        8.064       132802.3    0.8248      589.41      140.863      -67.899        3.786     0.80381
 196    240.505      132.430         -75.239        7.496       131997.9    0.8271      588.65      140.448      -68.100        3.372     0.80024
 197    240.972      132.827         -75.656        6.829       131951.3    0.8282      588.47      140.640      -68.110        2.914     0.80031
 198    238.625      132.165         -75.441        6.756       131623.8    0.8270      587.52      139.672      -68.274        2.836     0.79947
 199    239.655      132.891         -74.097        6.442       132090.2    0.8245      587.63      140.097      -68.108        2.517     0.80195
 200    236.800      131.873         -72.407        6.281       132069.3    0.8197      587.22      138.919      -68.168        2.383     0.80203
 201    237.330      132.482         -74.573        5.633       132693.0    0.8235      587.11      139.138      -68.345        1.954     0.80557
 202    241.072      134.287         -71.784        6.254       132018.3    0.8220      584.57      140.681      -67.770        1.810     0.80471
 203    224.187      126.608         -69.183       11.192       133797.8    0.8105      582.49      133.717      -68.255        3.595     0.81657
 204    196.916      113.970         -64.527       14.459       137601.6    0.7885      583.89      122.468      -69.552        6.181     0.83514
 205    168.480      103.210         -59.846       12.004       140950.3    0.7663      586.32      110.740      -71.512        7.519     0.84937
 206    177.646      109.476         -64.318        6.716       140502.3    0.7777      585.99      114.520      -71.277        4.537     0.84776
 207    209.004      123.844         -70.460        3.468       136026.5    0.8023      582.54      127.454      -69.753        2.058     0.82852
 208    233.526      134.681         -75.144        1.797       134842.3    0.8209      582.15      137.569      -68.688        0.447     0.82394
 209    257.688      144.381         -78.058       -0.071       133647.6    0.8361      581.29      147.535      -67.565       -1.067     0.81984
 210    270.102      149.208         -81.703       -1.572       132529.6    0.8474      580.11      152.655      -67.127       -1.645     0.81557
 211    281.069      153.872         -84.488       -2.485       131224.4    0.8571      578.37      157.179      -66.697       -1.778     0.81087
 212    287.085      156.956         -86.987       -2.971       130424.5    0.8643      576.61      159.660      -66.535       -1.705     0.80898
 213    282.107      155.701         -90.045       -4.799       129880.0    0.8688      574.68      157.607      -66.959       -2.001     0.80804
 214    274.195      152.886         -90.021       -8.025       129709.6    0.8663      573.29      154.343      -67.358       -2.959     0.80820
 215    273.366      152.473         -86.105      -11.898       129605.4    0.8584      572.42      154.002      -67.159       -4.327     0.80835
 216    288.495      158.318         -79.392      -16.712       130595.2    0.8516      571.56      160.242      -65.893       -5.948     0.81644
 217    315.546      168.461         -78.694      -31.603       129557.3    0.8544      578.40      171.400      -64.388      -10.447     0.80192
 218    317.426      169.436         -83.789      -30.588       130029.0    0.8641      580.06      172.175      -64.602      -10.074     0.80316
 219    313.526      168.138         -89.207      -28.655       130483.2    0.8723      580.98      170.567      -65.118       -9.538     0.80493
 220    317.239      169.709         -91.485      -28.540       129537.4    0.8789      580.02      172.098      -65.045       -9.424     0.80108
 221    313.693      168.144         -92.444      -29.008       130031.2    0.8791      579.86      170.635      -65.274       -9.659     0.80418
 222    309.675      166.480         -93.837      -28.903       129656.8    0.8808      578.88      168.978      -65.555       -9.717     0.80313
 223    306.404      165.307         -95.818      -27.781       130030.4    0.8835      578.70      167.629      -65.825       -9.413     0.80572
 224    298.370      162.274         -97.873      -25.766       129992.9    0.8853      577.79      164.315      -66.349       -8.889     0.80649
 225    288.340      158.437         -99.379      -23.305       130355.0    0.8851      577.31      160.178      -66.945       -8.171     0.80891
 226    276.934      153.821        -101.456      -22.275       130297.2    0.8861      576.62      155.473      -67.660       -8.046     0.80912
 227    264.674      148.933        -103.837      -20.455       130691.0    0.8874      576.62      150.416      -68.420       -7.449     0.81119
 228    255.829      145.383        -107.869      -19.458       130542.5    0.8953      574.64      146.768      -69.047       -7.214     0.81345
 229    250.457      143.351        -109.505      -17.117       129861.0    0.8988      573.58      144.553      -69.385       -6.136     0.81079
 230    254.166      144.979        -112.942      -16.105       129511.0    0.9079      573.11      146.082      -69.326       -5.724     0.81029
 231    257.639      146.457        -117.181      -13.840       128600.1    0.9196      572.56      147.515      -69.313       -4.542     0.80661
 232    265.725      149.781        -120.044      -12.496       129037.2    0.9283      572.92      150.850      -69.063       -3.937     0.81024
 233    250.461      143.398        -121.667      -15.063       127289.7    0.9298      571.93      144.554      -69.892       -5.067     0.80054
 234    249.400      142.401        -131.701      -18.430       128066.5    0.9537      570.83      144.116      -70.247       -7.561     0.80949
 235    231.919      133.985        -131.161      -23.043       125238.6    0.9570      566.10      136.906      -71.010      -12.550     0.79831
 236    257.304      134.779        -137.399      -38.327       125330.4    0.9654      576.90      147.376      -69.894      -18.156     0.78653
 237    299.094      124.008        -164.524      -32.537       121689.6    0.9978      630.25      164.614      -68.075      -10.563     0.72839
 238    362.909      120.519        -139.135      -39.110       115766.6       inf      581.08      190.935      -65.141       -9.947     0.72806
 239    381.616      113.305        -111.220      -36.916       127956.9    1.0014      576.84      198.651      -60.846      -11.056     0.83198
 240    400.676      124.338         -55.352       17.147       139981.6    0.9083      582.09      206.513      -56.452       -4.802     0.90267
 241    382.546      133.850         -43.315       17.757       131319.2    0.8914      553.09      199.035      -56.752       -2.772     0.90328
 242    451.090       84.126        -149.879      -46.846       109082.5    1.2053      548.21      227.307      -61.811      -12.111     0.76841
 243    505.255       66.088        -212.039      -61.929       107085.9       inf      616.57      249.649      -62.841      -15.028     0.67368
 244    434.999      106.437        -181.208      -22.288       118040.9    1.0020      791.33      220.670      -63.171      -12.416     0.65112
 245    374.242      139.175        -163.608      -38.602       122224.6    0.9482      751.67      195.610      -65.207      -13.494     0.66875
 246    357.759      159.515        -108.113      -32.850       124340.1    0.8943      658.08      188.811      -63.640       -9.291     0.70758
 247    375.248      173.488         -90.423      -21.614       123139.0    0.8851      646.65      196.025      -61.747       -6.898     0.71085
 248    380.116      178.677         -85.945      -15.489       123274.0    0.8854      635.43      198.032      -61.368       -5.549     0.71984
 249    373.290      179.384         -85.883      -12.952       124076.9    0.8859      618.92      195.217      -61.558       -4.905     0.73489
 250    372.091      181.731         -84.890      -12.691       123918.6    0.8875      605.60      194.723      -61.613       -3.970     0.74551
 251    367.420      182.613         -82.664      -13.911       124112.4    0.8838      596.06      192.796      -61.726       -4.062     0.75551
 252    368.350      185.309         -81.110      -14.876       124239.7    0.8856      587.25      193.180      -61.639       -3.944     0.76637
 253    369.456      187.681         -78.341      -17.178       124304.8    0.8810      583.10      193.636      -61.469       -4.229     0.77120
 254    370.236      189.401         -73.908      -18.861       124449.8    0.8743      579.93      193.957      -61.120       -4.471     0.77578
 255    375.449      192.593         -70.007      -19.931       124253.5    0.8711      576.23      196.107      -60.576       -4.881     0.77983
 256    378.571      194.489         -64.478      -21.596       124086.6    0.8616      574.72      197.395      -60.090       -5.309     0.78048
 257    378.303      194.718         -58.856      -23.433       124193.2    0.8505      574.11      197.285      -59.734       -5.971     0.78181
 258    382.503      196.663         -53.116      -25.087       123621.5    0.8415      572.85      199.017      -59.176       -6.415     0.78064
 259    384.410      197.472         -48.045      -26.645       123606.2    0.8333      572.36      199.804      -58.833       -6.871     0.78136
 260    390.433      199.876         -42.288      -28.133       123005.6    0.8259      572.10      202.288      -58.196       -7.357     0.77849
 261    389.525      199.189         -35.915      -30.002       122812.7    0.8140      572.01      201.913      -57.843       -8.102     0.77723
 262    390.168      199.178         -32.432      -31.730       122687.1    0.8082      572.12      202.179      -57.569       -8.681     0.77601
 263    393.633      200.542         -28.014      -32.501       122375.1    0.8030      571.30      203.608      -57.135       -8.871     0.77550
 264    395.905      201.343         -22.434      -33.486       122028.8    0.7948      570.87      204.545      -56.601       -9.260     0.77424
 265    399.587      202.597         -17.444      -34.980       121840.9    0.7875      572.09      206.064      -56.014       -9.802     0.77155
 266    405.356      204.622         -12.120      -36.547       121594.9    0.7809      573.98      208.443      -55.280      -10.366     0.76763
 267    410.763      206.431          -6.579      -38.208       121375.1    0.7734      575.91      210.673      -54.445      -10.882     0.76375
 268    415.593      208.267           0.233      -38.887       121321.8    0.7643      576.47      212.666      -53.510      -10.986     0.76276
 269    421.670      210.706           7.897      -39.510       120919.3    0.7557      576.05      215.172      -52.451      -11.058     0.76130
 270    426.932      212.929          17.594      -39.648       120589.8    0.7436      575.96      217.343      -51.236      -10.979     0.75991
 271    429.414      214.210          28.208      -38.723       120006.9    0.7291      575.14      218.367      -50.001      -10.607     0.75771
 272    432.208      215.570          38.363      -37.779       119308.6    0.7161      574.50      219.519      -48.738      -10.253     0.75465
 273    433.577      216.352          49.521      -36.434       118701.9    0.7013      574.39      220.084      -47.426       -9.830     0.75158
 274    432.183      215.974          60.719      -35.060       118139.3    0.6859      573.88      219.508      -46.159       -9.490     0.74935
 275    427.917      214.377          72.679      -33.601       117265.6    0.6684      573.06      217.749      -44.912       -9.221     0.74572
 276    425.241      213.453          84.108      -32.089       116310.6    0.6531      572.53      216.645      -43.455       -8.866     0.74140
 277    420.235      211.444          95.881      -30.969       115018.1    0.6367      571.85      214.580      -42.008       -8.907     0.73518
 278    419.509      211.374         108.433      -29.475       114405.6    0.6209      572.48      214.281      -39.945       -8.520     0.73171
 279    411.984      208.178         116.846      -28.620       112683.9    0.6109      571.58      211.177      -38.792       -8.818     0.72289
 280    396.759      201.185         132.130      -28.021       112289.0    0.5847      572.43      204.897      -37.380      -10.008     0.72002
 281    406.359      205.510         149.345      -27.082       110317.7    0.5672      573.15      208.857      -33.273       -8.942     0.70942
 282    410.967      207.332         161.088      -26.596       107672.8    0.5602      572.10      210.758      -30.183       -8.488     0.69638
 283    403.117      203.820         176.247      -25.767       107061.0    0.5419      573.34      207.520      -27.494       -8.569     0.69255
 284    402.626      203.658         192.410      -24.943       104312.7    0.5283      573.17      207.317      -23.715       -8.098     0.67807
 285    398.333      201.806         207.747      -23.939       102196.9    0.5156      573.47      205.547      -20.158       -7.760     0.66664
 286    395.771      200.722         223.162      -22.744        99808.0    0.5064      573.93      204.490      -16.362       -7.314     0.65367
 287    393.462      199.781         238.202      -21.623        97306.6    0.5003      574.26      203.537      -12.520       -6.869     0.64020
 288    389.806      198.239         252.807      -20.496        94796.3    0.4948      574.17      202.029       -8.785       -6.458     0.62697
 289    385.124      196.190         264.672      -19.016        92460.9    0.4890      573.90      200.098       -5.675       -5.826     0.61437
 290    378.563      193.242         272.596      -17.338        90639.0    0.4813      573.39      197.392       -3.546       -5.015     0.60458
 291    367.960      188.615         277.571      -15.936        89610.0    0.4697      572.79      193.018       -2.105       -4.180     0.59922
 292    356.051      183.585         282.208      -14.799        88911.4    0.4567      572.42      188.107       -0.474       -3.374     0.59551
 293    346.021      179.460         288.054      -13.806        88289.4    0.4460      572.26      183.969        1.700       -2.704     0.59253
 294    338.634      176.424         294.735      -12.935        87528.9    0.4388      572.35      180.923        4.124       -2.210     0.58879
 295    333.223      174.138         301.224      -11.848        86571.1    0.4346      572.62      178.691        6.497       -1.703     0.58378
 296    329.048      172.367         307.095      -10.711        85147.1    0.4329      572.11      176.969        8.509       -1.221     0.57640
 297    327.235      171.604         311.448       -9.860        83984.7    0.4333      571.87      176.221        9.876       -0.844     0.57018
 298    323.619      170.127         315.359       -8.943        83016.8    0.4328      571.51      174.730       11.132       -0.436     0.56511
 299    315.962      167.001         319.850       -8.561        81948.9    0.4305      571.04      171.571       12.401        0.149     0.55957
 300    309.950      164.701         322.843       -8.333        81209.2    0.4295      570.79      169.091       13.417        0.518     0.55559
 301    310.761      165.303         324.136       -7.534        81211.8    0.4311      571.13      169.426       14.042        0.556     0.55557
 302    308.609      164.542         325.527       -6.432        81206.6    0.4288      571.13      168.538       14.618        0.685     0.55552
 303    305.757      163.586         326.955       -4.947        81653.9    0.4264      571.76      167.362       15.284        1.056     0.55800
 304    297.947      160.621         326.744       -3.790        81804.7    0.4191      571.36      164.141       15.539        1.408     0.55897
 305    294.793      159.708         324.431       -3.289        82116.4    0.4146      571.08      162.840       15.260        1.307     0.56040
 306    288.708      157.463         321.954       -2.531        82858.7    0.4070      571.06      160.330       14.978        1.143     0.56418
 307    282.336      154.894         324.118       -1.042        83722.9    0.3976      571.48      157.701       15.939        1.460     0.56951
 308    292.308      158.690         322.406       -0.586        83095.9    0.4011      568.20      161.814       16.458        1.819     0.56863
 309    280.636      154.061         314.128        1.407        84104.9    0.3899      566.57      157.000       14.880        1.941     0.57404
 310    257.273      144.754         306.880        4.468        85470.3    0.3728      567.70      147.364       11.929        2.631     0.57857
 311    237.704      137.294         306.675        4.943        86619.2    0.3552      569.57      139.292       10.752        2.557     0.58264
 312    236.602      137.348         314.590        2.331        86801.5    0.3485      570.86      138.838       14.071        1.160     0.58396
 313    243.782      140.610         322.430       -0.175        85291.0    0.3528      569.67      141.799       18.109       -0.028     0.57753
 314    242.848      140.293         327.141       -1.655        85193.5    0.3526      570.00      141.414       20.312       -0.613     0.57762
 315    243.625      140.538         330.121       -3.342        84751.7    0.3539      570.20      141.734       21.552       -1.323     0.57527
 316    241.164      139.505         333.368       -4.160        84258.7    0.3531      570.60      140.719       22.944       -1.652     0.57227
 317    240.080      139.150         336.457       -4.124        84060.2    0.3544      571.05      140.272       24.260       -1.739     0.57131
 318    235.586      137.477         339.460       -3.440        83812.5    0.3530      572.40      138.419       25.557       -1.543     0.56884
 319    229.551      135.175         343.896       -2.079        83489.6    0.3520      573.17      135.929       27.456       -1.059     0.56697
 320    219.491      131.122         346.068       -2.620        82997.3    0.3443      574.56      131.780       29.178       -1.196     0.56222
 321    211.490      128.096         353.821       -1.125        82574.6    0.3473      574.24      128.480       32.433       -0.551     0.56196
 322    202.398      123.872         354.160       -9.191        81595.0    0.3407      573.81      124.729       33.394       -3.970     0.55566
 323    249.759      143.070         356.056      -18.528        82885.6    0.3789      576.36      144.264       30.658       -7.318     0.56392
 324    244.821      142.210         358.191       -2.239        83417.8    0.3779      575.58      142.228       31.644       -0.902     0.56886
 325    224.792      132.194         355.858      -12.108        86038.9    0.3627      573.43      133.966       32.786       -5.943     0.58745
 326    226.835      132.305         363.135      -17.175        82952.4    0.3753      568.87      134.809       34.885       -7.744     0.57453
 327    216.810      127.295         357.087      -19.119        84186.0    0.3589      571.85      130.674       33.875       -9.059     0.57803
 328    207.975      121.770         349.881      -21.309        83689.7    0.3415      578.61      127.030       31.948       -9.774     0.56738
 329    233.733      130.860         341.573      -25.333        83766.7    0.3528      591.39      137.654       27.101      -10.093     0.55730
 330    235.044      131.699         339.119      -26.184        83796.1    0.3518      600.36      138.195       25.155      -10.365     0.55303
 331    248.021      137.074         335.396      -25.466        83259.6    0.3614      612.52      143.547       22.619       -9.786     0.54443
 332    262.889      139.470         336.003      -28.113        85234.7    0.3689      641.71      149.680       20.381       -9.914     0.54472
 333    266.787      130.839         352.434      -34.005        83159.2    0.3720      666.18      151.288       24.777      -10.871     0.52562
 334    297.143      135.332         365.379      -34.486        83510.1    0.4024      682.88      163.809       26.922       -9.500     0.52413
 335    341.770      145.038         366.084      -39.609        78793.9    0.4401      679.32      182.216       23.558       -8.094     0.49918
 336    382.533      156.263         342.772      -40.977        79355.7    0.4534      693.23      199.030       15.551       -6.987     0.48541
 337    409.432      156.499         309.861      -37.906        78232.8    0.4836      713.70      210.124        6.770       -5.451     0.45706
 338    481.911      167.494         319.252      -79.113        78800.4    0.5429      749.76      240.020       11.525      -14.928     0.44051
 339    580.285      192.678         341.905      -96.148        77135.7    0.6118      759.89      280.596       16.213      -17.114     0.43318
 340    578.418      167.139         375.157     -120.069        72997.9    0.6893      731.05      279.826       21.903      -17.507     0.43409
 341    705.405      169.588         313.447     -188.050        74344.7    0.8177      714.11      332.204       12.248      -23.708     0.45870
 342    573.748      159.177         362.124     -115.596        87205.0    0.6504      696.43      277.900       15.365      -17.407     0.57694
 343    593.223       63.620         385.426     -103.951        78387.6    0.7645      681.32      285.933       13.803       -8.159     0.59946
 344    583.594       40.928         345.730      -59.649        81110.4       inf      631.47      281.961       10.874       -9.317     0.61985
 345    561.990      111.892         328.511       -1.322       101437.0       inf      601.87      273.050       13.298        3.181     0.76325
 346    743.438      144.058         352.973       55.917        98796.0       inf      596.27      347.891       12.514        8.019     0.84352
 347    710.642      181.963         347.377       60.946        85969.7       inf      496.49      334.364       13.035        7.332     0.81228
 348    589.936      177.363         416.954       67.913        66283.5       inf      449.29      284.577       22.972        6.084     0.83689
 349    549.848      148.010         421.653       71.177        67937.7       inf      467.12      268.042       24.642        6.293     0.76464
 350    523.246      151.498         442.473       49.436        63654.6       inf      460.43      257.069       29.351        5.838     0.65176
 351    591.928      214.579         344.323       46.316        53221.9       inf      417.62      285.398       14.411        8.958     0.53906
 352    643.965      211.030         247.059       14.618        42993.0       inf      377.44      306.862       -1.222        1.293     0.48034
 353    547.341      152.030         209.535      -27.588        49724.8       inf      408.82      267.008       -7.551       -3.748     0.47028
 354    493.019      105.576         191.791      -55.870        56158.1       inf      465.66      244.601      -13.486      -10.646     0.44957
 355    447.376      118.621         192.069      -97.181        54861.0       inf      501.50      225.775      -14.987      -19.090     0.40638
 356    417.011      145.207         220.533      -96.765        58709.6       inf      545.56      213.251      -10.348      -22.384     0.41516
 357    425.190      164.692         239.291      -81.681        60757.9    0.6025      575.55      216.624      -13.888      -22.095     0.42565
 358    408.399      158.463         243.432      -57.644        64468.2    0.6032      571.02      209.698      -17.954      -10.981     0.46275
 359    419.467      167.618         256.893      -43.295        64716.2    0.5995      573.29      214.264      -13.351       -5.651     0.45946
 360    413.367      174.519         295.045      -48.730        65555.6    0.5767      606.64      211.748       -2.225       -7.805     0.43537
 361    443.627      188.556         334.177      -58.552        66140.3    0.6006      647.53      224.229       10.081      -10.525     0.41473
 362    434.768      186.655         326.690      -54.568        65804.6    0.5783      627.10      220.575        8.954       -5.551     0.41958
 363    408.076      173.799         333.353      -49.104        65494.2    0.5507      603.75      209.565       11.322       -4.471     0.43167
 364    367.199      156.396         339.550      -41.253        66185.5    0.5139      584.51      192.705       16.832       -4.732     0.44943
 365    337.713      147.982         320.722      -32.073        67943.2    0.4606      563.43      180.543       14.015       -5.486     0.47579
 366    311.941      144.906         303.455      -25.786        70558.4    0.4167      548.67      169.913       10.005       -7.153     0.50861
 367    303.411      147.391         288.599      -25.288        72345.6    0.3971      538.00      166.394        5.015       -8.147     0.53261
 368    298.713      147.076         279.918      -23.907        74082.2    0.3890      534.39      164.456        0.510       -7.640     0.54712
 369    289.124      145.733         278.637      -11.532        75254.0    0.3761      533.52      160.501        0.333       -3.837     0.55211
 370    301.956      150.532         274.049        0.087        76007.9    0.3862      533.92      165.794        1.737       -1.602     0.55621
 371    310.566      156.416         265.007        2.225        76700.7    0.3935      533.00      169.346       -0.388       -1.317     0.56589
 372    321.124      163.220         253.685       -1.582        76751.0    0.4115      527.85      173.700       -4.253       -1.004     0.57139
 373    342.540      169.563         242.881       -3.208        76676.2    0.4431      523.57      182.534       -7.746       -0.478     0.57305
 374    352.455      170.964         237.107        0.010        76687.0    0.4554      524.80      186.623       -9.453        0.659     0.57175
 375    354.855      170.125         234.123        1.960        76918.0    0.4533      534.34      187.613      -10.357        0.747     0.56591
 376    351.001      168.425         229.436        2.082        77357.9    0.4480      536.55      186.024      -11.376        0.802     0.56637
 377    344.880      167.487         219.785        2.874        77480.7    0.4465      525.57      183.499      -14.274        1.574     0.56830
 378    355.790      170.575         210.077        4.675        77100.5    0.4681      511.29      187.999      -16.432        2.662     0.57802
 379    370.452      174.442         199.573        9.290        77255.0    0.4976      498.89      194.046      -18.314        3.438     0.59491
 380    380.341      179.764         183.598       12.500        77114.2    0.5186      497.17      198.125      -21.934        3.409     0.59107
 381    397.499      190.072         167.912       11.792        76096.1    0.5445      500.31      205.203      -25.017        2.598     0.57841
 382    403.604      195.300         160.225        8.578        76145.7    0.5544      503.79      207.721      -26.994        1.621     0.57612
 383    390.989      191.070         153.901        7.861        76353.2    0.5542      497.56      202.517      -29.320        1.760     0.57746
 384    379.811      186.270         145.484       10.711        75433.0    0.5597      489.79      197.907      -31.831        2.838     0.57428
 385    380.401      185.706         131.952       15.286        74049.3    0.5800      487.78      198.150      -34.326        4.147     0.56487
 386    388.126      188.201         112.219       22.104        72569.0    0.6140      488.95      201.337      -37.125        5.430     0.55069
 387    399.879      192.895          89.614       30.267        72017.3    0.6566      491.15      206.184      -39.856        7.151     0.54421
 388    410.803      197.426          67.109       36.424        71785.7    0.7027      492.36      210.690      -42.242        8.416     0.53984
 389    421.041      201.109          51.918       39.187        70619.8    0.7381      492.16      214.913      -43.725        8.455     0.52800
 390    433.024      205.426          39.910       40.957        69214.7    0.7654      495.21      219.855      -44.734        8.261     0.51193
 391    445.306      209.815          28.865       41.521        67507.5    0.7884      499.46      224.921      -45.502        7.938     0.49423
 392    458.398      214.917          19.982       40.438        65844.2    0.8090      501.70      230.322      -46.047        7.555     0.48036
 393    469.391      219.545          13.099       37.033        63789.5    0.8252      504.42      234.856      -46.318        6.900     0.46333
 394    469.787      219.648           9.527       34.680        62402.1    0.8347      501.06      235.019      -46.660        6.658     0.45681
 395    464.120      217.507           3.809       34.256        61865.5    0.8431      497.67      232.682      -47.680        6.938     0.45592
 396    463.072      217.466          -3.458       34.415        60881.7    0.8592      494.50      232.249      -48.536        7.336     0.45208
 397    454.252      213.571          -6.575       36.690        60182.8    0.8683      487.10      228.611      -49.260        8.236     0.45465
 398    438.473      206.321         -10.124       38.416        59960.6    0.8662      485.25      222.103      -50.406        9.220     0.45435
 399    426.008      200.226         -13.663       40.324        59706.0    0.8634      486.42      216.962      -51.385       10.278     0.45103
 400    415.057      195.024         -15.605       40.865        59489.2    0.8579      489.06      212.445      -52.109       10.845     0.44672
 401    403.736      190.178         -18.171       39.553        59471.9    0.8528      492.27      207.775      -52.971       10.938     0.44298
 402    393.565      185.850         -21.407       37.147        59466.2    0.8499      495.66      203.580      -53.901       10.734     0.43921
 403    385.579      182.734         -24.533       33.533        59355.3    0.8489      499.57      200.286      -54.618       10.002     0.43464
 404    379.167      180.573         -24.795       31.853        59306.8    0.8471      497.73      197.641      -55.104        9.562     0.43509
 405    372.691      177.999         -24.253       29.769        59145.6    0.8460      492.73      194.970      -55.596        8.841     0.43734
 406    366.648      175.643         -25.456       27.810        59068.5    0.8467      490.82      192.478      -56.088        8.242     0.43821
 407    362.378      174.451         -25.945       27.056        59212.4    0.8449      490.00      190.716      -56.505        8.249     0.43956
 408    357.185      172.638         -26.424       26.739        58925.2    0.8435      488.21      188.574      -56.952        8.386     0.43868
 409    356.600      172.126         -25.167       28.305        58918.6    0.8417      486.81      188.333      -56.884        9.174     0.43966
 410    347.742      167.982         -23.098       28.642        58372.4    0.8329      484.77      184.679      -57.445        9.665     0.43663
 411    349.618      169.958         -20.360       28.612        59122.1    0.8269      487.07      185.453      -57.128        9.660     0.43968
 412    343.593      167.767         -17.127       29.818        58876.2    0.8177      484.98      182.968      -57.362       10.300     0.43954
 413    343.877      168.217         -23.078       27.650        58399.8    0.8319      482.25      183.085      -58.328        9.556     0.43843
 414    371.405      179.768         -20.335       27.993        57232.6    0.8486      483.85      194.439      -56.655        9.264     0.43013
 415    331.974      163.243          -6.017       32.706        57979.2    0.7971      492.19      178.175      -55.617       10.470     0.42619
 416    268.779      136.678          -0.139       32.653        62197.4    0.7337      503.92      152.110      -58.236       12.505     0.44202
 417    226.013      116.956           3.026       31.500        64292.1    0.6992      508.09      134.470      -63.572       15.842     0.45067
 418    223.403      116.675           4.125       29.032        63354.8    0.6947      507.02      133.393      -63.464       15.111     0.44488
 419    241.047      128.425           2.902       28.324        62473.2    0.7054      505.87      140.671      -61.865       12.839     0.44018
 420    256.274      137.673          -1.055       25.239        63057.4    0.7197      508.44      146.952      -61.129       10.188     0.44266
 421    274.017      146.725         -10.085       23.939        62968.9    0.7412      515.61      154.270      -60.838        8.362     0.43686
 422    281.542      150.662         -16.258       23.842        63186.9    0.7584      514.58      157.374      -61.068        7.922     0.43950
 423    289.271      154.707         -22.155       22.193        62787.0    0.7711      518.26      160.562      -61.198        6.145     0.43408
 424    302.473      158.924         -25.679       23.191        63247.6    0.7825      521.64      166.007      -60.652        5.733     0.43664
 425    295.685      157.718         -36.104       24.131        63451.8    0.7990      516.19      163.207      -62.166        6.330     0.44079
 426    296.125      158.797         -41.675       23.332        63017.3    0.8116      512.61      163.389      -62.621        6.219     0.44078
 427    295.985      159.121         -46.376       22.573        62852.0    0.8229      508.33      163.331      -62.948        6.093     0.44332
 428    296.857      159.674         -48.687       21.502        62602.4    0.8293      505.83      163.691      -63.035        5.773     0.44365
 429    294.784      158.907         -50.798       20.596        62520.6    0.8330      504.35      162.836      -63.270        5.639     0.44410
 430    292.862      158.154         -52.690       19.405        62307.2    0.8369      502.48      162.043      -63.491        5.406     0.44402
 431    291.647      157.795         -52.911       18.394        62199.6    0.8366      502.07      161.542      -63.549        5.240     0.44340
 432    289.601      157.190         -52.172       17.314        62240.2    0.8337      502.13      160.698      -63.591        5.082     0.44336
 433    287.842      156.747         -50.847       15.852        62277.4    0.8295      502.54      159.973      -63.575        4.779     0.44297
 434    287.009      156.699         -49.107       14.630        62383.4    0.8250      502.92      159.629      -63.488        4.491     0.44318
