STAGE PERFORMANCE
====================================================================================================
Stage  Location     Alpha1    Alpha2     Beta2     Beta3      Phi       Psi    Reaction
    1       Hub      -2.39      78.51     -73.66     -76.36    0.3064    0.8248      0.7119
    1      Mean      -3.87      72.46      47.70     -63.21    0.6828    1.4970      0.4243
    1       Tip      -5.42      79.58    -117.70     -50.61    0.4765    0.4562      0.4895
    2       Hub     -57.60      73.64       4.31     -68.45    0.4580    1.2868      0.5782
    2      Mean     -17.66      65.16      -4.64     -59.66    0.6882    1.1295      0.4912
    2       Tip      21.97      70.21     -46.41     -52.99    0.6131    0.7016      0.5770


Span station K = 19

  J       %dVm        Vx(m/s)      Vtheta(m/s)    Vr(m/s)       Pstat(Pa)       Tstat(K)    Mrel      Mabs        T0(K)       Vm(m/s)     Swirl(deg)   Pitch(deg)  Density(kg/m3)     mdot(kg/s)
--------------------------------------------------------------------------------------------------------------------------------------------
   1      3.410       54.657           0.000        0.182       342190.3          707.7    0.5836    0.1050      709.00       54.657      -79.632        0.191     1.68476
   2      1.300       53.541          -0.553        0.175       342192.9          707.8    0.5843    0.1029      709.01       53.542      -79.857        0.181     1.68464
   3      0.955       53.359          -1.162        0.192       342182.3          707.8    0.5854    0.1027      709.00       53.359      -79.910        0.195     1.68459
   4      0.471       53.103          -1.767        0.211       342215.9          707.8    0.5864    0.1023      709.02       53.103      -79.976        0.210     1.68471
   5     -0.190       52.753          -2.461        0.230       342230.9          707.8    0.5877    0.1019      709.02       52.754      -80.061        0.225     1.68476
   6     -0.970       52.340          -3.303        0.250       342255.5          707.8    0.5892    0.1014      709.04       52.342      -80.162        0.241     1.68483
   7     -1.876       51.861          -4.285        0.269       342242.5          707.8    0.5909    0.1009      709.04       51.863      -80.279        0.254     1.68475
   8     -2.799       51.373          -5.317        0.287       342257.2          707.8    0.5928    0.1006      709.05       51.375      -80.397        0.265     1.68479
   9     -3.808       50.839          -6.327        0.304       342223.2          707.8    0.5947    0.1003      709.05       50.842      -80.522        0.274     1.68465
  10     -4.771       50.330          -7.324        0.322       342241.8          707.8    0.5965    0.1002      709.08       50.333      -80.641        0.285     1.68468
  11     -5.830       49.769          -8.386        0.342       342211.4          707.8    0.5984    0.1002      709.09       49.773      -80.770        0.297     1.68454
  12     -6.847       49.231          -9.588        0.362       342204.8          707.8    0.6007    0.1005      709.11       49.235      -80.896        0.311     1.68451
  13     -8.012       48.615         -10.879        0.380       342135.8          707.8    0.6031    0.1009      709.12       48.620      -81.037        0.320     1.68422
  14     -9.192       47.991         -12.160        0.394       342104.9          707.8    0.6056    0.1016      709.14       47.996      -81.177        0.325     1.68410
  15    -10.494       47.302         -13.345        0.405       342003.5          707.8    0.6078    0.1022      709.13       47.308      -81.326        0.324     1.68369
  16    -11.630       46.701         -14.523        0.416       341952.8          707.7    0.6101    0.1031      709.15       46.707      -81.457        0.322     1.68351
  17    -12.801       46.081         -15.753        0.427       341835.2          707.7    0.6125    0.1043      709.13       46.088      -81.590        0.320     1.68308
  18    -13.902       45.499         -17.118        0.442       341774.9          707.6    0.6151    0.1060      709.17       45.507      -81.717        0.327     1.68284
  19    -15.263       44.779         -18.419        0.454       341634.3          707.6    0.6177    0.1076      709.17       44.787      -81.865        0.331     1.68229
  20    -16.601       44.071         -19.627        0.465       341545.5          707.4    0.6201    0.1094      709.06       44.080      -82.007        0.342     1.68227
  21    -18.034       43.313         -20.652        0.474       341365.0          707.1    0.6223    0.1110      708.84       43.323      -82.154        0.365     1.68206
  22    -19.245       42.673         -21.921        0.486       341247.2          707.7    0.6246    0.1133      709.50       42.683      -82.282        0.427     1.68011
  23    -20.501       42.006         -23.652        0.520       341037.3          708.5    0.6276    0.1168      710.46       42.019      -82.412        1.084     1.67709
  24    -20.903       41.367         -24.496        0.532       340877.1          705.1    0.6310    0.1191      707.08       41.806      -82.463        2.200     1.68462
  25    -19.187       40.401         -22.280        0.424       340594.8          695.9    0.6315    0.1159      697.88       42.713      -82.316       -0.127     1.70691
  26    -18.157       39.418         -11.877        0.483       340459.1          683.9    0.6167    0.1009      685.68       43.258      -82.155        0.117     1.73909
  27    -16.996       42.875          -3.452        0.573       340633.7          677.0    0.6030    0.1075      678.77       43.871      -81.948        1.225     1.76091
  28    -11.257       46.563          -2.882        0.581       340561.1          676.7    0.6025    0.1161      678.69       46.905      -81.364        1.341     1.76491
  29     -6.026       49.631          -5.032        0.597       340422.8          677.3    0.6073    0.1230      679.46       49.669      -80.868        1.132     1.76558
  30     -0.358       52.646          -6.275        0.621       340114.5          677.6    0.6105    0.1296      680.00       52.665      -80.334        0.245     1.76482
  31      3.570       54.721          -6.798        0.647       339882.2          677.7    0.6124    0.1335      680.22       54.741      -79.971        0.201     1.76447
  32      7.544       56.821          -7.417        0.677       339677.3          677.5    0.6147    0.1377      680.10       56.842      -79.621        0.169     1.76524
  33     11.703       59.019          -7.694        0.710       339323.1          676.7    0.6165    0.1424      679.55       59.040      -79.271        0.131     1.76677
  34     16.606       61.609          -7.894        0.749       339005.1          676.0    0.6183    0.1485      679.00       61.632      -78.847        0.107     1.76891
  35     23.616       65.315          -7.442        0.780       338494.2          674.9    0.6194    0.1553      678.25       65.337      -78.250        0.007     1.77112
  36     28.700       68.003          -5.992        0.791       338122.4          673.9    0.6183    0.1596      677.39       68.024      -77.779       -0.032     1.77407
  37     32.346       69.930          -4.797        0.807       337914.0          673.2    0.6173    0.1632      676.90       69.951      -77.432       -0.042     1.77634
  38     37.028       72.403          -4.228        0.833       337488.2          672.8    0.6178    0.1684      676.68       72.425      -77.020       -0.052     1.77660
  39     43.471       75.809          -3.180        0.849       336974.2          672.0    0.6180    0.1746      676.21       75.831      -76.464       -0.101     1.77753
  40     49.254       78.866          -1.103        0.841       336471.0          670.3    0.6167    0.1795      674.78       78.888      -75.914       -0.147     1.78177
  41     53.078       80.888           0.982        0.829       336215.9          668.4    0.6149    0.1834      673.06       80.909      -75.509       -0.172     1.78838
  42     58.411       83.707           2.292        0.836       335702.5          666.9    0.6151    0.1895      671.85       83.728      -75.017       -0.183     1.79230
  43     65.305       87.351           4.799        0.822       334997.9          666.0    0.6134    0.1958      671.26       87.371      -74.368       -0.212     1.79321
  44     69.268       89.447           7.754        0.784       334575.9          665.1    0.6099    0.1993      670.57       89.466      -73.884       -0.231     1.79510
  45     74.328       92.121           9.501        0.775       334332.1          663.7    0.6094    0.2052      669.48       92.140      -73.387       -0.252     1.80035
  46     81.248       95.779          12.532        0.736       333286.8          661.6    0.6078    0.2126      667.81       95.798      -72.686       -0.289     1.80368
  47     86.118       98.355          16.217        0.669       332816.7          659.6    0.6042    0.2179      666.14       98.372      -72.070       -0.321     1.80953
  48     92.009      101.469          19.684        0.615       332193.9          657.7    0.6016    0.2248      664.63      101.486      -71.388       -0.341     1.81458
  49     96.784      103.994          23.835        0.538       331423.7          656.0    0.5973    0.2306      663.28      104.009      -70.718       -0.362     1.81808
  50    101.713      106.600          27.604        0.469       330930.3          654.4    0.5939    0.2369      661.99      106.615      -70.044       -0.379     1.82336
  51    107.353      109.582          32.082        0.379       329934.1          652.2    0.5901    0.2445      660.28      109.595      -69.259       -0.405     1.82780
  52    111.873      111.971          36.896        0.271       329246.8          650.0    0.5852    0.2512      658.44      111.984      -68.489       -0.432     1.83413
  53    117.346      114.865          41.700        0.162       328320.0          647.5    0.5812    0.2594      656.52      114.878      -67.638       -0.459     1.84025
  54    122.441      117.558          47.350        0.028       327244.5          645.1    0.5757    0.2678      654.65      117.570      -66.703       -0.490     1.84550
  55    127.277      120.115          53.164       -0.113       326256.3          642.8    0.5700    0.2764      652.86      120.127      -65.727       -0.521     1.85124
  56    132.348      122.794          59.495       -0.268       325005.4          640.0    0.5640    0.2860      650.77      122.806      -64.643       -0.553     1.85744
  57    137.457      125.494          66.581       -0.440       323689.7          637.2    0.5570    0.2969      648.70      125.507      -63.434       -0.592     1.86431
  58    142.697      128.263          73.873       -0.634       322029.5          634.9    0.5502    0.3077      647.23      128.276      -62.102       -0.642     1.86453
  59    146.839      130.451          81.651       -0.847       320287.8          633.2    0.5424    0.3181      646.38      130.466      -60.755       -0.694     1.85965
  60    150.501      132.385          90.412       -1.065       318361.4          631.5    0.5329    0.3298      645.70      132.402      -59.257       -0.738     1.85320
  61    153.918      134.188          99.909       -1.294       315940.2          629.6    0.5229    0.3428      644.98      134.207      -57.553       -0.785     1.84415
  62    156.918      135.771         110.101       -1.525       313463.8          627.8    0.5121    0.3571      644.48      135.793      -55.665       -0.832     1.83472
  63    159.187      136.966         121.089       -1.753       310486.2          626.0    0.5002    0.3727      644.15      136.992      -53.555       -0.880     1.82180
  64    160.728      137.777         132.550       -1.965       307364.1          624.3    0.4878    0.3892      643.99      137.807      -51.245       -0.928     1.80756
  65    161.570      138.218         144.516       -2.150       303993.3          622.6    0.4748    0.4069      644.07      138.252      -48.721       -0.972     1.79141
  66    161.184      138.010         156.957       -2.301       300187.6          621.0    0.4609    0.4253      644.28      138.048      -45.966       -1.017     1.77233
  67    160.364      137.573         169.307       -2.406       296411.8          619.6    0.4472    0.4442      644.79      137.614      -43.062       -1.056     1.75259
  68    159.206      136.958         181.810       -2.465       292317.8          618.3    0.4339    0.4639      645.48      137.002      -39.947       -1.089     1.73070
  69    157.832      136.229         194.633       -2.477       287920.9          617.0    0.4210    0.4847      646.41      136.276      -36.579       -1.114     1.70655
  70    156.457      135.499         207.719       -2.441       283156.1          615.6    0.4089    0.5068      647.44      135.549      -32.969       -1.124     1.68043
  71    155.109      134.783         221.083       -2.364       278065.3          614.3    0.3978    0.5300      648.68      134.837      -29.149       -1.118     1.65185
  72    154.203      134.300         234.706       -2.263       272704.8          613.0    0.3881    0.5545      650.25      134.358      -25.121       -1.104     1.62069
  73    153.729      134.046         248.528       -2.137       266842.1          611.0    0.3808    0.5802      651.25      134.107      -20.921       -1.078     1.58976
  74    153.314      133.823         263.131       -1.965       260919.6          607.1    0.3752    0.6084      650.73      133.888      -16.656       -1.014     1.56856
  75    153.834      134.096         277.491       -1.828       254362.4          601.9    0.3722    0.6379      648.99      134.163      -12.366       -0.946     1.55030
  76    154.268      134.324         289.671       -1.883       247733.5          596.9    0.3713    0.6635      647.00      134.392       -8.567       -0.969     1.53012
  77    152.549      133.410         299.142       -2.165       242374.2          593.0    0.3684    0.6828      645.33      133.484       -5.614       -1.109     1.51329
  78    149.314      131.692         306.344       -2.515       238047.0          590.1    0.3630    0.6968      644.00      131.774       -3.127       -1.294     1.49789
  79    145.505      129.675         312.756       -2.708       234586.4          587.9    0.3570    0.7089      643.10      129.761       -0.643       -1.403     1.48457
  80    142.369      128.022         319.421       -2.663       230940.9          585.6    0.3526    0.7220      642.22      128.103        2.012       -1.386     1.46925
  81    140.208      126.884         326.044       -2.510       226923.6          583.1    0.3505    0.7357      641.24      126.961        4.553       -1.325     1.45140
  82    138.342      125.893         331.832       -2.410       222995.0          580.7    0.3494    0.7481      640.27      125.975        6.640       -1.319     1.43301
  83    136.374      124.840         336.393       -2.402       219563.2          578.7    0.3486    0.7581      639.40      124.935        8.232       -1.383     1.41608
  84    134.180      123.664         339.900       -2.419       216621.7          576.9    0.3475    0.7659      638.54      123.775        9.429       -1.468     1.40091
  85    132.010      122.503         342.720       -2.390       214055.0          575.5    0.3463    0.7723      637.75      122.628       10.392       -1.526     1.38694
  86    129.931      121.396         345.021       -2.293       211682.1          574.1    0.3453    0.7778      636.90      121.529       11.189       -1.538     1.37357
  87    128.102      120.421         347.021       -2.147       209516.0          572.8    0.3444    0.7827      636.14      120.563       11.880       -1.520     1.36085
  88    126.395      119.507         348.818       -1.996       207336.0          571.8    0.3433    0.7875      635.49      119.660       12.487       -1.511     1.34689
  89    125.505      119.021         350.350       -1.862       205389.7          571.0    0.3430    0.7919      635.11      119.190       13.126       -1.499     1.33310
  90    124.720      118.592         351.519       -1.754       203691.3          570.1    0.3427    0.7954      634.44      118.775       13.665       -1.465     1.32138
  91    124.324      118.367         352.825       -1.672       202319.0          569.5    0.3424    0.7991      634.12      118.565       14.368       -1.437     1.31129
  92    123.715      118.029         353.978       -1.623       200730.6          568.8    0.3415    0.8025      633.61      118.243       15.123       -1.425     1.29921
  93    123.982      118.158         355.635       -1.584       199705.8          569.6    0.3402    0.8066      634.69      118.385       16.309       -1.380     1.28684
  94    123.730      118.004         357.072       -1.645       198599.8          571.6    0.3370    0.8093      636.73      118.252       17.636       -1.424     1.27409
  95    124.208      118.252         360.371       -1.735       199558.3          575.6    0.3316    0.8138      641.35      118.504       20.013       -1.335     1.27246
  96    120.559      116.299         361.012       -1.914       200720.2          575.3    0.3255    0.8114      640.96      116.576       20.913       -1.458     1.27679
  97    109.571      110.400         353.986       -2.398       202467.8          572.0    0.3202    0.7918      635.62      110.768       17.050       -2.112     1.28981
  98     97.562      103.871         341.535       -3.190       205630.8          573.5    0.3205    0.7598      633.87      104.420       10.371       -3.170     1.30515
  99     89.829       99.670         335.900       -3.611       209314.0          577.5    0.3165    0.7440      636.28      100.333        6.909       -3.743     1.31478
 100     96.952      103.565         341.804       -3.139       209769.8          579.4    0.3111    0.7586      639.42      104.098        9.865       -2.740     1.30661
 101    104.765      107.793         349.397       -2.527       207381.7          578.9    0.3073    0.7772      640.65      108.228       14.067       -1.914     1.28878
 102    108.442      109.767         356.018       -2.104       206476.7          579.6    0.3045    0.7914      642.94      110.171       17.692       -1.570     1.27896
 103    113.123      112.274         361.450       -1.707       205002.2          579.8    0.3059    0.8039      644.69      112.645       20.658       -1.250     1.26646
 104    116.216      113.931         366.152       -1.351       203905.8          580.5    0.3071    0.8140      646.67      114.280       23.090       -1.029     1.25571
 105    119.720      115.802         370.410       -0.990       202626.8          581.1    0.3104    0.8234      648.55      116.132       25.127       -0.807     1.24443
 106    122.050      117.043         373.812       -0.665       201769.8          581.9    0.3129    0.8304      650.38      117.364       26.681       -0.642     1.23562
 107    124.154      118.156         376.676       -0.364       201059.6          582.8    0.3157    0.8362      652.20      118.476       27.849       -0.503     1.22772
 108    125.433      118.829         378.803       -0.099       200704.6          584.0    0.3172    0.8399      654.12      119.152       28.745       -0.399     1.22139
 109    126.383      119.327         380.981        0.216       200503.3          585.3    0.3189    0.8436      656.08      119.654       29.609       -0.275     1.21605
 110    127.168      119.735         381.956        0.451       200283.1          586.9    0.3193    0.8445      657.99      120.069       30.045       -0.189     1.21002
 111    134.031      123.580         413.560        5.366       202248.9          601.4    0.3511    0.8999      682.48      123.696       42.729        2.484     1.17178
 112    134.852      123.769         413.121       -9.467       202357.4          601.4    0.3511    0.8993      682.40      124.130       42.520       -4.361     1.17236
 113    105.817      108.537         407.211       -7.285       204508.8          603.2    0.3199    0.8784      680.72      108.784       45.190       -3.808     1.18131
 114    103.053      107.109         407.186       -6.705       204869.4          603.4    0.3180    0.8775      680.89      107.323       45.623       -3.529     1.18285
 115    100.138      105.596         407.333       -6.172       204696.1          603.3    0.3165    0.8773      680.77      105.782       46.134       -3.267     1.18203
 116     96.737      103.819         407.782       -5.703       204923.5          603.5    0.3151    0.8775      680.98      103.984       46.820       -3.040     1.18304
 117     92.816      101.764         408.416       -5.302       204688.0          603.3    0.3140    0.8782      680.96      101.912       47.664       -2.853     1.18197
 118     88.924       99.719         409.218       -4.964       204821.7          603.4    0.3132    0.8791      681.24       99.855       48.566       -2.696     1.18258
 119     84.564       97.424         410.255       -4.696       204584.6          603.2    0.3128    0.8807      681.39       97.550       49.639       -2.592     1.18149
 120     80.649       95.360         411.552       -4.493       204683.7          603.3    0.3133    0.8829      681.86       95.481       50.703       -2.530     1.18196
 121     76.202       93.011         413.177       -4.371       204345.2          603.0    0.3145    0.8859      682.18       93.131       51.957       -2.557     1.18043
 122     72.257       90.921         415.103       -4.322       204263.2          602.9    0.3168    0.8896      682.79       91.046       53.164       -2.666     1.18011
 123     67.638       88.466         417.303       -4.333       203727.0          602.6    0.3196    0.8941      683.24       88.604       54.551       -2.902     1.17769
 124     63.823       86.427         419.692       -4.391       203517.6          602.4    0.3235    0.8990      683.98       86.588       55.769       -3.237     1.17681
 125     59.504       84.104         422.289       -4.489       202888.2          602.0    0.3280    0.9046      684.59       84.305       57.093       -3.791     1.17398
 126     56.338       82.371         425.052       -4.625       202601.9          601.7    0.3336    0.9107      685.47       82.632       58.143       -4.556     1.17280
 127     52.593       80.277         428.067       -4.805       201793.0          601.1    0.3399    0.9175      686.17       80.653       59.295       -6.035     1.16919
 128     50.269       78.846         430.965       -4.968       201287.9          600.7    0.3466    0.9242      686.98       79.424       60.091       -8.532     1.16714
 129     48.863       76.982         434.509       -5.167       200206.4          599.9    0.3547    0.9325      687.80       78.681       60.682       -9.915     1.16228
 130     52.349       76.042         439.327       -5.661       199564.7          599.4    0.3661    0.9435      689.49       80.523       60.233       -9.021     1.15941
 131     56.288       75.143         441.693       -5.702       198365.8          598.6    0.3725    0.9497      689.85       82.605       59.622       -8.163     1.15396
 132     60.952       74.640         437.740       -5.321       197452.0          598.5    0.3662    0.9423      688.35       85.070       58.551       -6.472     1.14886
 133     88.719       88.840         427.460       -3.762       198316.6          599.4    0.3575    0.9250      686.43       99.747       52.909        0.657     1.15177
 134     99.186       95.122         418.173       -2.204       198191.2          599.0    0.3458    0.9085      683.24      105.279       49.185        3.055     1.15175
 135     99.575       97.947         413.700       -1.673       198901.5          599.6    0.3387    0.8994      682.48      105.484       47.885        3.855     1.15475
 136    105.237      102.657         411.758       -1.355       198338.7          599.2    0.3398    0.8976      681.88      108.477       45.943        4.294     1.15209
 137    109.696      107.404         409.945       -1.017       198065.0          599.0    0.3406    0.8956      681.61      110.834       43.768        5.100     1.15075
 138    118.794      113.623         409.050       -0.733       196868.2          598.0    0.3467    0.8973      681.11      115.642       39.874        5.343     1.14541
 139    130.283      120.456         408.819       -0.595       196121.9          597.4    0.3566    0.9004      681.29      121.715       35.377        4.504     1.14211
 140    146.340      129.232         406.511       -0.145       194933.7          596.4    0.3661    0.9011      680.45      130.202       31.913        4.002     1.13669
 141    152.357      132.611         402.574        0.466       194965.8          596.5    0.3661    0.8946      679.33      133.382       30.345        3.483     1.13673
 142    158.290      135.840         400.380        0.800       195129.2          596.7    0.3688    0.8921      679.05      136.518       29.300        3.180     1.13742
 143    166.927      140.482         399.682        0.955       194251.0          596.0    0.3762    0.8943      678.74      141.083       28.393        2.871     1.13344
 144    177.471      146.101         398.896        1.128       193567.8          595.4    0.3846    0.8972      678.72      146.656       27.338        2.755     1.13031
 145    187.806      151.604         395.963        1.552       192828.5          594.9    0.3896    0.8960      677.84      152.118       25.933        2.798     1.12684
 146    191.196      153.415         391.492        2.110       193012.2          595.1    0.3872    0.8884      676.59      153.911       24.701        2.893     1.12756
 147    195.779      155.860         389.355        2.371       192991.4          595.1    0.3895    0.8863      676.21      156.333       23.897        2.849     1.12747
 148    205.071      160.787         387.597        2.610       192058.3          594.3    0.3963    0.8879      675.70      161.244       22.846        2.889     1.12312
 149    211.686      164.297         383.486        3.091       191726.0          594.1    0.3978    0.8833      674.56      164.740       21.565        2.993     1.12145
 150    214.708      165.896         379.282        3.543       191808.3          594.2    0.3964    0.8769      673.39      166.338       20.436        3.112     1.12185
 151    221.272      169.363         376.447        3.869       191459.3          593.9    0.4005    0.8753      672.84      169.807       19.278        3.199     1.12017
 152    229.830      173.879         370.706        4.490       190872.7          593.6    0.4034    0.8695      671.31      174.330       17.445        3.380     1.11717
 153    223.365      170.457         362.359        5.244       191970.6          594.9    0.3890    0.8490      668.83      170.913       15.869        3.551     1.12172
 154    217.946      167.594         360.965        5.261       193035.2          595.5    0.3831    0.8436      668.70      168.049       15.785        3.581     1.12691
 155    232.557      175.301         361.411        5.223       191222.3          594.0    0.4003    0.8539      669.16      175.772       14.624        3.622     1.11848
 156    249.278      184.119         355.926        5.801       188876.0          592.0    0.4145    0.8559      667.31      184.609       12.306        3.809     1.10752
 157    253.651      186.410         347.660        6.516       189011.8          592.1    0.4134    0.8438      665.25      186.921       10.138        4.004     1.10807
 158    256.269      187.775         340.277        7.083       189119.2          592.3    0.4121    0.8323      663.32      188.305        8.118        4.140     1.10850
 159    261.158      190.347         333.421        7.558       188896.2          592.1    0.4144    0.8238      661.60      190.888        6.195        4.238     1.10746
 160    266.057      192.921         325.517        8.061       188366.3          591.7    0.4170    0.8141      659.47      193.478        4.016        4.361     1.10484
 161    269.276      194.607         316.936        8.553       188217.2          591.7    0.4183    0.8019      657.26      195.179        1.665        4.463     1.10409
 162    272.309      196.203         307.804        8.992       188020.6          591.6    0.4200    0.7888      654.93      196.783       -0.771        4.519     1.10309
 163    273.371      196.758         298.333        9.371       187758.3          591.5    0.4205    0.7740      652.34      197.344       -3.288        4.566     1.10170
 164    277.209      198.789         289.200        9.644       187484.2          591.3    0.4253    0.7621      650.20      199.372       -5.757        4.561     1.10046
 165    282.817      201.758         278.020        9.939       186242.1          590.3    0.4336    0.7498      647.14      202.336       -8.561        4.542     1.09450
 166    285.588      203.242         265.761       10.091       185372.3          589.7    0.4402    0.7340      643.91      203.801      -11.529        4.476     1.09037
 167    286.941      203.975         253.214       10.144       184551.4          589.1    0.4468    0.7169      640.63      204.516      -14.547        4.402     1.08647
 168    287.206      204.121         239.945       10.257       183539.8          588.4    0.4542    0.6983      637.11      204.656      -17.655        4.362     1.08158
 169    286.973      204.016         226.910       10.229       182577.9          587.8    0.4625    0.6801      633.81      204.533      -20.627        4.269     1.07693
 170    285.880      203.466         213.492       10.067       181328.8          586.9    0.4719    0.6614      630.28      203.955      -23.620        4.134     1.07090
 171    283.605      202.299         200.225        9.770       180091.8          586.1    0.4816    0.6422      626.84      202.753      -26.549        3.962     1.06492
 172    281.254      201.096         187.464        9.377       178770.2          585.2    0.4921    0.6240      623.51      201.510      -29.278        3.761     1.05863
 173    279.780      200.355         174.342        8.955       177247.8          584.1    0.5053    0.6071      620.20      200.731      -31.953        3.559     1.05143
 174    278.436      199.683         160.446        8.478       175227.1          582.5    0.5211    0.5905      616.62      200.021      -34.594        3.336     1.04173
 175    275.150      197.987         146.623        7.860       173061.3          581.0    0.5365    0.5730      612.94      198.284      -37.193        3.090     1.03125
 176    271.093      195.882         133.632        7.150       171102.5          579.6    0.5511    0.5556      609.57      196.140      -39.636        2.833     1.02180
 177    267.676      194.112         120.810        6.518       169021.5          578.1    0.5670    0.5392      606.27      194.334      -41.914        2.590     1.01184
 178    265.161      192.815         107.532        5.901       166606.0          576.3    0.5855    0.5244      602.87      193.004      -44.076        2.348     1.00026
 179    262.854      191.624          93.888        5.242       163846.6          574.2    0.6059    0.5107      599.35      191.785      -46.149        2.100     0.98698
 180    260.226      190.260          80.467        4.631       160965.7          572.1    0.6265    0.4977      595.88      190.396      -48.127        1.872     0.97304
 181    257.337      188.754          68.063        4.055       158137.0          570.0    0.6459    0.4853      592.60      188.869      -49.908        1.660     0.95937
 182    253.881      186.944          57.185        3.563       155554.9          568.2    0.6626    0.4732      589.67      187.042      -51.508        1.486     0.94692
 183    249.458      184.617          47.930        3.249       153343.0          566.9    0.6758    0.4605      587.17      184.704      -52.986        1.377     0.93626
 184    244.517      182.004          40.348        3.376       151504.9          566.0    0.6858    0.4480      585.26      182.093      -54.296        1.439     0.92727
 185    239.627      179.406          33.824        3.638       149878.1          565.5    0.6941    0.4362      583.71      179.508      -55.468        1.569     0.91920
 186    235.544      177.252          27.545        3.515       148206.8          564.7    0.7028    0.4263      582.11      177.351      -56.509        1.524     0.91105
 187    232.372      175.589          21.440        3.165       146440.5          563.7    0.7121    0.4185      580.48      175.674      -57.425        1.354     0.90252
 188    229.752      174.214          15.556        2.773       144614.3          562.5    0.7217    0.4125      578.85      174.289      -58.264        1.151     0.89369
 189    227.698      173.135          10.027        2.379       142786.5          561.3    0.7312    0.4081      577.30      173.204      -59.011        0.956     0.88487
 190    226.294      172.394           5.102        2.079       140986.8          560.1    0.7402    0.4055      575.86      172.461      -59.631        0.792     0.87616
 191    225.271      171.852           1.153        1.921       139317.2          559.0    0.7477    0.4044      574.66      171.921      -60.110        0.677     0.86796
 192    223.304      170.813          -1.739        1.792       137934.7          558.2    0.7526    0.4032      573.74      170.881      -60.569        0.585     0.86100
 193    220.535      169.341          -3.861        1.360       136897.8          557.7    0.7555    0.4017      573.12      169.418      -61.041        0.273     0.85560
 194    218.244      168.102          -5.321        0.771       135968.7          557.3    0.7573    0.4010      572.62      168.206      -61.407       -0.154     0.85070
 195    216.255      167.033          -5.889        0.360       135232.2          557.0    0.7576    0.4011      572.38      167.155      -61.682       -0.430     0.84664
 196    213.133      165.368          -5.700        0.036       134821.8          557.0    0.7556    0.3999      572.29      165.505      -61.971       -0.630     0.84416
 197    210.969      164.205          -5.463       -0.217       134793.3          557.2    0.7539    0.3987      572.45      164.361      -62.132       -0.765     0.84361
 198    208.118      162.685          -4.718       -0.301       134477.6          557.2    0.7507    0.3965      572.30      162.855      -62.326       -0.803     0.84167
 199    206.502      161.829          -4.164       -0.255       134868.3          557.9    0.7483    0.3943      572.81      162.000      -62.354       -0.704     0.84306
 200    202.474      159.690          -3.412       -0.113       134710.5          558.1    0.7443    0.3892      572.65      159.871      -62.697       -0.644     0.84183
 201    202.181      159.543          -3.711        0.233       135486.8          558.7    0.7440    0.3850      572.91      159.717      -62.590       -0.297     0.84574
 202    195.758      156.139          -1.988        1.134       136013.7          559.9    0.7362    0.3737      573.27      156.322      -62.981        0.419     0.84732
 203    173.195      144.022           6.624        2.848       137662.0          562.9    0.7069    0.3590      575.40      144.396      -64.435        2.195     0.85277
 204    150.871      131.805          23.013        4.084       140167.8          566.7    0.6631    0.3617      579.40      132.597      -65.260        4.387     0.86201
 205    136.739      124.302          33.142        4.109       142752.2          569.4    0.6348    0.3632      582.24      125.127      -65.634        4.201     0.87317
 206    148.342      130.458          27.812        4.347       143290.6          569.2    0.6495    0.3576      581.51      131.260      -64.222        3.089     0.87670
 207    161.848      137.219          18.573        6.477       141069.5          566.5    0.6740    0.3493      578.21      138.399      -63.565        3.739     0.86754
 208    168.972      140.211          10.212       10.042       140208.0          565.1    0.6937    0.3411      576.23      142.164      -63.692        5.126     0.86457
 209    178.926      144.355           2.767       14.671       138699.8          562.8    0.7138    0.3410      573.92      147.425      -63.440        6.547     0.85885
 210    187.603      147.479          -4.059       19.694       137722.7          560.8    0.7322    0.3435      572.07      152.011      -63.290        7.939     0.85585
 211    197.614      151.110          -9.958       25.171       136648.5          558.5    0.7500    0.3508      570.18      157.303      -62.960        9.246     0.85268
 212    207.600      154.464         -14.227       31.056       135897.8          556.3    0.7647    0.3600      568.48      162.581      -62.516       10.583     0.85138
 213    217.385      157.667         -16.404       37.005       135280.4          554.1    0.7754    0.3702      566.92      167.753      -61.938       11.891     0.85080
 214    223.373      159.696         -15.839       40.532       134994.6          552.7    0.7783    0.3763      565.88      170.917      -61.445       12.719     0.85112
 215    223.572      160.043         -13.202       40.754       134795.0          552.1    0.7736    0.3759      565.14      171.023      -61.213       12.903     0.85084
 216    224.753      160.205         -11.178       41.774       135105.8          551.9    0.7705    0.3772      565.02      171.647      -60.951       12.956     0.85305
 217    213.465      165.627         -29.803        4.234       137326.8          552.3    0.7995    0.3662      564.67      165.681      -63.204        1.464     0.86631
 218    214.167      166.038         -30.119       -2.143       137257.6          552.2    0.8006    0.3672      564.58      166.052      -63.174       -0.739     0.86611
 219    197.546      157.227         -31.528       -3.153       138419.2          553.3    0.7943    0.3488      564.49      157.267      -64.511       -1.169     0.87173
 220    192.613      154.612         -32.330       -3.406       138713.8          553.4    0.7934    0.3436      564.35      154.660      -64.935       -1.290     0.87331
 221    186.166      151.194         -33.119       -3.695       139079.0          553.7    0.7917    0.3368      564.23      151.252      -65.475       -1.440     0.87515
 222    180.252      148.055         -33.948       -3.996       139464.4          554.0    0.7905    0.3307      564.18      148.126      -65.981       -1.604     0.87709
 223    173.743      144.596         -34.735       -4.349       139753.7          554.3    0.7891    0.3240      564.03      144.686      -66.531       -1.806     0.87853
 224    167.694      141.377         -35.515       -4.724       140122.2          554.5    0.7880    0.3179      564.00      141.488      -67.049       -2.031     0.88038
 225    161.103      137.862         -36.345       -5.199       140402.5          554.8    0.7869    0.3114      563.88      138.005      -67.614       -2.327     0.88179
 226    154.921      134.558         -37.305       -5.689       140761.8          555.0    0.7863    0.3056      563.88      134.738      -68.156       -2.653     0.88358
 227    148.231      130.971         -38.390       -6.240       140988.3          555.2    0.7860    0.2996      563.77      131.202      -68.747       -3.054     0.88471
 228    141.930      127.578         -39.561       -6.801       141274.2          555.4    0.7862    0.2943      563.76      127.871      -69.311       -3.503     0.88614
 229    135.213      123.948         -40.607       -7.365       141409.3          555.5    0.7861    0.2887      563.65      124.321      -69.904       -4.032     0.88680
 230    129.057      120.601         -41.636       -7.890       141618.2          555.7    0.7864    0.2841      563.65      121.067      -70.452       -4.600     0.88783
 231    122.741      117.129         -42.809       -8.481       141678.0          555.8    0.7872    0.2799      563.57      117.729      -71.018       -5.336     0.88813
 232    117.055      113.958         -44.303       -9.024       141811.3          555.9    0.7890    0.2771      563.61      114.724      -71.542       -6.154     0.88878
 233    111.168      110.594         -46.250       -9.645       141746.9          555.8    0.7920    0.2757      563.57      111.612      -72.091       -7.281     0.88844
 234    105.983      107.498         -48.329      -10.222       141729.2          555.8    0.7956    0.2759      563.64      108.871      -72.580       -8.642     0.88833
 235    101.305      104.344         -50.909      -10.964       141454.2          555.6    0.8007    0.2786      563.63      106.399      -73.030      -10.664     0.88695
 236     98.330      101.805         -52.554      -11.375       141242.4          555.2    0.8044    0.2813      563.40      104.827      -73.319      -12.402     0.88627
 237     96.672       98.847         -56.002      -11.384       140731.3          554.2    0.8127    0.2894      562.88      103.950      -73.516      -13.733     0.88469
 238     96.444       96.362         -42.824      -10.430       140239.7          554.5    0.7841    0.2657      562.40      103.830      -73.369      -12.610     0.88102
 239    107.050      105.851         -26.659       -8.935       140279.2          555.0    0.7524    0.2695      562.96      109.435      -71.943       -9.943     0.88050
 240    119.968      114.135         -25.858       -8.409       140021.8          554.7    0.7543    0.2874      563.33      116.263      -70.658       -7.574     0.87936
 241    130.376      120.794         -29.290       -7.989       139616.8          554.2    0.7650    0.3029      563.40      121.764      -69.700       -6.015     0.87767
 242    140.859      126.602         -31.823       -7.599       138970.8          553.6    0.7742    0.3170      563.41      127.305      -68.782       -4.885     0.87457
 243    150.185      131.679         -32.996       -7.224       138568.6          552.9    0.7803    0.3281      563.33      132.234      -67.982       -4.104     0.87305
 244    159.630      136.768         -33.197       -6.785       137976.0          551.7    0.7853    0.3389      562.71      137.227      -67.114       -3.520     0.87128
 245    165.983      140.168         -33.648       -6.463       137662.0          550.9    0.7897    0.3454      562.29      140.584      -66.616       -3.224     0.87063
 246    172.552      143.671         -34.580       -6.157       137217.4          550.1    0.7951    0.3530      561.93      144.056      -66.130       -2.966     0.86920
 247    179.283      147.273         -36.081       -5.867       136786.9          549.3    0.8017    0.3606      561.60      147.614      -65.728       -2.674     0.86779
 248    186.852      151.330         -36.971       -5.525       136319.1          548.4    0.8071    0.3682      561.26      151.615      -65.243       -2.326     0.86623
 249    192.698      154.454         -36.892       -5.218       135969.0          547.8    0.8100    0.3731      560.92      154.704      -64.861       -2.096     0.86512
 250    197.188      156.842         -37.148       -4.950       135659.1          547.1    0.8130    0.3772      560.56      157.078      -64.583       -1.949     0.86428
 251    202.425      159.635         -37.823       -4.649       135304.1          546.4    0.8173    0.3829      560.24      159.846      -64.294       -1.757     0.86326
 252    209.211      163.258         -37.361       -4.281       134826.3          545.5    0.8200    0.3890      559.84      163.432      -63.835       -1.508     0.86165
 253    212.608      165.066         -35.887       -4.015       134603.6          544.8    0.8192    0.3908      559.35      165.227      -63.572       -1.388     0.86136
 254    216.747      167.263         -35.412       -3.736       134368.9          544.1    0.8210    0.3953      559.02      167.415      -63.280       -1.267     0.86110
 255    223.740      170.987         -33.908       -3.355       133837.0          543.2    0.8222    0.4016      558.59      171.111      -62.769       -1.057     0.85927
 256    227.373      172.916         -31.269       -3.048       133554.1          542.5    0.8195    0.4036      558.04      173.032      -62.386       -0.939     0.85875
 257    231.439      175.073         -29.855       -2.736       133389.1          541.8    0.8197    0.4078      557.78      175.181      -62.053       -0.821     0.85884
 258    238.720      178.939         -27.573       -2.333       132710.1          540.7    0.8202    0.4148      557.24      179.029      -61.457       -0.641     0.85635
 259    244.536      182.024         -24.860       -1.982       132353.2          539.8    0.8192    0.4200      556.85      182.103      -60.948       -0.509     0.85551
 260    251.225      185.569         -20.556       -1.637       131936.9          539.0    0.8156    0.4250      556.50      185.639      -60.267       -0.371     0.85424
 261    250.219      185.033         -15.309       -1.478       131942.0          538.7    0.8055    0.4213      555.81      185.107      -59.962       -0.339     0.85503
 262    251.515      185.714         -14.525       -1.255       132186.7          538.3    0.8055    0.4238      555.66      185.792      -59.809       -0.289     0.85745
 263    263.906      192.282         -12.034       -0.721       130922.3          536.5    0.8102    0.4384      555.22      192.341      -58.905       -0.086     0.85210
 264    271.537      196.324          -5.135       -0.232       129958.8          535.1    0.8041    0.4451      554.41      196.374      -57.963        0.054     0.84805
 265    273.712      197.475           0.321        0.113       130162.9          534.9    0.7961    0.4464      554.32      197.524      -57.411        0.136     0.85004
 266    278.658      200.091           6.004        0.496       129644.8          533.8    0.7905    0.4520      553.77      200.138      -56.664        0.231     0.84849
 267    282.694      202.225          12.658        0.880       129287.5          532.9    0.7827    0.4569      553.33      202.271      -55.874        0.318     0.84774
 268    287.129      204.568          19.571        1.299       128808.8          531.9    0.7750    0.4631      552.85      204.615      -54.999        0.409     0.84644
 269    291.780      207.025          27.648        1.748       128264.0          530.8    0.7661    0.4702      552.40      207.074      -53.987        0.501     0.84476
 270    294.538      208.479          36.445        2.208       127726.9          529.7    0.7548    0.4760      551.79      208.531      -52.967        0.591     0.84320
 271    296.798      209.668          45.259        2.650       127368.5          528.6    0.7433    0.4824      551.31      209.726      -51.937        0.671     0.84274
 272    301.221      211.998          55.421        3.097       126577.6          527.1    0.7322    0.4930      550.79      212.064      -50.600        0.741     0.84007
 273    304.338      213.634          67.278        3.590       125588.1          525.4    0.7184    0.5042      550.12      213.711      -49.075        0.811     0.83632
 274    305.222      214.087          79.004        4.076       124835.0          523.9    0.7030    0.5139      549.49      214.178      -47.589        0.883     0.83392
 275    305.066      213.988          91.240        4.535       124046.3          522.3    0.6864    0.5243      548.86      214.096      -46.014        0.945     0.83137
 276    304.993      213.931         103.966        4.977       123053.7          520.6    0.6700    0.5368      548.28      214.058      -44.250        1.006     0.82761
 277    303.759      213.261         116.790        5.357       121958.4          518.8    0.6530    0.5495      547.62      213.405      -42.421        1.061     0.82330
 278    300.981      211.773         129.704        5.679       120929.5          517.1    0.6347    0.5621      547.05      211.937      -40.529        1.113     0.81927
 279    297.972      210.164         142.227        5.976       119814.3          515.4    0.6171    0.5754      546.49      210.346      -38.571        1.175     0.81471
 280    294.498      208.313         154.815        6.232       118599.8          513.5    0.5996    0.5895      545.86      208.510      -36.502        1.236     0.80974
 281    290.797      206.342         167.488        6.351       117261.8          511.5    0.5824    0.6049      545.28      206.554      -34.293        1.262     0.80400
 282    286.891      204.263         179.958        6.345       115779.5          509.4    0.5659    0.6208      544.71      204.490      -31.986        1.259     0.79732
 283    282.873      202.130         192.509        6.279       114201.9          507.3    0.5499    0.6380      544.16      202.366      -29.536        1.250     0.79018
 284    278.926      200.038         205.543        6.185       112456.3          504.9    0.5341    0.6571      543.59      200.280      -26.814        1.246     0.78232
 285    275.062      197.989         217.453        5.994       110501.9          502.7    0.5207    0.6751      543.23      198.237      -24.189        1.215     0.77211
 286    269.686      195.148         228.143        5.627       108548.3          501.1    0.5078    0.6898      543.20      195.396      -21.865        1.128     0.76061
 287    263.454      191.860         238.793        5.107       106578.9          499.6    0.4946    0.7046      543.33      192.102      -19.519        0.997     0.74879
 288    258.458      189.229         248.616        4.416       104555.7          498.2    0.4837    0.7193      543.58      189.461      -17.162        0.814     0.73646
 289    252.587      186.137         257.333        3.564       102662.3          497.1    0.4725    0.7317      543.86      186.358      -15.031        0.573     0.72468
 290    245.364      182.323         264.422        2.614       100987.5          496.5    0.4605    0.7404      544.15      182.541      -13.287        0.273     0.71393
 291    237.405      178.106         269.886        1.687        99672.9          496.3    0.4482    0.7454      544.55      178.334      -11.938       -0.057     0.70508
 292    229.142      173.721         274.550        0.941        98545.1          496.5    0.4358    0.7490      545.02      173.966      -10.768       -0.355     0.69719
 293    221.753      169.790         278.962        0.365        97507.1          496.7    0.4249    0.7528      545.65      170.061       -9.575       -0.612     0.68973
 294    215.187      166.281         282.929       -0.166        96445.2          496.9    0.4159    0.7567      546.24      166.591       -8.480       -0.887     0.68213
 295    208.819      162.863         286.173       -0.731        95508.3          497.2    0.4084    0.7593      546.89      163.225       -7.670       -1.229     0.67517
 296    202.730      159.569         288.482       -1.418        94680.3          497.6    0.4024    0.7604      547.55      160.006       -7.193       -1.690     0.66873
 297    197.132      156.513         289.879       -2.172        93966.7          498.1    0.3982    0.7601      548.17      157.048       -7.022       -2.230     0.66292
 298    191.983      153.688         290.703       -2.859        93338.5          498.7    0.3952    0.7591      548.79      154.327       -7.077       -2.783     0.65750
 299    188.547      151.761         291.067       -3.508        92801.1          499.3    0.3942    0.7581      549.41      152.510       -7.179       -3.288     0.65250
 300    186.027      150.358         291.232       -4.050        92487.7          499.8    0.3929    0.7571      549.83      151.179       -7.202       -3.578     0.64919
 301    182.995      148.727         291.615       -4.383        92340.3          500.3    0.3898    0.7559      550.28      149.576       -7.170       -3.737     0.64710
 302    179.584      146.908         291.956       -4.645        92244.6          501.0    0.3855    0.7542      550.78      147.773       -7.123       -3.845     0.64521
 303    176.288      145.146         291.429       -4.927        92335.8          502.0    0.3813    0.7505      551.31      146.031       -7.207       -3.957     0.64435
 304    171.386      142.535         292.740       -5.106        92515.7          501.6    0.3735    0.7505      550.79      143.440       -6.805       -4.062     0.64646
 305    170.518      142.084         295.667       -5.234        92592.1          500.4    0.3700    0.7574      550.07      142.981       -5.560       -4.008     0.64922
 306    169.219      141.387         297.011       -5.409        92250.6          498.6    0.3676    0.7615      548.36      142.294       -5.065       -4.072     0.64971
 307    168.054      140.737         299.034       -5.646        92879.1          498.8    0.3614    0.7650      548.71      141.679       -4.032       -4.007     0.65469
 308    162.876      137.651         298.177       -6.681        93006.8          499.9    0.3523    0.7593      549.05      138.942       -4.460       -4.809     0.65449
 309    146.778      128.161         292.715       -8.410        93918.0          502.9    0.3366    0.7362      549.84      130.434       -7.595       -6.743     0.65675
 310    135.690      121.051         284.936      -10.018        95054.5          507.2    0.3364    0.7125      552.19      124.573      -10.888       -8.678     0.65891
 311    129.083      117.118         278.964      -10.852        95735.7          510.4    0.3389    0.6956      554.06      121.081      -12.897       -9.594     0.65851
 312    131.416      119.268         279.710      -10.742        95960.1          511.4    0.3378    0.6973      555.23      122.314      -12.028       -8.531     0.65758
 313    134.808      121.644         283.352      -10.538        95388.4          511.2    0.3318    0.7053      555.56      124.107      -10.694       -7.533     0.65335
 314    136.322      122.642         286.776      -10.572        95264.1          511.8    0.3253    0.7119      556.72      124.907       -9.522       -7.141     0.65114
 315    139.632      124.523         290.389      -10.791        94814.8          512.1    0.3208    0.7200      557.71      126.656       -7.829       -6.783     0.64736
 316    141.872      125.737         293.992      -11.139        94561.2          512.6    0.3164    0.7277      558.91      127.840       -6.154       -6.674     0.64474
 317    145.299      127.561         297.555      -11.530        94125.4          512.7    0.3145    0.7361      559.82      129.652       -4.231       -6.538     0.64148
 318    148.249      129.079         300.944      -12.095        93825.9          512.8    0.3133    0.7439      560.78      131.211       -2.399       -6.550     0.63909
 319    151.793      130.907         304.122      -12.596        93407.5          512.6    0.3140    0.7519      561.45      133.084       -0.626       -6.517     0.63633
 320    155.004      132.530         307.045      -13.315        93136.2          512.6    0.3151    0.7592      562.20      134.781        0.965       -6.607     0.63446
 321    158.273      134.276         309.522      -13.580        92806.2          512.3    0.3173    0.7658      562.68      136.509        2.287       -6.499     0.63244
 322    162.390      136.232         311.710      -14.976        92482.1          511.9    0.3212    0.7723      563.09      138.685        3.430       -6.834     0.63058
 323    185.018      150.644         333.470        0.425        93161.2          503.9    0.3516    0.8334      562.20      150.645       12.595        0.162     0.64415
 324    184.502      150.050         333.396       -9.833        93273.5          504.0    0.3509    0.8329      562.21      150.372       12.590       -3.741     0.64483
 325    166.425      140.557         337.091       -8.503        93841.0          504.8    0.3321    0.8319      562.97      140.818       14.989       -3.446     0.64774
 326    163.822      139.211         337.751       -7.930        94064.0          505.0    0.3297    0.8321      563.27      139.442       15.423       -3.238     0.64896
 327    161.205      137.853         338.576       -7.389        93966.9          504.9    0.3276    0.8330      563.23      138.059       15.932       -3.036     0.64848
 328    158.073      136.218         339.551       -6.892        94138.2          505.0    0.3250    0.8337      563.55      136.403       16.555       -2.852     0.64943
 329    154.541      134.366         340.677       -6.487        94056.4          504.9    0.3222    0.8349      563.60      134.537       17.291       -2.707     0.64903
 330    151.238      132.630         341.907       -6.177        94200.5          505.1    0.3199    0.8363      563.97      132.791       18.075       -2.600     0.64983
 331    147.386      130.600         343.252       -5.935        94149.2          505.0    0.3174    0.8380      564.14      130.755       18.987       -2.526     0.64958
 332    144.028      128.828         344.657       -5.767        94304.2          505.1    0.3155    0.8399      564.60      128.980       19.900       -2.484     0.65045
 333    139.841      126.614         346.174       -5.644        94234.9          505.0    0.3133    0.8421      564.82      126.767       20.988       -2.474     0.65010
 334    136.200      124.685         347.753       -5.590        94331.8          505.1    0.3119    0.8445      565.29      124.842       22.072       -2.503     0.65065
 335    131.693      122.293         349.524       -5.578        94197.2          504.9    0.3102    0.8474      565.56      122.461       23.402       -2.575     0.64994
 336    128.030      120.340         351.349       -5.629        94257.8          504.9    0.3099    0.8507      566.11      120.524       24.668       -2.695     0.65031
 337    123.543      117.943         353.358       -5.717        94106.8          504.7    0.3096    0.8544      566.49      118.153       26.183       -2.877     0.64951
 338    119.939      116.002         355.308       -5.839        94153.0          504.7    0.3105    0.8583      567.11      116.248       27.538       -3.104     0.64982
 339    115.272      113.479         357.505       -6.001        93939.0          504.4    0.3116    0.8629      567.55      113.781       29.221       -3.456     0.64868
 340    111.438      111.368         359.695       -6.216        93887.7          504.3    0.3141    0.8676      568.20      111.755       30.725       -3.953     0.64848
 341    106.504      108.622         362.244       -6.475        93544.3          503.8    0.3174    0.8735      568.71      109.147       32.618       -4.816     0.64664
 342    102.761      106.400         364.943       -6.732        93394.9          503.5    0.3230    0.8801      569.50      107.169       34.128       -6.274     0.64598
 343     99.620      103.714         368.856       -7.184        92928.6          502.8    0.3319    0.8901      570.37      105.508       35.720       -9.579     0.64367
 344    103.032      101.371         368.929       -7.065        92512.2          502.3    0.3347    0.8917      570.27      107.312       34.799       -5.280     0.64135
 345    128.305      118.245         360.624       -6.344        92174.7          502.3    0.3379    0.8798      568.75      120.670       27.854       -1.419     0.63888
 346    142.715      127.548         354.653       -5.644        91429.9          500.9    0.3418    0.8724      566.46      128.286       16.917        1.180     0.63537
 347    152.621      132.888         351.570       -5.295        91323.5          500.8    0.3492    0.8687      565.90      133.522       13.153        0.381     0.63480
 348    162.633      138.255         348.196       -4.919        90907.7          500.2    0.3562    0.8655      564.76      138.814       11.167        0.314     0.63260
 349    165.705      139.916         345.696       -4.503        90969.4          500.3    0.3575    0.8611      564.19      140.437       10.475        0.227     0.63293
 350    172.035      143.274         344.371       -4.322        90597.6          499.7    0.3641    0.8615      563.71      143.783        9.592        0.261     0.63097
 351    177.418      146.119         343.292       -4.148        90295.4          499.3    0.3703    0.8621      563.40      146.628        8.747        0.334     0.62938
 352    186.019      150.669         342.219       -4.039        89780.4          498.5    0.3801    0.8648      563.10      151.174        7.679        0.448     0.62661
 353    195.652      155.785         339.804       -3.803        89340.8          497.9    0.3888    0.8650      562.53      156.266        6.383        0.618     0.62417
 354    200.342      158.302         336.045       -3.318        89128.9          497.6    0.3907    0.8598      561.32      158.745        5.369        0.731     0.62300
 355    202.138      159.268         333.659       -2.925        89211.0          497.8    0.3912    0.8557      560.80      159.694        4.759        0.811     0.62349
 356    208.382      162.573         332.242       -2.731        88746.0          497.0    0.3984    0.8570      560.28      162.994        4.008        0.907     0.62100
 357    215.387      166.287         329.922       -2.449        88373.9          496.5    0.4055    0.8569      559.70      166.696        3.053        1.036     0.61896
 358    220.540      169.029         326.510       -2.029        88042.0          496.0    0.4095    0.8535      558.65      169.420        1.985        1.179     0.61712
 359    222.796      170.233         323.643       -1.608        88017.5          496.0    0.4110    0.8491      557.93      170.612        1.181        1.286     0.61703
 360    229.036      173.538         321.648       -1.360        87601.4          495.4    0.4181    0.8498      557.36      173.910        0.415        1.379     0.61479
 361    236.105      177.285         318.233       -0.992        87152.3          494.7    0.4253    0.8484      556.44      177.647       -0.711        1.520     0.61228
 362    239.009      178.835         314.228       -0.496        86950.0          494.4    0.4273    0.8426      555.20      179.182       -1.729        1.631     0.61119
 363    243.095      181.002         311.539       -0.131        86786.7          494.1    0.4319    0.8405      554.59      181.342       -2.520        1.729     0.61036
 364    250.739      185.049         307.883        0.229        86179.8          493.2    0.4408    0.8398      553.51      185.382       -3.644        1.848     0.60697
 365    254.670      187.137         303.423        0.721        85922.5          492.8    0.4447    0.8345      552.27      187.459       -4.772        1.962     0.60556
 366    259.579      189.741         299.436        1.150        85622.6          492.4    0.4504    0.8310      551.25      190.054       -5.791        2.056     0.60393
 367    264.528      192.364         294.727        1.619        85201.3          491.8    0.4564    0.8266      549.88      192.670       -6.964        2.162     0.60157
 368    268.913      194.689         289.997        2.103        84909.3          491.3    0.4618    0.8217      548.65      194.987       -8.083        2.256     0.59999
 369    273.964      197.364         284.866        2.612        84480.2          490.7    0.4685    0.8169      547.24      197.657       -9.289        2.360     0.59758
 370    277.907      199.453         279.317        3.181        84112.1          490.2    0.4741    0.8106      545.70      199.741      -10.529        2.466     0.59554
 371    281.971      201.604         273.762        3.720        83751.8          489.6    0.4804    0.8046      544.24      201.889      -11.780        2.565     0.59353
 372    286.509      204.006         267.568        4.237        83283.8          489.0    0.4877    0.7981      542.53      204.288      -13.099        2.644     0.59092
 373    290.438      206.083         260.997        4.763        82850.6          488.3    0.4948    0.7908      540.78      206.364      -14.477        2.725     0.58849
 374    294.229      208.089         253.940        5.292        82366.8          487.6    0.5025    0.7827      538.85      208.368      -15.924        2.794     0.58578
 375    297.744      209.948         246.388        5.806        81860.5          486.9    0.5106    0.7739      536.82      210.226      -17.444        2.854     0.58295
 376    301.304      211.831         238.294        6.303        81292.3          486.1    0.5198    0.7646      534.63      212.108      -19.038        2.904     0.57976
 377    304.791      213.675         229.659        6.780        80663.0          485.2    0.5299    0.7548      532.30      213.951      -20.678        2.944     0.57622
 378    308.054      215.399         220.462        7.238        79963.0          484.1    0.5409    0.7446      529.82      215.676      -22.385        2.978     0.57226
 379    310.946      216.927         210.738        7.686        79196.6          483.0    0.5527    0.7336      527.19      217.204      -24.156        3.009     0.56791
 380    313.698      218.379         200.718        8.113        78381.2          481.8    0.5656    0.7226      524.51      218.658      -25.920        3.036     0.56327
 381    315.814      219.496         190.411        8.496        77521.4          480.6    0.5789    0.7111      521.75      219.777      -27.708        3.056     0.55833
 382    317.507      220.390         180.115        8.829        76636.2          479.4    0.5925    0.6996      519.01      220.672      -29.435        3.061     0.55325
 383    318.871      221.111         169.801        9.107        75731.6          478.1    0.6066    0.6883      516.30      221.392      -31.124        3.055     0.54803
 384    319.529      221.460         159.413        9.340        74770.9          476.7    0.6209    0.6765      513.52      221.740      -32.801        3.041     0.54246
 385    319.919      221.668         149.448        9.525        73824.9          475.4    0.6350    0.6653      510.86      221.946      -34.354        3.019     0.53698
 386    320.217      221.829         139.665        9.644        72843.6          474.1    0.6495    0.6548      508.22      222.104      -35.832        2.985     0.53131
 387    320.379      221.920         129.661        9.691        71802.9          472.6    0.6648    0.6445      505.53      222.189      -37.330        2.941     0.52526
 388    320.902      222.204         119.730        9.669        70695.8          471.0    0.6812    0.6353      502.87      222.466      -38.707        2.876     0.51881
 389    321.094      222.313         109.812        9.617        69548.5          469.3    0.6977    0.6266      500.22      222.568      -40.068        2.814     0.51211
 390    321.128      222.336          99.850        9.578        68388.3          467.7    0.7148    0.6181      497.62      222.586      -41.395        2.765     0.50526
 391    320.446      221.981          90.415        9.507        67191.5          466.0    0.7309    0.6099      495.05      222.225      -42.642        2.715     0.49819
 392    319.029      221.240          81.575        9.376        66150.1          464.6    0.7455    0.6013      492.80      221.476      -43.872        2.650     0.49196
 393    316.125      219.717          74.483        9.143        65164.2          463.5    0.7559    0.5928      490.79      219.941      -44.911        2.560     0.48606
 394    309.900      216.439          68.844        8.840        64500.8          462.9    0.7606    0.5816      489.20      216.651      -46.088        2.480     0.48201
 395    303.586      213.111          63.564        8.538        64019.9          462.8    0.7644    0.5686      487.89      213.314      -47.309        2.394     0.47906
 396    298.275      210.315          59.552        8.220        63506.0          462.6    0.7670    0.5575      486.73      210.507      -48.209        2.284     0.47604
 397    291.795      206.900          56.161        7.883        63246.7          462.6    0.7677    0.5462      485.84      207.082      -49.121        2.184     0.47450
 398    285.863      203.774          52.481        7.597        62946.4          462.5    0.7695    0.5356      484.87      203.947      -50.056        2.100     0.47271
 399    281.160      201.295          49.094        7.352        62573.8          462.3    0.7721    0.5272      483.93      201.460      -50.843        2.023     0.47050
 400    276.468      198.821          46.047        7.138        62250.0          462.1    0.7742    0.5194      483.11      198.980      -51.605        1.956     0.46854
 401    271.848      196.386          43.524        6.925        61940.6          461.9    0.7754    0.5124      482.35      196.539      -52.313        1.886     0.46666
 402    267.382      194.031          41.573        6.708        61715.5          461.8    0.7757    0.5061      481.79      194.178      -52.930        1.812     0.46525
 403    262.715      191.569          39.929        6.479        61575.2          461.8    0.7753    0.4998      481.37      191.712      -53.543        1.731     0.46433
 404    258.228      189.202          38.548        6.278        61430.5          461.8    0.7745    0.4943      480.95      189.340      -54.105        1.658     0.46340
 405    254.355      187.158          37.372        6.100        61326.9          461.9    0.7738    0.4895      480.64      187.293      -54.591        1.596     0.46270
 406    250.792      185.277          36.358        5.950        61212.8          461.9    0.7731    0.4852      480.38      185.409      -55.053        1.543     0.46191
 407    247.796      183.696          35.491        5.809        61172.2          462.0    0.7725    0.4817      480.23      183.826      -55.416        1.497     0.46157
 408    244.574      181.993          34.697        5.711        61018.3          461.9    0.7718    0.4784      479.87      182.123      -55.843        1.462     0.46061
 409    243.247      181.293          34.228        5.647        60965.9          462.0    0.7718    0.4769      479.79      181.422      -56.001        1.441     0.46023
 410    240.452      179.817          34.119        5.555        60939.8          462.0    0.7699    0.4739      479.65      179.945      -56.271        1.420     0.46000
 411    238.345      178.706          34.141        5.456        61104.5          462.4    0.7681    0.4715      479.81      178.831      -56.429        1.407     0.46090
 412    235.479      177.196          35.166        5.300        61017.4          462.3    0.7641    0.4693      479.60      177.316      -56.559        1.377     0.46033
 413    236.149      177.552          32.872        5.302        61369.1          462.9    0.7684    0.4641      479.87      177.670      -56.660        1.417     0.46229
 414    234.653      176.761          32.582        5.271        61400.6          462.6    0.7688    0.4591      479.18      176.879      -56.966        1.409     0.46291
 415    213.842      165.778          41.558        4.288        62439.7          464.8    0.7357    0.4471      480.60      165.880      -57.734        1.013     0.46843
 416    190.894      153.610          55.643        2.797        63865.4          468.5    0.6899    0.4486      484.41      153.751      -57.966       -0.023     0.47511
 417    174.992      145.122          64.261        1.514        64993.1          471.1    0.6596    0.4487      487.17      145.346      -58.153       -1.003     0.48043
 418    181.908      148.811          58.603        1.541        65412.3          471.5    0.6740    0.4408      486.90      149.001      -57.763       -0.476     0.48302
 419    191.460      153.907          50.130        2.040        64656.1          469.3    0.6971    0.4309      483.84      154.050      -57.910        0.120     0.47993
 420    195.600      156.111          42.081        2.367        64536.2          468.2    0.7157    0.4206      482.08      156.238      -58.582        0.413     0.48013
 421    201.617      159.309          36.027        2.798        63916.7          466.5    0.7323    0.4167      480.02      159.419      -58.687        0.707     0.47743
 422    205.114      161.147          30.906        3.226        63669.1          465.6    0.7451    0.4139      478.94      161.267      -58.912        0.970     0.47652
 423    208.878      163.149          27.642        3.104        63253.5          464.6    0.7545    0.4131      477.87      163.256      -58.915        0.901     0.47445
 424    211.512      164.456          22.504       -0.164        62846.6          463.5    0.7672    0.4115      476.65      164.648      -59.199       -0.409     0.47260
 425    214.368      166.063          18.610        3.616        62375.7          462.3    0.7774    0.4093      475.24      166.158      -59.359        1.190     0.47034
 426    217.348      167.493          15.417        7.213        62052.8          461.3    0.7865    0.4094      474.18      167.733      -59.422        2.588     0.46894
 427    220.243      168.897          12.753        8.966        61880.8          460.4    0.7942    0.4105      473.37      169.263      -59.423        3.187     0.46848
 428    222.498      170.072          10.051        9.217        61710.8          459.5    0.8018    0.4116      472.51      170.455      -59.495        3.239     0.46809
 429    223.922      170.845           7.705        8.986        61584.7          458.6    0.8082    0.4122      471.65      171.208      -59.601        3.137     0.46801
 430    224.853      171.366           6.110        8.583        61574.1          458.0    0.8125    0.4128      471.02      171.700      -59.677        2.985     0.46856
 431    224.748      171.354           5.019        7.834        61696.4          457.7    0.8150    0.4124      470.67      171.644      -59.786        2.730     0.46980
 432    224.412      171.225           4.181        6.941        61852.0          457.5    0.8167    0.4117      470.41      171.467      -59.890        2.419     0.47119
 433    224.355      171.235           3.156        5.984        62022.4          457.2    0.8190    0.4114      470.12      171.436      -59.983        2.079     0.47274
 434    224.876      171.543           2.381        5.161        62115.4          456.9    0.8212    0.4120      469.84      171.712      -60.002        1.767     0.47376
