
OVERALL TURBINE PERFORMANCE
============================================================
Blade-jet speed ratio     0.3965
Pitchline loading         2.7095
Total-Total PR            5.0254
Total-Static PR           5.5853
Energy Extraction           342.3555
Corrected Speed           32.5766
Flow function           0.9440

STAGE PERFORMANCE
====================================================================================================
Stage  Location     Alpha1    Alpha2     Beta2     Beta3    Alpha3      Phi       Psi    Reaction
    1       Hub      -2.16      78.08      68.85     -76.18     -40.91    0.3342    1.8800      0.3418
    1      Mean      -3.64      72.54      51.08     -64.35     -17.73    0.6975    1.5787      0.4161
    1       Tip      -5.18      80.09       2.60     -48.52      17.92    0.4902    0.9765      0.4588
    2       Hub     -61.68      73.68       1.93     -67.83     -14.29    0.4516    1.5441      0.3751
    2      Mean     -27.21      64.63      -6.62     -59.55       3.49    0.7023    1.1870      0.4236
    2       Tip      16.84      70.75     -48.49     -54.33      17.74    0.6426    0.8712      0.4865


Span station K = 1

  J       %dVm        Vx(m/s)      Vtheta(m/s)    Vr(m/s)       Pstat(Pa)       Tstat(K)    Mrel      Mabs        T0(K)       Vm(m/s)     Swirl(deg)   Pitch(deg)  Density(kg/m3)     mdot(kg/s)
--------------------------------------------------------------------------------------------------------------------------------------------
   1      6.403       60.023           0.000       -0.032       341688.4          707.4    0.5397    0.1154      709.00       60.023      -77.656       -0.030     1.68293     0.00000
   2     -9.298       51.144           0.062       -1.509       342447.9          708.0    0.5359    0.0983      709.11       51.166      -79.430       -1.688     1.68539     0.00000
   3    -12.902       49.132          -0.253       -0.349       342206.1          707.9    0.5358    0.0945      708.98       49.133      -79.850       -0.407     1.68431     0.00000
   4    -17.091       46.763          -0.571       -0.793       342315.9          708.0    0.5355    0.0900      708.99       46.770      -80.339       -0.971     1.68460     0.00000
   5    -20.603       44.788          -0.977       -0.270       342435.4          708.1    0.5356    0.0863      709.00       44.788      -80.753       -0.345     1.68497     0.00000
   6    -23.978       42.884          -1.516       -0.245       342426.7          708.1    0.5361    0.0829      708.96       42.885      -81.155       -0.327     1.68488     0.00000
   7    -27.103       41.122          -2.171       -0.026       342567.4          708.2    0.5368    0.0798      708.99       41.122      -81.532       -0.036     1.68537     0.00000
   8    -29.925       39.530          -2.886        0.147       342571.6          708.2    0.5378    0.0771      708.96       39.530      -81.873        0.214     1.68535     0.00000
   9    -32.798       37.909          -3.614        0.264       342645.1          708.3    0.5388    0.0746      708.97       37.909      -82.220        0.399     1.68561     0.00000
  10    -35.492       36.387          -4.357        0.435       342686.2          708.3    0.5399    0.0724      708.97       36.390      -82.544        0.686     1.68574     0.00000
  11    -38.372       34.761          -5.163        0.515       342727.8          708.3    0.5411    0.0702      708.97       34.765      -82.889        0.849     1.68588     0.00000
  12    -41.220       33.152          -6.064        0.618       342777.8          708.4    0.5425    0.0684      708.97       33.158      -83.229        1.076     1.68606     0.00000
  13    -44.221       31.458          -7.044        0.693       342782.8          708.4    0.5442    0.0667      708.96       31.465      -83.587        1.276     1.68607     0.00000
  14    -47.148       29.805          -8.042        0.761       342812.5          708.4    0.5459    0.0655      708.97       29.814      -83.933        1.491     1.68619     0.00000
  15    -50.192       28.086          -9.019        0.809       342786.0          708.4    0.5475    0.0646      708.95       28.097      -84.290        1.692     1.68609     0.00000
  16    -53.182       26.397          -9.988        0.840       342801.0          708.4    0.5493    0.0643      708.96       26.410      -84.636        1.908     1.68617     0.00000
  17    -56.418       24.569         -11.019        0.873       342753.7          708.3    0.5511    0.0644      708.94       24.585      -85.007        2.272     1.68602     0.00000
  18    -59.721       22.702         -12.137        0.906       342753.2          708.3    0.5532    0.0654      708.97       22.722      -85.380        3.312     1.68598     0.00000
  19    -62.597       20.599         -13.189        0.945       342677.5          708.4    0.5551    0.0667      709.01       21.099      -85.703        8.522     1.68557     0.00000
  20    -61.677       18.425         -14.065        0.959       342652.3          708.4    0.5568    0.0686      709.10       21.618      -85.609        4.341     1.68533     0.00000
  21    -60.198       16.275         -14.728        0.890       342549.3          708.4    0.5581    0.0707      709.09       22.453      -85.457        2.937     1.68492     0.00000
  22    -59.117       14.830         -15.408        0.631       342531.5          708.3    0.5594    0.0731      709.08       23.063      -85.346        1.457     1.68494     0.00000
  23    -60.060       14.376         -16.087        0.271       342453.5          708.3    0.5607    0.0747      709.04       22.530      -85.453       -1.973     1.68473     0.00000
  24    -61.935       14.906         -16.925        0.064       342472.9          708.3    0.5622    0.0759      709.07       21.473      -85.663       -6.091     1.68482     0.00000
  25    -63.835       15.680         -16.862       -0.050       342402.7          708.2    0.5619    0.0750      709.03       20.401      -85.878       -6.840     1.68455     0.00000
  26    -66.154       16.171         -11.848        1.119       342472.4          708.4    0.5519    0.0645      709.08       19.093      -86.131       -4.135     1.68438     0.00000
  27    -63.112       18.170          -7.614        2.788       342526.3          708.5    0.5442    0.0627      709.20       20.809      -85.772       -0.474     1.68446     0.00000
  28    -59.637       21.245          -6.593        3.540       342400.4          708.4    0.5428    0.0677      709.19       22.769      -85.400        0.580     1.68408     0.00000
  29    -56.315       23.848          -6.410        3.992       342147.6          708.3    0.5429    0.0743      709.11       24.643      -85.050        1.540     1.68321     0.00000
  30    -53.591       25.661          -6.103        4.583       342026.4          708.2    0.5427    0.0785      709.11       26.180      -84.759        2.922     1.68278     0.00000
  31    -50.205       27.573          -6.060        5.151       341876.5          708.1    0.5431    0.0829      709.12       28.090      -84.392        7.930     1.68224     0.00000
  32    -46.461       29.649          -6.284        5.631       341639.3          708.0    0.5441    0.0870      709.09       30.202      -83.995        9.194     1.68136     0.00000
  33    -42.948       31.581          -6.709        6.115       341404.5          707.9    0.5454    0.0911      709.09       32.184      -83.635        9.888     1.68046     0.00000
  34    -38.277       34.142          -7.124        6.763       341184.2          707.7    0.5470    0.0960      709.10       34.818      -83.164       10.270     1.67967     0.00000
  35    -33.507       36.770          -6.472        7.345       340860.2          707.6    0.5466    0.0996      709.06       37.509      -82.672       10.402     1.67842     0.00000
  36    -30.547       38.362          -5.497        7.911       340716.3          707.5    0.5453    0.1017      709.06       39.179      -82.344       10.771     1.67787     0.00000
  37    -26.954       40.328          -5.129        8.418       340518.8          707.4    0.5454    0.1053      709.08       41.206      -81.967       10.975     1.67709     0.00000
  38    -23.015       42.476          -4.987        9.012       340168.1          707.3    0.5460    0.1095      709.07       43.428      -81.570       11.268     1.67574     0.00000
  39    -17.595       45.413          -4.104        9.905       339924.8          707.2    0.5456    0.1140      709.12       46.486      -81.012       11.693     1.67480     0.00000
  40    -13.710       47.517          -2.710       10.544       339513.2          707.0    0.5441    0.1168      709.05       48.677      -80.576       11.909     1.67317     0.00000
  41    -10.549       49.234          -1.780       11.039       339415.6          707.0    0.5432    0.1197      709.12       50.460      -80.229       12.029     1.67276     0.00000
  42     -5.859       51.776          -1.015       11.790       338872.7          706.7    0.5432    0.1245      709.05       53.106      -79.744       12.222     1.67069     0.00000
  43     -0.595       54.621           0.850       12.671       338573.8          706.6    0.5414    0.1289      709.14       56.075      -79.161       12.476     1.66942     0.00000
  44      3.208       56.654           2.951       13.406       338055.1          706.4    0.5388    0.1321      709.04       58.220      -78.686       12.728     1.66736     0.00000
  45      7.384       58.889           3.956       14.188       337960.3          706.4    0.5384    0.1366      709.19       60.576      -78.234       12.968     1.66701     0.00000
  46     13.318       62.095           6.021       15.173       337108.1          706.0    0.5370    0.1423      709.15       63.924      -77.567       13.198     1.66352     0.00000
  47     17.922       64.530           8.621       16.145       336731.8          705.9    0.5341    0.1467      709.24       66.521      -76.977       13.447     1.66190     0.00000
  48     23.472       67.559          11.257       16.937       336081.8          705.6    0.5317    0.1525      709.23       69.651      -76.292       13.498     1.65936     0.00000
  49     27.494       69.660          14.605       17.886       335469.3          705.4    0.5275    0.1568      709.16       71.921      -75.683       13.798     1.65692     0.00000
  50     32.649       72.398          17.382       18.909       334979.4          705.2    0.5249    0.1627      709.23       74.828      -74.992       14.016     1.65501     0.00000
  51     38.109       75.311          21.027       19.944       333963.3          704.7    0.5212    0.1693      709.08       77.909      -74.204       14.230     1.65108     0.00000
  52     43.186       77.984          24.968       21.033       333300.1          704.4    0.5168    0.1756      709.11       80.773      -73.391       14.435     1.64847     0.00000
  53     48.844       81.018          28.987       22.042       332230.3          703.9    0.5129    0.1830      709.03       83.964      -72.507       14.568     1.64427     0.00000
  54     54.572       84.005          33.945       23.365       331234.9          703.5    0.5076    0.1911      709.06       87.195      -71.493       14.866     1.64026     0.00000
  55     60.705       87.260          39.101       24.573       329932.8          702.9    0.5023    0.2001      709.02       90.655      -70.385       15.036     1.63503     0.00000
  56     66.587       90.399          44.820       25.668       328593.4          702.4    0.4963    0.2095      709.04       93.973      -69.208       15.161     1.62959     0.00000
  57     72.979       93.754          51.262       27.046       326942.1          701.7    0.4898    0.2204      709.04       97.579      -67.859       15.385     1.62288     0.00000
  58     79.627       97.300          58.523       28.286       325010.7          700.9    0.4826    0.2327      709.06      101.329      -66.329       15.484     1.61498     0.00000
  59     86.036      100.669          66.768       29.647       322719.2          699.9    0.4742    0.2462      709.02      104.944      -64.625       15.671     1.60565     0.00000
  60     92.967      104.324          76.006       31.074       320171.7          698.8    0.4653    0.2617      709.08      108.855      -62.638       15.825     1.59519     0.00000
  61     99.327      107.720          86.324       32.241       316891.4          697.4    0.4553    0.2787      708.93      112.442      -60.433       15.896     1.58179     0.00000
  62    105.352      110.915          97.632       33.418       313558.3          695.9    0.4444    0.2973      708.99      115.841      -57.962       15.992     1.56799     0.00000
  63    110.623      113.779         109.909       34.219       309313.5          694.1    0.4328    0.3174      708.83      118.815      -55.216       15.959     1.55036     0.00000
  64    114.286      115.725         122.905       34.921       304991.5          692.3    0.4198    0.3379      708.79      120.880      -52.255       16.011     1.53216     0.00000
  65    117.723      117.609         136.214       35.392       300174.7          690.4    0.4071    0.3597      708.77      122.820      -49.020       15.971     1.51165     0.00000
  66    119.166      118.451         149.911       35.418       294864.2          688.2    0.3932    0.3815      708.61      123.634      -45.607       15.885     1.48883     0.00000
  67    120.079      118.971         163.381       35.473       289557.1          686.3    0.3797    0.4033      708.64      124.148      -42.029       15.848     1.46567     0.00000
  68    120.468      119.305         176.662       35.119       283713.1          684.1    0.3667    0.4254      708.52      124.368      -38.307       15.677     1.44005     0.00000
  69    119.761      119.063         189.899       34.527       277786.0          682.0    0.3536    0.4472      708.54      123.969      -34.426       15.475     1.41371     0.00000
  70    119.061      118.763         203.169       34.141       271312.4          679.7    0.3415    0.4699      708.48      123.574      -30.319       15.364     1.38482     0.00000
  71    118.629      118.708         216.322       33.440       264512.8          677.4    0.3308    0.4930      708.50      123.330      -26.029       15.096     1.35419     0.00000
  72    117.321      118.218         229.440       32.450       257186.6          674.9    0.3207    0.5160      708.39      122.593      -21.601       14.757     1.32107     0.00000
  73    116.401      117.838         242.572       31.869       249763.7          672.5    0.3120    0.5397      708.49      122.074      -16.975       14.570     1.28714     0.00000
  74    116.745      118.281         255.639       30.958       241706.1          669.8    0.3062    0.5644      708.53      122.268      -12.194       14.153     1.25023     0.00000
  75    116.057      118.161         268.338       29.871       233501.7          667.1    0.3013    0.5881      708.59      121.880       -7.516       13.723     1.21231     0.00000
  76    115.404      117.988         278.843       29.041       225334.0          664.7    0.2981    0.6079      708.47      121.511       -3.676       13.399     1.17407     0.00000
  77    112.387      116.608         283.829       27.503       218130.2          663.3    0.2932    0.6162      707.97      119.810       -1.726       12.889     1.13954     0.00000
  78    105.302      112.965         282.630       25.511       213616.9          664.1    0.2844    0.6104      707.94      115.813       -1.826       12.376     1.11625     0.00000
  79     97.169      108.704         279.354       23.533       211126.2          665.9    0.2739    0.6001      708.39      111.225       -2.882       11.894     1.10201     0.00000
  80     90.829      105.445         278.788       21.655       208820.0          667.0    0.2632    0.5959      708.82      107.649       -3.196       11.338     1.08936     0.00000
  81     87.175      103.631         281.918       20.216       205277.7          666.7    0.2546    0.6003      708.83      105.587       -1.773       10.820     1.07213     0.00000
  82     85.094      102.667         286.067       19.006       200925.5          665.7    0.2505    0.6075      708.61      104.413        0.534       10.301     1.05153     0.00000
  83     82.667      101.517         288.052       17.663       196854.8          664.9    0.2509    0.6107      708.42      103.044        1.859        9.705     1.03183     0.00000
  84     79.047       99.664         287.049       16.369       193837.3          665.0    0.2539    0.6077      708.44      101.002        1.636        9.168     1.01636     0.00000
  85     75.447       97.845         284.232       14.875       191550.6          665.4    0.2584    0.6013      708.54       98.971        0.490        8.489     1.00396     0.00000
  86     71.227       95.640         281.224       13.501       189579.0          665.8    0.2618    0.5942      708.51       96.591       -0.777        7.882     0.99312     0.00000
  87     68.644       94.329         279.012       12.328       187895.8          666.3    0.2652    0.5892      708.71       95.134       -1.885        7.300     0.98362     0.00000
  88     66.003       92.989         277.580       11.037       185838.6          666.3    0.2669    0.5859      708.55       93.644       -2.669        6.634     0.97275     0.00000
  89     64.210       92.088         276.711       10.013       184289.5          666.6    0.2678    0.5837      708.79       92.632       -3.277        6.095     0.96402     0.00000
  90     62.423       91.180         276.079        8.997       182450.4          666.6    0.2670    0.5821      708.59       91.624       -3.812        5.523     0.95427     0.00000
  91     60.595       90.253         275.422        7.819       181604.2          667.2    0.2637    0.5801      708.88       90.593       -4.244        4.853     0.94876     0.00000
  92     57.452       88.551         274.622        6.892       180636.4          667.6    0.2575    0.5771      708.68       88.820       -4.645        4.373     0.94306     0.00000
  93     54.791       87.124         273.439        5.805       180805.2          669.0    0.2492    0.5732      709.23       87.319       -4.998        3.731     0.94201     0.00000
  94     48.100       83.409         271.352        4.732       180749.7          670.0    0.2354    0.5659      708.89       83.545       -5.581        3.201     0.94039     0.00000
  95     42.348       80.177         269.075        4.385       182819.1          672.0    0.2207    0.5580      709.39       80.300       -5.859        3.027     0.94858     0.00000
  96     28.422       72.432         259.915        1.169       184394.7          674.6    0.2064    0.5344      709.05       72.444       -9.772        0.857     0.95322     0.00000
  97     -4.137       54.028         236.083       -1.745       186508.8          679.1    0.2108    0.4783      708.62       54.077      -19.190       -0.981     0.95768     0.00000
  98    -24.403       42.405         209.804       -0.892       189616.7          683.3    0.2401    0.4225      709.25       42.645      -26.898        0.963     0.96720     0.00000
  99    -33.915       37.142         198.189       -1.460       191129.6          685.3    0.2506    0.3977      709.38       37.279      -31.335       -5.029     0.97167     0.00000
 100    -33.210       37.582         202.304       -2.030       191878.5          686.1    0.2340    0.4053      709.70       37.677      -32.216       -3.891     0.97422     0.00000
 101    -28.449       40.304         210.864       -1.869       191234.4          685.5    0.2117    0.4227      709.37       40.363      -31.974       -2.862     0.97185     0.00000
 102    -26.403       41.443         218.915       -2.267       190824.7          685.0    0.1904    0.4384      709.42       41.517      -31.353       -3.239     0.97052     0.00000
 103    -22.281       43.779         225.931       -2.204       190012.0          684.2    0.1739    0.4528      709.27       43.842      -29.831       -2.923     0.96772     0.00000
 104    -19.353       45.414         231.696       -2.591       189378.7          683.5    0.1605    0.4645      709.32       45.494      -28.174       -3.318     0.96551     0.00000
 105    -16.526       47.025         236.144       -2.357       188547.5          682.7    0.1499    0.4738      709.16       47.089      -26.823       -2.900     0.96240     0.00000
 106    -16.342       47.109         239.404       -2.728       188146.3          682.4    0.1405    0.4801      709.20       47.192      -26.435       -3.396     0.96091     0.00000
 107    -19.436       45.377         242.205       -2.448       187347.5          681.5    0.1310    0.4850      708.70       45.447      -27.073       -3.198     0.95802     0.00000
 108    -23.390       43.162         244.236       -2.105       187398.7          681.5    0.1217    0.4879      708.83       43.217      -29.791       -2.842     0.95833     0.00000
 109    -24.069       42.590         243.809       -4.281       186895.9          681.3    0.1183    0.4869      708.38       42.833      -36.042       -7.011     0.95600     0.00000
 110    -41.320       30.626         245.370        2.969       186484.5          680.2    0.1034    0.4869      707.28       33.102      -40.601       11.199     0.95530     0.00000
 111    -78.182       10.565         243.177       -6.313       190320.0          684.9    0.0783    0.4757      710.72       12.308      -72.110      -27.154     0.96819     0.00000
 112    -76.426       12.444         296.442       -4.691       189302.0          678.3    0.0396    0.5825      716.62       13.299       48.698      -19.429     0.97241     0.00000
 113    -34.859       -2.999         297.057        3.461       189767.6          675.6    0.0955    0.5910      715.22       36.747       23.605        8.392     0.97868     0.00000
 114      4.265      -25.929         322.149        1.546       188483.3          664.8    0.1778    0.6515      712.86       58.817       25.378        0.528     0.98821     0.00000
 115     19.978      -36.542         337.024        2.138       188077.9          659.1    0.2225    0.6871      713.00       67.681       25.050        1.784     0.99471     0.00000
 116     19.582      -37.530         334.446        1.415       189254.3          656.2    0.2266    0.6842      709.83       67.457       21.978        0.246     1.00550     0.00000
 117     14.137      -35.217         325.784        1.520       189513.6          654.9    0.2170    0.6674      706.12       64.386       18.609       -0.902     1.00878     0.00000
 118     13.895      -35.605         317.870        2.009       189663.8          654.4    0.2127    0.6522      703.49       64.249       14.170       -1.103     1.01038     0.00000
 119     16.574      -37.681         311.893        2.352       189800.0          652.7    0.2158    0.6418      700.50       65.760        9.466       -0.724     1.01376     0.00000
 120     18.906      -39.510         306.450        2.607       190215.9          650.9    0.2217    0.6324      697.55       67.076        5.596        0.984     1.01887     0.00000
 121     22.434      -41.979         301.800        3.057       190446.6          649.5    0.2304    0.6250      695.35       69.066        3.487        1.317     1.02228     0.00000
 122     26.062      -44.604         302.080        3.360       190430.9          647.9    0.2445    0.6279      694.36       71.113        4.351        1.461     1.02488     0.00000
 123     27.161      -45.818         305.172        3.103       190335.9          646.2    0.2587    0.6360      694.15       71.733        6.481        1.217     1.02705     0.00000
 124     24.755      -44.977         308.437        2.956       190477.4          645.2    0.2693    0.6433      694.45       70.376        8.856        1.627     1.02951     0.00000
 125     20.869      -42.827         312.912        2.461       190323.9          644.1    0.2797    0.6526      695.03       68.183       11.375       -1.187     1.03045     0.00000
 126     17.386      -39.093         317.884        1.995       190324.4          643.3    0.2893    0.6621      696.07       66.219       13.506       -0.814     1.03167     0.00000
 127     13.994      -34.389         323.580        1.246       190036.8          642.4    0.2986    0.6729      697.15       64.305       15.463       -0.954     1.03159     0.00000
 128      8.400      -27.778         329.668        0.212       189859.4          641.5    0.3083    0.6842      698.45       61.149       17.560       -1.791     1.03198     0.00000
 129      0.781      -19.479         335.663       -1.072       189366.7          640.3    0.3168    0.6951      699.30       56.852       19.758       -3.167     1.03122     0.00000
 130     -7.843       -9.105         341.067       -2.562       188971.0          639.2    0.3246    0.7050      700.10       51.987       21.762       -5.911     1.03088     0.00000
 131    -13.463        0.839         343.159       -3.253       188269.3          637.7    0.3272    0.7090      699.33       48.816       22.926       -6.345     1.02939     0.00000
 132    -16.130        9.457         339.253       -3.167       187549.2          637.5    0.3203    0.7003      697.74       47.312       22.918       -5.036     1.02571     0.00000
 133      4.178       14.828         322.899       -3.470       188052.7          639.1    0.3135    0.6689      695.08       58.768       12.358       -3.331     1.02581     0.00000
 134     14.412       20.447         306.223       -3.538       187896.0          639.6    0.3101    0.6371      691.49       64.541        2.924       -2.932     1.02381     0.00000
 135     12.876       26.135         296.344       -3.814       187666.9          640.0    0.2976    0.6165      688.90       63.674       -1.390       -3.365     1.02198     0.00000
 136     11.075       29.416         286.892       -3.790       187880.4          640.2    0.2927    0.5970      686.52       62.658       -6.332       -3.331     1.02294     0.00000
 137      8.281       33.640         280.128       -4.039       187708.3          640.3    0.2903    0.5831      684.91       61.082      -11.294       -3.895     1.02198     0.00000
 138      7.437       38.783         275.538       -4.440       187266.6          640.0    0.2933    0.5743      683.78       60.606      -16.236       -5.054     1.02002     0.00000
 139      6.746       44.546         272.890       -4.733       186670.0          639.9    0.2975    0.5698      683.45       60.217      -21.283       -6.860     1.01679     0.00000
 140      9.285       51.230         270.326       -5.079       186055.3          639.8    0.3040    0.5662      683.10       61.649      -25.216       -8.793     1.01366     0.00000
 141     13.435       57.918         265.433       -5.206       185567.7          639.6    0.3076    0.5583      681.88       63.990      -27.398      -10.107     1.01133     0.00000
 142     15.008       61.387         259.979       -5.295       185632.5          639.8    0.3051    0.5479      680.54       64.877      -28.073      -10.168     1.01133     0.00000
 143     19.910       65.606         256.677       -5.501       185673.1          639.9    0.3066    0.5427      679.91       67.642      -27.640       -8.963     1.01144     0.00000
 144     27.072       70.534         254.207       -5.902       185174.5          639.5    0.3116    0.5403      679.21       71.683      -27.578       -8.674     1.00934     0.00000
 145     34.854       75.506         250.389       -5.719       185103.9          639.5    0.3140    0.5352      678.33       76.073      -27.639       -8.518     1.00909     0.00000
 146     39.762       78.501         244.955       -5.482       185054.3          639.5    0.3117    0.5264      676.84       78.841      -27.760       -7.164     1.00879     0.00000
 147     43.028       80.368         240.358       -5.737       185438.2          639.8    0.3102    0.5183      675.91       80.683      -27.508       -5.776     1.01047     0.00000
 148     48.196       83.293         236.144       -5.910       185322.0          639.6    0.3118    0.5123      674.78       83.599      -27.785       -5.279     1.01013     0.00000
 149     51.988       85.449         230.419       -5.780       185538.5          639.7    0.3111    0.5029      673.40       85.738      -28.457       -4.837     1.01118     0.00000
 150     53.670       86.408         224.253       -5.638       185702.3          639.8    0.3089    0.4923      671.78       86.687      -29.109       -4.493     1.01205     0.00000
 151     55.873       87.665         218.692       -5.552       186038.0          639.8    0.3094    0.4832      670.49       87.929      -29.797       -4.241     1.01382     0.00000
 152     59.477       89.702         211.965       -5.520       186083.4          639.5    0.3113    0.4730      668.67       89.963      -31.191       -4.094     1.01453     0.00000
 153     58.352       89.055         204.611       -5.530       186387.1          639.4    0.3092    0.4599      666.73       89.328      -32.468       -3.938     1.01631     0.00000
 154     58.591       89.192         197.836       -5.130       186816.9          639.0    0.3105    0.4490      664.86       89.462      -33.689       -3.551     1.01913     0.00000
 155     59.833       89.885         190.255       -4.887       186885.3          638.0    0.3143    0.4375      662.31       90.163      -35.491       -3.419     1.02087     0.00000
 156     58.166       88.949         182.558       -4.781       187212.3          637.6    0.3162    0.4248      660.29       89.223      -37.246       -3.354     1.02314     0.00000
 157     56.575       88.066         175.319       -4.822       187226.7          637.6    0.3195    0.4136      659.04       88.325      -38.675       -3.278     1.02305     0.00000
 158     54.527       86.805         166.966       -4.752       187052.4          637.1    0.3235    0.4017      657.08       87.170      -40.736       -2.516     1.02284     0.00000
 159     54.480       85.737         158.070       -4.251       187005.8          634.7    0.3316    0.3903      653.26       87.143      -44.333       -2.003     1.02597     0.00000
 160     52.570       84.592         151.142       -4.061       187295.2          631.9    0.3386    0.3814      649.46       86.066      -46.713       -1.675     1.03144     0.00000
 161     49.179       83.428         146.943       -4.015       187691.3          630.2    0.3428    0.3761      647.25       84.153      -47.424       -1.508     1.03597     0.00000
 162     48.503       83.380         144.401       -4.283       187772.9          629.2    0.3478    0.3746      646.07       83.772      -47.302       -2.160     1.03784     0.00000
 163     49.152       83.814         141.805       -4.489       187496.5          628.1    0.3539    0.3738      644.94       84.138      -47.567       -2.578     1.03779     0.00000
 164     51.758       85.333         138.759       -4.230       187231.0          627.2    0.3619    0.3732      643.91       85.608      -47.894       -2.559     1.03766     0.00000
 165     55.523       87.482         135.640       -4.130       186621.5          626.1    0.3708    0.3729      642.69       87.732      -48.204       -2.571     1.03595     0.00000
 166     60.205       90.137         132.394       -4.078       186208.9          625.2    0.3803    0.3725      641.67       90.373      -48.488       -2.564     1.03503     0.00000
 167     66.488       93.692         128.439       -4.184       185379.0          624.1    0.3917    0.3719      640.38       93.917      -48.839       -2.613     1.03225     0.00000
 168     73.206       97.487         123.924       -4.495       184613.8          623.1    0.4041    0.3705      639.16       97.707      -49.312       -2.775     1.02962     0.00000
 169     80.766      101.748         119.046       -4.994       183585.8          621.9    0.4175    0.3692      637.76      101.972      -49.771       -3.030     1.02587     0.00000
 170     88.247      105.961         113.657       -5.453       182422.9          620.6    0.4312    0.3674      636.20      106.192      -50.346       -3.249     1.02155     0.00000
 171     96.418      110.574         107.766       -5.629       181059.4          619.2    0.4460    0.3660      634.53      110.801      -50.895       -3.281     1.01630     0.00000
 172    105.085      115.458         101.095       -5.963       179340.8          617.5    0.4624    0.3651      632.62      115.690      -51.445       -3.365     1.00944     0.00000
 173    112.735      119.770          93.699       -6.215       177379.0          615.6    0.4791    0.3642      630.51      120.006      -52.101       -3.399     1.00140     0.00000
 174    120.313      124.049          85.615       -6.314       175285.8          613.6    0.4970    0.3640      628.27      124.281      -52.802       -3.342     0.99274     0.00000
 175    127.973      128.362          76.590       -6.605       172828.5          611.2    0.5170    0.3648      625.81      128.602      -53.540       -3.366     0.98233     0.00000
 176    134.335      131.954          66.372       -6.666       169955.0          608.5    0.5385    0.3658      622.98      132.190      -54.410       -3.299     0.96989     0.00000
 177    139.870      135.085          55.794       -6.640       166954.0          605.7    0.5605    0.3680      620.07      135.313      -55.256       -3.199     0.95673     0.00000
 178    144.635      137.755          45.090       -7.096       163897.2          602.7    0.5830    0.3707      617.14      138.001      -56.140       -3.320     0.94324     0.00000
 179    148.329      139.827          33.413       -7.403       160614.8          599.5    0.6070    0.3734      614.00      140.085      -57.178       -3.387     0.92854     0.00000
 180    151.698      141.738          21.000       -7.324       156869.8          595.9    0.6329    0.3778      610.54      141.985      -58.173       -3.287     0.91152     0.00000
 181    154.020      143.041           9.007       -7.512       153160.1          592.4    0.6578    0.3822      607.20      143.295      -59.152       -3.308     0.89442     0.00000
 182    154.070      143.040          -1.825       -8.032       149900.8          589.4    0.6792    0.3832      604.15      143.323      -60.227       -3.479     0.87930     0.00000
 183    151.010      141.306         -10.076       -8.113       147421.6          587.3    0.6936    0.3789      601.61      141.597      -61.295       -3.490     0.86793     0.00000
 184    146.191      138.593         -15.429       -7.932       146076.5          586.4    0.7009    0.3700      599.94      138.879      -62.293       -3.413     0.86199     0.00000
 185    140.449      135.340         -19.527       -8.029       145134.2          585.8    0.7052    0.3582      598.44      135.640      -63.339       -3.468     0.85817     0.00000
 186    136.273      132.976         -24.308       -8.129       144204.2          585.2    0.7121    0.3483      597.05      133.284      -64.323       -3.526     0.85448     0.00000
 187    134.276      131.838         -29.827       -8.299       142551.6          583.8    0.7223    0.3429      595.27      132.157      -65.108       -3.607     0.84738     0.00000
 188    132.471      130.823         -35.747       -8.262       140701.5          582.1    0.7335    0.3397      593.42      131.139      -65.869       -3.600     0.83923     0.00000
 189    132.017      130.560         -41.934       -8.383       138746.1          580.5    0.7460    0.3380      591.63      130.883      -66.555       -3.632     0.83044     0.00000
 190    132.131      130.613         -47.494       -8.590       136758.1          578.8    0.7578    0.3371      589.87      130.947      -67.088       -3.677     0.82154     0.00000
 191    132.985      131.107         -51.947       -8.475       135125.4          577.4    0.7677    0.3378      588.57      131.429      -67.441       -3.579     0.81416     0.00000
 192    133.567      131.425         -56.267       -8.677       133397.8          576.0    0.7773    0.3387      587.17      131.757      -67.822       -3.626     0.80621     0.00000
 193    134.143      131.738         -59.778       -8.892       131843.0          574.7    0.7854    0.3400      586.00      132.082      -68.106       -3.675     0.79897     0.00000
 194    134.365      131.852         -62.228       -9.084       130589.5          573.7    0.7910    0.3408      585.10      132.208      -68.334       -3.736     0.79300     0.00000
 195    133.433      131.323         -64.016       -9.135       129740.3          573.1    0.7946    0.3402      584.51      131.682      -68.605       -3.751     0.78883     0.00000
 196    132.825      130.982         -64.705       -9.117       129037.9          572.6    0.7960    0.3393      584.04      131.339      -68.763       -3.747     0.78534     0.00000
 197    131.571      130.273         -64.601       -9.141       128885.7          572.7    0.7952    0.3371      583.99      130.631      -68.888       -3.787     0.78437     0.00000
 198    130.020      129.384         -63.920       -9.342       128766.9          572.8    0.7929    0.3342      583.91      129.756      -69.006       -3.915     0.78359     0.00000
 199    127.333      127.844         -62.564       -9.599       129063.4          573.2    0.7887    0.3301      584.11      128.240      -69.115       -4.094     0.78474     0.00000
 200    123.241      125.559         -60.612       -9.257       129344.8          573.8    0.7823    0.3242      584.29      125.932      -69.323       -4.028     0.78575     0.00000
 201    122.576      125.169         -60.033       -9.409       129905.1          574.3    0.7804    0.3213      584.58      125.557      -69.278       -4.164     0.78838     0.00000
 202    115.614      121.293         -60.053       -8.440       130477.8          574.5    0.7770    0.3137      584.15      121.630      -69.693       -3.883     0.79158     0.00000
 203     99.469      112.297         -55.481       -6.067       132450.9          576.2    0.7599    0.3005      585.02      112.522      -70.406       -3.021     0.80077     0.00000
 204     78.925      100.720         -44.592       -5.437       135912.4          579.3    0.7275    0.2810      587.07      100.933      -71.359       -3.025     0.81688     0.00000
 205     64.699       92.680         -40.779       -6.317       140095.2          582.5    0.7104    0.2532      588.92       92.908      -73.254       -3.805     0.83702     0.00000
 206     71.442       96.431         -47.193       -7.332       140450.0          581.5    0.7249    0.2474      587.71       96.712      -73.263       -4.301     0.84064     0.00000
 207     82.368      102.567         -56.241       -7.921       137316.4          577.4    0.7485    0.2585      584.03      102.875      -72.844       -4.422     0.82823     0.00000
 208     87.042      105.173         -64.182       -8.412       135393.9          574.9    0.7670    0.2675      581.89      105.512      -72.887       -4.588     0.82037     0.00000
 209     89.322      106.423         -70.383       -8.928       133728.0          572.9    0.7812    0.2751      580.16      106.799      -73.003       -4.801     0.81326     0.00000
 210     89.110      106.253         -75.400       -9.509       132557.8          571.4    0.7918    0.2802      578.95      106.679      -73.252       -5.106     0.80820     0.00000
 211     87.479      105.289         -78.968       -9.955       131423.3          570.1    0.7992    0.2830      577.68      105.759      -73.538       -5.380     0.80324     0.00000
 212     85.419      104.012         -80.969      -11.042       130814.8          569.3    0.8030    0.2839      576.96      104.596      -73.783       -6.026     0.80058     0.00000
 213     80.981      101.355         -81.788      -12.250       130006.1          568.4    0.8036    0.2813      575.84      102.093      -74.170       -6.839     0.79698     0.00000
 214     77.897       99.570         -81.416      -12.513       130508.7          568.8    0.8013    0.2779      576.13      100.353      -74.400       -7.107     0.79941     0.00000
 215     76.484       98.421         -79.743      -14.989       130228.3          568.5    0.7971    0.2742      575.67       99.556      -74.448       -8.565     0.79806     0.00000
 216     70.521       95.380         -78.414      -12.468       130667.9          569.0    0.7916    0.2667      575.75       96.192      -74.889       -7.382     0.80012     0.00000
 217     56.653       86.860         -75.272      -16.266       133736.0          571.6    0.7784    0.2482      577.51       88.370      -75.950      -10.429     0.81515     0.00000
 218     63.135       90.552         -73.941      -16.403       133583.8          571.2    0.7779    0.2525      577.27       92.026      -75.340      -10.107     0.81486     0.00000
 219     59.519       88.839         -70.616      -14.321       133698.0          571.4    0.7697    0.2453      577.20       89.986      -75.537       -9.036     0.81526     0.00000
 220     52.707       84.740         -69.095      -15.486       133302.4          571.3    0.7641    0.2372      576.73       86.143      -76.058      -10.202     0.81299     0.00000
 221     46.292       81.283         -68.718      -14.264       133778.1          572.0    0.7607    0.2311      577.19       82.525      -76.598       -9.802     0.81489     0.00000
 222     41.393       78.498         -69.144      -14.140       133538.7          571.9    0.7602    0.2281      576.95       79.761      -77.041      -10.059     0.81362     0.00000
 223     34.903       74.907         -70.355      -13.421       133802.2          572.2    0.7609    0.2253      577.20       76.100      -77.653      -10.005     0.81476     0.00000
 224     28.612       71.440         -72.084      -12.648       133687.3          572.1    0.7633    0.2244      577.13       72.551      -78.261       -9.883     0.81417     0.00000
 225     19.767       66.509         -74.292      -11.879       133738.9          572.1    0.7664    0.2235      577.23       67.562      -79.103       -9.975     0.81439     0.00000
 226     10.066       61.160         -77.061      -10.704       133648.1          572.0    0.7712    0.2251      577.27       62.089      -80.018       -9.699     0.81399     0.00000
 227     -2.214       54.335         -80.271       -9.511       133482.4          571.8    0.7773    0.2288      577.36       55.162      -81.145       -9.491     0.81320     0.00000
 228    -11.375       46.036         -83.648       -7.759       133218.8          571.5    0.7844    0.2355      577.47       49.994      -81.961        0.309     0.81200     0.00000
 229      2.843       34.231         -86.657       -5.257       132700.7          570.8    0.7924    0.2462      577.32       58.015      -80.769        0.682     0.80994     0.00000
 230     25.323       19.954         -89.559       -2.536       132045.5          569.5    0.8029    0.2646      577.12       70.696      -78.910        1.299     0.80772     0.00000
 231     44.321        8.012         -93.096       -1.355       131216.5          568.0    0.8159    0.2876      577.05       81.413      -77.373        0.979     0.80476     0.00000
 232     51.964        3.140         -97.363       -1.520       130653.1          566.9    0.8280    0.3074      577.26       85.724      -76.726       -0.025     0.80276     0.00000
 233     50.618        3.922        -101.511       -2.236       130089.4          566.0    0.8379    0.3222      577.30       84.965      -76.775       -0.010     0.80054     0.00000
 234     44.517        8.865        -105.437       -3.728       129666.0          565.1    0.8460    0.3319      577.09       81.524      -77.184       -2.615     0.79906     0.00000
 235     36.343       16.730        -108.720       -5.515       129066.3          564.0    0.8525    0.3382      576.43       76.912      -77.764       -4.504     0.79689     0.00000
 236     32.156       25.756        -116.015       -7.169       128343.6          562.5    0.8686    0.3532      576.32       74.550      -78.163       -5.446     0.79446     0.00000
 237     37.800       33.355        -127.083       -9.210       127220.4          559.8    0.8959    0.3794      576.51       77.734      -78.018       -6.638     0.79102     0.00000
 238     40.427       42.639        -104.618       -8.897       125765.3          560.0    0.8464    0.3303      572.34       79.216      -77.770       -4.456     0.78119     0.00000
 239     33.663       44.724         -72.575      -11.637       128730.3          563.0    0.7739    0.2813      572.85       75.400      -77.972       -5.422     0.79575     0.00000
 240     32.628       53.134         -64.536      -13.553       129350.5          563.4    0.7570    0.2580      572.60       74.817      -78.088      -10.491     0.79909     0.00000
 241     32.173       65.381         -62.668      -13.980       128784.5          563.3    0.7540    0.2533      572.53       74.560      -78.355       -7.892     0.79567     0.00000
 242     38.432       72.217         -55.863      -15.283       128883.7          564.5    0.7403    0.2708      574.15       78.091      -77.827      -11.472     0.79444     0.00000
 243     45.911       79.705         -50.664      -16.161       128467.6          564.7    0.7313    0.2876      574.85       82.310      -77.204      -14.131     0.79151     0.00000
 244     54.801       85.440         -47.790      -17.175       128281.4          565.0    0.7272    0.2959      575.34       87.324      -76.218      -13.872     0.79003     0.00000
 245     63.878       90.597         -45.315      -18.058       128020.0          564.9    0.7240    0.3021      575.52       92.445      -75.080      -12.017     0.78847     0.00000
 246     73.369       95.927         -43.354      -18.804       127791.5          564.9    0.7225    0.3082      575.82       97.799      -73.948      -11.446     0.78700     0.00000
 247     80.482       99.863         -41.192      -19.662       127487.7          564.8    0.7202    0.3115      575.80      101.812      -73.026      -11.222     0.78531     0.00000
 248     87.814      104.002         -39.521      -20.084       127349.0          564.8    0.7191    0.3156      576.05      105.947      -72.142      -10.912     0.78440     0.00000
 249     97.079      109.158         -38.499      -20.985       126839.6          564.5    0.7206    0.3227      576.08      111.174      -71.148      -10.820     0.78170     0.00000
 250    104.875      113.467         -36.987      -21.864       126626.7          564.4    0.7204    0.3270      576.28      115.572      -70.302      -10.805     0.78042     0.00000
 251    110.867      116.783         -34.357      -22.541       126355.9          564.3    0.7175    0.3290      576.25      118.952      -69.555      -10.799     0.77890     0.00000
 252    115.865      119.523         -33.221      -23.244       126233.8          564.4    0.7172    0.3313      576.42      121.771      -69.001      -10.848     0.77810     0.00000
 253    122.749      123.452         -31.800      -23.368       125901.4          564.1    0.7174    0.3347      576.45      125.655      -68.346      -10.588     0.77626     0.00000
 254    127.487      126.052         -29.213      -24.016       125693.1          564.1    0.7145    0.3362      576.46      128.328      -67.776      -10.642     0.77506     0.00000
 255    133.073      129.130         -27.187      -24.702       125485.4          564.0    0.7131    0.3393      576.61      131.478      -67.187      -10.681     0.77384     0.00000
 256    137.983      131.905         -23.910      -24.932       125223.3          563.9    0.7090    0.3409      576.57      134.248      -66.578      -10.566     0.77234     0.00000
 257    141.658      133.909         -20.655      -25.503       125110.4          563.9    0.7044    0.3419      576.67      136.321      -66.053      -10.630     0.77161     0.00000
 258    146.754      136.737         -17.769      -26.020       124816.5          563.7    0.7016    0.3451      576.72      139.196      -65.454      -10.624     0.76998     0.00000
 259    152.317      139.858         -14.308      -26.410       124501.4          563.5    0.6981    0.3488      576.78      142.335      -64.785      -10.552     0.76825     0.00000
 260    157.424      142.708         -10.011      -26.837       124243.5          563.4    0.6928    0.3515      576.86      145.215      -64.084      -10.520     0.76676     0.00000
 261    159.393      143.776          -4.789      -27.170       124160.1          563.5    0.6839    0.3503      576.83      146.326      -63.534      -10.563     0.76614     0.00000
 262    160.587      144.419          -0.214      -27.402       124197.5          563.7    0.6758    0.3494      576.94      146.999      -63.081      -10.594     0.76616     0.00000
 263    163.697      146.199           4.765      -27.429       123994.2          563.6    0.6685    0.3513      576.98      148.754      -62.445      -10.490     0.76499     0.00000
 264    166.292      147.626          10.192      -27.762       123782.2          563.6    0.6603    0.3530      577.02      150.218      -61.784      -10.515     0.76377     0.00000
 265    168.447      148.828          15.849      -27.947       123625.4          563.5    0.6515    0.3549      577.10      151.433      -61.134      -10.501     0.76285     0.00000
 266    170.856      150.196          22.414      -28.021       123377.9          563.4    0.6414    0.3573      577.15      152.792      -60.349      -10.447     0.76145     0.00000
 267    170.469      149.984          29.512      -27.973       123236.5          563.4    0.6286    0.3572      577.10      152.574      -59.696      -10.444     0.76062     0.00000
 268    170.660      150.137          36.784      -27.741       123204.8          563.5    0.6161    0.3588      577.30      152.682      -58.925      -10.355     0.76031     0.00000
 269    170.773      150.166          44.576      -27.930       122791.0          563.1    0.6032    0.3618      577.16      152.745      -58.091      -10.435     0.75821     0.00000
 270    170.084      149.847          53.604      -27.514       122650.8          563.1    0.5878    0.3651      577.35      152.357      -57.138      -10.320     0.75740     0.00000
 271    169.619      149.632          63.465      -27.230       122112.8          562.6    0.5715    0.3706      577.26      152.095      -55.960      -10.254     0.75468     0.00000
 272    167.227      148.301          73.895      -27.006       121756.0          562.4    0.5530    0.3756      577.35      150.745      -54.757      -10.274     0.75281     0.00000
 273    164.751      147.011          85.040      -26.282       121240.9          561.9    0.5339    0.3827      577.45      149.349      -53.329      -10.117     0.75016     0.00000
 274    160.911      144.911          96.262      -25.708       120588.7          561.3    0.5142    0.3903      577.42      147.182      -51.842      -10.064     0.74686     0.00000
 275    155.823      142.157         108.423      -24.779       119881.4          560.7    0.4925    0.3992      577.48      144.312      -50.178       -9.947     0.74327     0.00000
 276    150.855      139.464         120.343      -23.882       118951.4          559.8    0.4714    0.4098      577.42      141.510      -48.215       -9.803     0.73854     0.00000
 277    143.592      135.459         132.224      -22.971       117879.5          558.8    0.4490    0.4200      577.22      137.413      -46.251       -9.766     0.73317     0.00000
 278    137.585      132.210         143.278      -21.841       117046.9          558.1    0.4289    0.4320      577.45      134.024      -43.976       -9.514     0.72874     0.00000
 279    126.431      126.068         150.550      -20.403       115484.8          556.7    0.4153    0.4358      576.79      127.732      -42.416       -9.317     0.72072     0.00000
 280    113.533      118.848         163.870      -19.383       114778.5          556.3    0.3895    0.4471      577.57      120.456      -40.295       -9.718     0.71634     0.00000
 281    116.130      120.389         178.611      -19.074       112667.8          554.5    0.3688    0.4760      577.71      121.921      -35.639       -9.251     0.70544     0.00000
 282    115.418      120.071         187.504      -18.531       110052.0          551.9    0.3610    0.4941      576.80      121.519      -31.783       -8.945     0.69224     0.00000
 283    108.449      116.206         198.591      -17.782       108936.4          551.1    0.3467    0.5107      577.63      117.588      -28.176       -8.909     0.68563     0.00000
 284    106.675      115.277         210.928      -17.250       106398.4          548.8    0.3350    0.5343      577.49      116.587      -23.435       -8.686     0.67223     0.00000
 285    103.787      113.693         222.770      -16.824       103966.9          546.7    0.3254    0.5568      577.53      114.958      -18.677       -8.581     0.65902     0.00000
 286    102.369      112.959         234.467      -16.337       101290.5          544.5    0.3189    0.5805      577.56      114.158      -13.717       -8.361     0.64443     0.00000
 287    101.888      112.723         245.613      -16.087        98376.1          542.0    0.3160    0.6042      577.46      113.887       -8.838       -8.222     0.62844     0.00000
 288    101.696      112.652         257.040      -15.842        95435.4          539.6    0.3154    0.6287      577.61      113.779       -4.054       -8.080     0.61206     0.00000
 289    102.778      113.299         267.981      -15.644        92248.0          537.0    0.3176    0.6531      577.63      114.389        0.313       -7.909     0.59413     0.00000
 290    101.665      112.709         274.738      -15.337        89267.3          535.0    0.3178    0.6675      577.14      113.761        3.008       -7.759     0.57705     0.00000
 291     94.655      108.833         274.255      -14.486        87591.3          535.4    0.3101    0.6626      576.82      109.807        3.336       -7.529     0.56661     0.00000
 292     83.367      102.553         269.441      -13.389        87247.5          537.5    0.2955    0.6460      577.08      103.439        1.881       -7.292     0.56327     0.00000
 293     73.658       97.160         265.773      -12.401        87250.8          539.3    0.2809    0.6335      577.50       97.962       -0.047       -7.030     0.56209     0.00000
 294     68.113       94.089         266.407      -11.764        86545.3          539.6    0.2700    0.6330      577.55       94.834       -0.044       -6.795     0.55772     0.00000
 295     65.238       92.511         270.378      -11.318        85253.1          538.7    0.2630    0.6414      577.47       93.212        3.573       -6.599     0.55057     0.00000
 296     63.226       91.326         274.519      -10.889        83841.8          537.6    0.2604    0.6508      577.32       92.077        8.398       -6.605     0.54284     0.00000
 297     61.587       89.739         277.241      -10.453        82719.9          536.9    0.2597    0.6568      577.22       91.153       10.878       -6.022     0.53658     0.00000
 298     59.071       88.099         278.844      -10.003        81876.4          536.4    0.2596    0.6602      577.24       89.734       12.288       -5.859     0.53171     0.00000
 299     56.199       86.878         280.112       -9.659        81179.1          536.0    0.2600    0.6630      577.30       88.113       13.435       -6.749     0.52761     0.00000
 300     55.207       86.665         280.838       -9.404        80616.0          535.6    0.2608    0.6654      577.31       87.554       14.055       -7.299     0.52426     0.00000
 301     55.346       86.739         281.060       -9.134        80266.8          535.5    0.2599    0.6666      577.30       87.632       14.191       -6.603     0.52204     0.00000
 302     55.016       86.526         280.995       -8.943        80059.5          535.5    0.2568    0.6661      577.26       87.446       14.136       -6.353     0.52055     0.00000
 303     54.152       86.089         280.383       -8.607        80016.9          535.9    0.2522    0.6639      577.27       86.959       13.964       -6.190     0.51988     0.00000
 304     51.720       84.862         278.568       -8.313        80184.2          536.6    0.2456    0.6579      577.22       85.586       13.373       -6.565     0.52026     0.00000
 305     47.102       82.456         275.240       -7.885        80783.7          538.1    0.2355    0.6472      577.32       82.982       12.570       -7.144     0.52281     0.00000
 306     39.444       78.302         270.117       -7.172        81748.5          540.2    0.2207    0.6306      577.30       78.661       10.728       -6.718     0.52727     0.00000
 307     30.471       73.260         264.729       -6.803        83104.9          542.5    0.2038    0.6127      577.42       73.600        8.626       -6.088     0.53394     0.00000
 308     17.737       66.210         257.218       -4.952        84355.0          544.5    0.1918    0.5897      577.16       66.416        4.843       -4.657     0.53999     0.00000
 309      6.460       59.935         244.754       -2.994        85600.7          546.7    0.2025    0.5581      577.14       60.055       -1.181       -2.947     0.54567     0.00000
 310     -2.930       54.596         230.154       -3.151        86833.2          548.6    0.2226    0.5244      577.09       54.758       -7.165       -3.533     0.55137     0.00000
 311     -8.582       51.332         226.639       -3.658        87940.7          549.9    0.2235    0.5126      577.48       51.570      -11.138       -4.887     0.55682     0.00000
 312     -0.404       55.988         235.028       -4.130        88074.3          549.6    0.2081    0.5325      577.80       56.183      -10.347       -4.338     0.55804     0.00000
 313      8.907       61.273         243.843       -4.198        87384.7          547.9    0.1950    0.5543      577.36       61.435       -7.904       -3.862     0.55552     0.00000
 314     15.416       64.951         251.017       -4.308        86948.6          546.8    0.1860    0.5714      577.47       65.107       -5.594       -3.777     0.55393     0.00000
 315     20.942       68.076         256.976       -4.351        86268.8          545.4    0.1805    0.5859      577.24       68.224       -2.928       -3.655     0.55105     0.00000
 316     24.849       70.273         262.117       -4.553        85858.0          544.5    0.1766    0.5979      577.37       70.428       -0.520       -3.785     0.54939     0.00000
 317     27.548       71.802         266.520       -4.497        85265.6          543.4    0.1739    0.6081      577.15       71.951        1.919       -3.668     0.54677     0.00000
 318     30.020       73.196         270.227       -4.604        85008.9          542.8    0.1729    0.6166      577.44       73.346        3.980       -3.677     0.54568     0.00000
 319     30.859       73.627         272.708       -5.163        84453.5          541.9    0.1717    0.6222      577.00       73.819        5.330       -4.167     0.54308     0.00000
 320     30.550       73.566         275.222       -3.298        84502.0          541.7    0.1704    0.6273      577.39       73.644        6.811       -2.547     0.54355     0.00000
 321     31.817       73.824         275.299       -8.819        84115.6          541.2    0.1715    0.6279      576.90       74.359        6.440       -6.924     0.54158     0.00000
 322     22.865       69.220         278.029        3.147        83979.1          541.3    0.1620    0.6306      577.36       69.310        8.635        2.591     0.54057     0.00000
 323    -28.428       39.963         282.878       -5.751        85825.7          540.9    0.0938    0.6282      576.41       40.374       18.933       -8.107     0.55289     0.00000
 324    -18.919       41.272         287.601      -19.714        86323.7          541.4    0.1085    0.6399      578.26       45.739       22.100      -23.317     0.55561     0.00000
 325      9.396       61.660         264.482       -0.726        85449.5          541.0    0.1408    0.5987      573.44       61.711       -7.837       -0.036     0.55035     0.00000
 326     -1.529       55.189         259.412       -6.079        85224.7          542.4    0.1299    0.5845      573.45       55.548      -14.390       -6.607     0.54744     0.00000
 327     -6.991       52.291         256.305       -4.046        85491.3          544.0    0.1261    0.5759      574.26       52.467      -18.904       -4.242     0.54754     0.00000
 328    -12.020       49.423         253.919       -4.034        85247.1          544.6    0.1239    0.5698      574.23       49.630      -23.369       -4.190     0.54543     0.00000
 329    -18.767       45.566         252.494       -4.313        85415.4          545.7    0.1209    0.5653      575.00       45.824      -28.254       -4.940     0.54537     0.00000
 330    -24.098       42.282         250.768       -3.512        85323.2          546.7    0.1220    0.5608      575.68       42.817      -32.917       -2.197     0.54375     0.00000
 331    -28.642       37.651         248.620       -3.375        85368.7          548.0    0.1245    0.5552      576.52       40.254      -36.523       -2.480     0.54278     0.00000
 332    -28.835       32.102         248.490       -2.211        85329.5          547.6    0.1255    0.5552      576.18       40.145      -36.423        1.027     0.54291     0.00000
 333    -19.821       23.432         252.002       -0.860        85262.4          544.5    0.1324    0.5656      574.05       45.230      -22.150        3.396     0.54561     0.00000
 334     -3.471       12.399         256.202        0.386        85109.9          540.4    0.1548    0.5799      571.30       54.453      -13.670        4.232     0.54894     0.00000
 335     12.912        1.629         259.250        0.662        84925.6          537.2    0.1793    0.5923      569.49       63.694      -10.216        3.543     0.55103     0.00000
 336     25.059       -6.099         262.153        0.285        84760.0          535.2    0.1992    0.6036      568.69       70.547       -7.788        2.039     0.55216     0.00000
 337     31.503      -10.589         265.529       -0.216        84673.1          533.5    0.2136    0.6143      568.34       74.182       -5.577        1.591     0.55333     0.00000
 338     34.137      -12.476         269.368       -0.741        84643.4          532.1    0.2246    0.6248      568.23       75.668       -3.206        0.941     0.55467     0.00000
 339     32.994      -12.238         273.876       -1.423        84678.4          530.9    0.2327    0.6355      568.44       75.023       -0.666        0.039     0.55616     0.00000
 340     29.277       -9.987         279.085       -2.526        84712.0          530.0    0.2394    0.6467      568.99       72.926        2.306       -2.155     0.55741     0.00000
 341     21.501       -5.133         284.914       -4.474        84793.9          529.3    0.2440    0.6581      569.88       68.540        6.079       -4.934     0.55869     0.00000
 342     10.654        2.482         289.849       -6.655        84807.0          528.8    0.2463    0.6670      570.63       62.421       10.036       -9.374     0.55934     0.00000
 343     -0.788       12.926         292.727       -8.512        84800.8          528.0    0.2445    0.6714      570.54       55.966       13.453      -13.529     0.56008     0.00000
 344     -5.025       23.356         293.791       -9.705        84662.4          527.5    0.2435    0.6726      570.37       53.576       14.041      -14.500     0.55968     0.00000
 345      5.566       32.252         283.453       -8.745        84327.9          527.4    0.2483    0.6513      568.15       59.551        2.310       -9.324     0.55763     0.00000
 346      6.464       37.999         273.800       -7.209        84136.4          526.9    0.2561    0.6304      565.74       60.057       -6.744       -7.580     0.55694     0.00000
 347      6.485       43.584         272.616       -7.205        83929.5          526.8    0.2582    0.6281      565.59       60.069      -10.581       -8.720     0.55565     0.00000
 348      8.899       49.815         271.187       -7.000        83532.1          526.5    0.2661    0.6262      565.39       61.431      -14.212       -9.552     0.55326     0.00000
 349     12.708       56.082         270.490       -7.040        83155.8          526.2    0.2742    0.6263      565.40       63.580      -16.261      -10.609     0.55104     0.00000
 350     19.642       62.876         270.489       -7.116        82642.0          525.7    0.2849    0.6291      565.51       67.491      -17.769      -11.332     0.54808     0.00000
 351     30.700       71.058         269.748       -7.182        82207.5          525.5    0.2958    0.6310      565.78       73.729      -18.992      -11.122     0.54538     0.00000
 352     39.747       77.356         266.125       -6.813        81885.8          525.3    0.2985    0.6263      564.87       78.833      -20.057      -10.917     0.54342     0.00000
 353     44.025       80.443         262.251       -6.378        82000.8          525.7    0.2961    0.6190      564.17       81.246      -19.895       -9.986     0.54386     0.00000
 354     49.974       84.048         260.195       -6.542        81866.2          525.6    0.2986    0.6167      563.79       84.602      -19.767       -8.113     0.54303     0.00000
 355     57.117       88.176         258.552       -6.614        81650.9          525.5    0.3037    0.6159      563.55       88.631      -19.715       -6.657     0.54176     0.00000
 356     66.315       93.433         256.209       -6.408        81395.1          525.3    0.3102    0.6147      563.21       93.820      -20.198       -5.750     0.54023     0.00000
 357     73.609       97.603         252.228       -6.028        81230.8          525.2    0.3128    0.6094      562.34       97.934      -20.771       -5.047     0.53920     0.00000
 358     77.232       99.674         248.140       -5.849        81225.7          525.4    0.3122    0.6024      561.46       99.978      -21.077       -4.602     0.53907     0.00000
 359     81.920      102.348         245.358       -5.842        81139.0          525.4    0.3155    0.5988      561.00      102.623      -21.324       -4.305     0.53851     0.00000
 360     89.049      106.390         242.113       -5.770        80889.0          525.1    0.3212    0.5959      560.36      106.645      -21.976       -4.085     0.53709     0.00000
 361     93.081      108.686         237.409       -5.434        80808.3          525.2    0.3225    0.5884      559.33      108.919      -22.844       -3.778     0.53656     0.00000
 362     95.471      110.054         233.007       -5.043        80811.7          525.3    0.3229    0.5809      558.40      110.267      -23.428       -3.436     0.53652     0.00000
 363     99.260      112.203         229.544       -4.962        80702.3          525.2    0.3269    0.5764      557.76      112.404      -24.013       -3.305     0.53591     0.00000
 364    103.991      114.887         224.797       -4.650        80521.1          525.0    0.3317    0.5700      556.77      115.073      -25.204       -3.112     0.53490     0.00000
 365    106.912      116.546         219.454       -4.197        80431.3          524.9    0.3348    0.5615      555.64      116.721      -26.321       -2.835     0.53440     0.00000
 366    109.346      117.928         214.244       -3.892        80370.7          524.9    0.3381    0.5532      554.64      118.094      -27.381       -2.672     0.53403     0.00000
 367    110.331      118.488         208.565       -3.460        80283.8          524.9    0.3402    0.5434      553.37      118.650      -28.591       -2.452     0.53356     0.00000
 368    111.263      119.008         203.452       -3.299        80272.1          524.9    0.3436    0.5347      552.45      119.175      -29.660       -2.372     0.53350     0.00000
 369    113.044      120.015         197.510       -2.999        80091.7          524.6    0.3490    0.5254      551.17      120.180      -31.148       -2.254     0.53258     0.00000
 370    113.486      120.264         191.019       -2.451        80004.9          524.5    0.3532    0.5143      549.78      120.430      -32.595       -1.986     0.53220     0.00000
 371    113.625      120.343         185.057       -2.020        79914.6          524.2    0.3583    0.5045      548.45      120.508      -33.879       -1.776     0.53192     0.00000
 372    114.812      121.008         178.661       -1.715        79730.4          523.5    0.3656    0.4951      546.90      121.177      -35.241       -1.641     0.53127     0.00000
 373    115.092      121.154         171.665       -1.437        79550.3          522.7    0.3733    0.4845      545.03      121.335      -36.826       -1.522     0.53085     0.00000
 374    115.730      121.500         164.328       -0.736        79391.5          521.7    0.3826    0.4740      542.96      121.695      -38.407       -1.202     0.53076     0.00000
 375    116.769      122.069         156.940       -0.224        79136.0          520.1    0.3936    0.4644      540.50      122.281      -39.892       -0.994     0.53047     0.00000
 376    116.947      122.168         149.571        0.050        78931.2          518.4    0.4047    0.4545      537.90      122.382      -41.425       -0.902     0.53065     0.00000
 377    117.131      122.280         142.092        0.400        78637.4          516.5    0.4167    0.4449      535.18      122.486      -42.891       -0.753     0.53039     0.00000
 378    117.065      122.253         134.555        0.625        78290.5          514.6    0.4292    0.4357      532.44      122.448      -44.306       -0.636     0.52984     0.00000
 379    117.458      122.484         126.858        0.934        77867.5          512.4    0.4431    0.4273      529.57      122.670      -45.652       -0.470     0.52896     0.00000
 380    118.256      122.937         118.998        1.349        77345.9          509.9    0.4582    0.4199      526.45      123.120      -46.960       -0.275     0.52770     0.00000
 381    119.083      123.406         111.182        1.609        76767.2          507.4    0.4737    0.4134      523.29      123.587      -48.200       -0.152     0.52613     0.00000
 382    119.703      123.758         103.471        1.976        76142.2          504.9    0.4894    0.4075      520.26      123.936      -49.383        0.032     0.52418     0.00000
 383    121.227      124.621          95.774        2.373        75445.3          502.5    0.5058    0.4032      517.51      124.796      -50.436        0.239     0.52155     0.00000
 384    122.650      125.430          88.102        2.405        74642.4          500.3    0.5224    0.3996      514.89      125.599      -51.432        0.287     0.51808     0.00000
 385    123.655      126.000          80.470        2.563        73854.5          498.3    0.5386    0.3962      512.53      126.166      -52.426        0.393     0.51448     0.00000
 386    125.522      127.050          72.729        2.965        72970.3          496.3    0.5559    0.3943      510.28      127.219      -53.313        0.599     0.51015     0.00000
 387    127.707      128.278          64.663        3.263        71973.6          494.3    0.5742    0.3931      508.00      128.452      -54.185        0.749     0.50506     0.00000
 388    129.581      129.331          56.561        3.506        70943.1          492.3    0.5925    0.3923      505.76      129.509      -55.024        0.882     0.49968     0.00000
 389    131.050      130.154          48.614        3.734        69898.3          490.3    0.6103    0.3916      503.56      130.338      -55.845        1.018     0.49416     0.00000
 390    132.566      131.005          40.745        3.901        68869.0          488.4    0.6281    0.3909      501.44      131.193      -56.650        1.136     0.48866     0.00000
 391    133.886      131.742          33.599        4.183        67816.1          486.5    0.6447    0.3912      499.42      131.937      -57.268        1.310     0.48299     0.00000
 392    134.859      132.284          26.199        4.411        66799.8          484.7    0.6611    0.3906      497.43      132.486      -58.064        1.454     0.47745     0.00000
 393    136.173      133.028          18.960        4.321        65781.5          483.0    0.6774    0.3891      495.51      133.227      -58.801        1.483     0.47184     0.00000
 394    135.988      132.922          13.520        4.379        64878.7          481.6    0.6893    0.3867      493.84      133.123      -59.387        1.593     0.46690     0.00000
 395    134.954      132.330           9.153        4.619        64323.3          480.8    0.6977    0.3824      492.73      132.540      -60.029        1.780     0.46383     0.00000
 396    134.212      131.914           5.624        4.517        63755.9          480.1    0.7046    0.3775      491.66      132.121      -60.584        1.820     0.46074     0.00000
 397    132.524      130.964           2.847        4.422        63354.1          479.6    0.7093    0.3714      490.83      131.169      -61.179        1.862     0.45857     0.00000
 398    131.806      130.562           0.382        4.454        62966.2          479.2    0.7138    0.3662      490.12      130.764      -61.683        1.940     0.45645     0.00000
 399    131.551      130.427          -1.946        4.310        62542.4          478.7    0.7183    0.3617      489.39      130.620      -62.130        1.924     0.45412     0.00000
 400    131.491      130.399          -4.031        4.303        62186.1          478.3    0.7223    0.3577      488.82      130.586      -62.523        1.953     0.45212     0.00000
 401    132.144      130.775          -5.905        4.340        61802.4          477.9    0.7263    0.3548      488.26      130.955      -62.818        1.987     0.44993     0.00000
 402    132.702      131.103          -7.510        4.137        61447.6          477.5    0.7295    0.3522      487.78      131.269      -63.077        1.906     0.44786     0.00000
 403    132.884      131.217          -8.844        3.956        61159.0          477.3    0.7318    0.3494      487.40      131.372      -63.333        1.842     0.44612     0.00000
 404    133.137      131.371          -9.778        3.827        60919.8          477.1    0.7333    0.3471      487.12      131.514      -63.533        1.803     0.44466     0.00000
 405    133.097      131.360         -10.339        3.702        60732.6          477.0    0.7339    0.3445      486.89      131.492      -63.699        1.769     0.44350     0.00000
 406    132.974      131.296         -10.713        3.797        60590.5          476.9    0.7339    0.3421      486.73      131.423      -63.864        1.825     0.44257     0.00000
 407    133.473      131.585         -10.988        3.720        60434.1          476.9    0.7344    0.3408      486.63      131.704      -63.928        1.799     0.44154     0.00000
 408    132.413      130.999         -10.906        3.486        60314.1          476.9    0.7329    0.3379      486.46      131.106      -64.130        1.709     0.44074     0.00000
 409    132.621      131.124         -10.344        3.349        60336.3          477.1    0.7315    0.3367      486.63      131.224      -64.109        1.657     0.44073     0.00000
 410    130.553      129.965          -8.918        3.204        60278.2          477.1    0.7267    0.3334      486.47      130.057      -64.249        1.608     0.44033     0.00000
 411    131.268      130.372          -7.995        3.204        60626.6          477.8    0.7246    0.3324      487.16      130.461      -64.075        1.588     0.44217     0.00000
 412    129.360      129.303          -7.039        3.099        60363.6          477.3    0.7213    0.3287      486.42      129.384      -64.225        1.540     0.44080     0.00000
 413    135.010      132.493          -9.663        3.222        60800.4          477.6    0.7299    0.3299      486.76      132.571      -63.973        1.513     0.44366     0.00000
 414    131.151      130.285          -5.394        2.973        60676.4          478.5    0.7191    0.3279      487.58      130.394      -63.700        1.492     0.44200     0.00000
 415     90.217      107.110          23.897        1.597        61678.7          484.5    0.6331    0.3372      494.72      107.303      -60.030        2.532     0.44390     0.00000
 416     65.010       87.148          51.218        0.612        63559.4          488.5    0.5926    0.3590      501.77       93.084      -47.391       -0.569     0.45320     0.00000
 417     45.932       80.113          44.056        0.181        65092.0          490.2    0.5614    0.3157      499.80       82.321      -63.324       -2.090     0.46222     0.00000
 418     59.685       90.054          18.897        0.295        65682.7          487.9    0.6184    0.2635      493.94       90.080      -69.596       -0.044     0.46858     0.00000
 419     77.632      100.192           2.719        0.650        64762.6          483.4    0.6632    0.2563      488.82      100.204      -69.007        0.287     0.46663     0.00000
 420     84.348      103.986          -5.845        0.243        64329.0          481.5    0.6853    0.2555      486.81      103.992      -69.066        0.082     0.46540     0.00000
 421     90.868      107.666         -11.419        0.084        63657.2          479.9    0.7012    0.2604      485.34      107.670      -68.847        0.021     0.46216     0.00000
 422     93.377      109.081         -15.858        0.120        63269.0          478.9    0.7124    0.2625      484.44      109.086      -68.933        0.059     0.46028     0.00000
 423     93.586      109.198         -19.706        0.402        62843.8          477.6    0.7217    0.2627      483.15      109.203      -69.195        0.218     0.45842     0.00000
 424     94.390      109.651         -23.560        0.460        62739.3          476.7    0.7313    0.2658      482.35      109.657      -69.370        0.274     0.45858     0.00000
 425    103.951      115.040         -27.744       -1.302        62261.1          475.0    0.7461    0.2789      481.23      115.051      -68.766       -0.628     0.45667     0.00000
 426    115.656      121.650         -29.399       -0.385        61821.3          473.9    0.7562    0.2945      480.75      121.654      -67.797       -0.186     0.45457     0.00000
 427    118.843      123.449         -30.202        0.500        61538.1          473.3    0.7598    0.2990      480.33      123.451      -67.553        0.220     0.45306     0.00000
 428    117.592      122.744         -30.767        0.298        61626.4          473.4    0.7601    0.2976      480.39      122.746      -67.702        0.133     0.45358     0.00000
 429    116.442      122.095         -31.161        0.569        61691.4          473.5    0.7603    0.2963      480.43      122.097      -67.831        0.263     0.45396     0.00000
 430    114.646      121.082         -31.238        0.548        61752.0          473.6    0.7595    0.2940      480.46      121.084      -68.001        0.256     0.45427     0.00000
 431    112.232      119.720         -30.883        0.614        61861.4          473.8    0.7573    0.2905      480.51      119.722      -68.201        0.292     0.45488     0.00000
 432    110.023      118.474         -30.440        0.580        61997.7          474.0    0.7551    0.2873      480.55      118.476      -68.379        0.280     0.45571     0.00000
 433    107.738      117.185         -30.117        0.595        62143.3          474.2    0.7532    0.2842      480.57      117.187      -68.572        0.291     0.45662     0.00000
 434    107.985      117.325         -30.673        0.517        62115.3          474.2    0.7546    0.2848      480.59      117.326      -68.589        0.253     0.45642     0.00000
