
OVERALL TURBINE PERFORMANCE
============================================================
Blade-jet speed ratio     0.3965
Pitchline loading         2.7095
Total-Total PR            5.0254
Total-Static PR           5.5853
Energy Extraction           342.3555
Corrected Speed           32.5766
Flow function           0.9440

STAGE PERFORMANCE
====================================================================================================
Stage  Location     Alpha1    Alpha2     Beta2     Beta3    Alpha3      Phi       Psi    Reaction
    1       Hub      -2.16      78.08      68.85     -76.18     -40.91    0.3342    1.8800      0.3418
    1      Mean      -3.64      72.54      51.08     -64.35     -17.73    0.6975    1.5787      0.4161
    1       Tip      -5.18      80.09       2.60     -48.52      17.92    0.4902    0.9765      0.4588
    2       Hub     -61.68      73.68       1.93     -67.83     -14.29    0.4516    1.5441      0.3751
    2      Mean     -27.21      64.63      -6.62     -59.55       3.49    0.7023    1.1870      0.4236
    2       Tip      16.84      70.75     -48.49     -54.33      17.74    0.6426    0.8712      0.4865


Span station K = 37

  J       %dVm        Vx(m/s)      Vtheta(m/s)    Vr(m/s)       Pstat(Pa)       Tstat(K)    Mrel      Mabs        T0(K)       Vm(m/s)     Swirl(deg)   Pitch(deg)  Density(kg/m3)     mdot(kg/s)
--------------------------------------------------------------------------------------------------------------------------------------------
   1      0.205       56.525           0.000        0.385       342024.8          707.6    0.6305    0.1086      709.00       56.527      -80.079        0.390     1.68417     0.00000
   2     -8.847       51.411          -0.684        0.953       342164.9          707.8    0.6302    0.0989      709.01       51.420      -80.979        1.060     1.68428     0.00000
   3    -12.067       49.601          -1.419        0.580       342150.0          707.9    0.6310    0.0955      708.98       49.604      -81.311        0.669     1.68407     0.00000
   4    -15.330       47.758          -2.129        0.718       342160.0          708.0    0.6319    0.0921      708.97       47.763      -81.647        0.861     1.68400     0.00000
   5    -18.434       46.009          -2.907        0.538       342245.7          708.0    0.6329    0.0891      708.98       46.012      -81.967        0.669     1.68424     0.00000
   6    -21.433       44.318          -3.801        0.470       342240.9          708.1    0.6342    0.0862      708.95       44.320      -82.278        0.607     1.68416     0.00000
   7    -24.144       42.789          -4.803        0.364       342325.3          708.1    0.6358    0.0839      708.97       42.791      -82.562        0.485     1.68443     0.00000
   8    -26.847       41.266          -5.847        0.243       342309.6          708.1    0.6375    0.0819      708.96       41.266      -82.844        0.334     1.68431     0.00000
   9    -29.371       39.842          -6.883        0.136       342388.7          708.2    0.6392    0.0802      708.98       39.842      -83.107        0.192     1.68458     0.00000
  10    -32.200       38.247          -7.915        0.034       342356.2          708.2    0.6409    0.0784      708.95       38.247      -83.397        0.044     1.68445     0.00000
  11    -35.011       36.661          -9.037       -0.061       342423.7          708.2    0.6428    0.0771      708.97       36.661      -83.684       -0.107     1.68471     0.00000
  12    -38.031       34.957         -10.304       -0.160       342352.7          708.2    0.6450    0.0761      708.93       34.957      -83.989       -0.287     1.68444     0.00000
  13    -40.855       33.363         -11.692       -0.228       342390.4          708.2    0.6474    0.0758      708.97       33.364      -84.275       -0.431     1.68454     0.00000
  14    -43.867       31.664         -13.063       -0.294       342300.8          708.2    0.6499    0.0760      708.96       31.665      -84.575       -0.596     1.68416     0.00000
  15    -46.645       30.096         -14.377       -0.351       342329.8          708.2    0.6523    0.0767      708.96       30.098      -84.851       -0.765     1.68436     0.00000
  16    -49.918       28.248         -15.699       -0.423       342205.6          708.0    0.6548    0.0777      708.88       28.252      -85.167       -1.153     1.68401     0.00000
  17    -53.433       26.253         -17.101       -0.519       342194.9          708.3    0.6573    0.0794      709.15       26.269      -85.503       -4.207     1.68343     0.00000
  18    -55.215       23.723         -18.410       -0.619       342013.1          708.8    0.6595    0.0816      709.74       25.264      -85.671       -6.057     1.68126     0.00000
  19    -53.777       21.235         -19.387       -0.667       341971.5          709.2    0.6612    0.0842      710.20       26.075      -85.544       -4.420     1.68011     0.00000
  20    -51.390       18.836         -20.187       -0.595       341767.9          708.8    0.6630    0.0872      709.92       27.421      -85.333       -2.586     1.67994     0.00000
  21    -49.870       17.352         -20.929       -0.393       341743.6          708.3    0.6647    0.0903      709.47       28.279      -85.199       -0.958     1.68104     0.00000
  22    -49.807       16.799         -21.653       -0.052       341566.3          708.0    0.6663    0.0926      709.22       28.314      -85.199        0.988     1.68088     0.00000
  23    -51.424       17.599         -22.036        0.275       341568.2          708.0    0.6670    0.0936      709.25       27.402      -85.344        4.016     1.68089     0.00000
  24    -52.903       18.956         -22.722        0.405       341386.0          707.9    0.6682    0.0947      709.21       26.568      -85.485        6.080     1.68021     0.00000
  25    -52.653       20.739         -23.669        0.556       341387.6          707.9    0.6701    0.0969      709.29       26.709      -85.479        6.484     1.68021     0.00000
  26    -52.731       22.250         -17.456        0.335       341166.1          708.7    0.6577    0.0855      709.79       26.665      -85.480        6.549     1.67736     0.00000
  27    -52.791       21.956          -9.666       -0.031       341501.3          709.5    0.6425    0.0769      710.45       26.631      -85.456        2.861     1.67721     0.00000
  28    -51.832       23.657          -7.050       -0.276       341606.9          709.6    0.6375    0.0780      710.66       27.172      -85.375        2.046     1.67735     0.00000
  29    -50.278       25.426          -7.352       -0.378       341497.0          709.6    0.6382    0.0827      710.71       28.049      -85.249        1.919     1.67684     0.00000
  30    -50.155       25.929          -7.566       -0.440       341392.2          709.5    0.6386    0.0851      710.60       28.118      -85.255        2.566     1.67662     0.00000
  31    -50.157       26.304          -7.269       -2.010       341491.6          709.4    0.6380    0.0862      710.54       28.117      -85.272        0.569     1.67730     0.00000
  32    -45.124       29.115          -7.065       -4.030       341250.3          709.1    0.6384    0.0908      710.40       30.956      -84.814       -1.617     1.67673     0.00000
  33    -41.292       31.507          -6.974       -4.598       340885.5          708.8    0.6390    0.0944      710.16       33.118      -84.476       -2.133     1.67577     0.00000
  34    -38.092       33.546          -7.024       -4.877       340715.2          708.6    0.6396    0.0978      710.07       34.923      -84.201       -2.251     1.67540     0.00000
  35    -34.304       35.997          -7.111       -5.397       340386.6          708.3    0.6405    0.1022      709.95       37.060      -83.881       -2.312     1.67440     0.00000
  36    -29.834       38.778          -6.537       -5.986       340150.5          708.1    0.6402    0.1065      709.92       39.582      -83.495       -2.681     1.67365     0.00000
  37    -26.077       41.060          -5.460       -6.589       339820.3          708.0    0.6388    0.1097      709.84       41.701      -83.153       -3.554     1.67245     0.00000
  38    -22.603       43.067          -4.746       -7.072       339649.2          707.9    0.6381    0.1130      709.93       43.660      -82.840       -5.584     1.67168     0.00000
  39    -18.129       45.549          -4.321       -7.578       339192.5          707.8    0.6382    0.1173      709.99       46.184      -82.449       -7.834     1.66968     0.00000
  40    -13.156       48.284          -3.205       -8.238       338908.2          707.8    0.6371    0.1213      710.16       48.989      -82.002       -8.442     1.66825     0.00000
  41     -9.217       50.445          -1.646       -8.780       338478.8          707.8    0.6351    0.1242      710.21       51.212      -81.615       -8.744     1.66629     0.00000
  42     -5.419       52.531          -0.814       -9.299       338315.4          707.8    0.6344    0.1280      710.41       53.354      -81.267       -9.057     1.66537     0.00000
  43      0.622       55.873           0.788       -9.977       337684.6          707.6    0.6330    0.1334      710.48       56.762      -80.710       -9.340     1.66267     0.00000
  44      3.896       57.649           2.954      -10.543       337366.2          707.6    0.6298    0.1359      710.53       58.609      -80.348       -9.676     1.66120     0.00000
  45      8.243       60.002           4.264      -11.307       337052.5          707.5    0.6286    0.1404      710.69       61.061      -79.932      -10.086     1.65974     0.00000
  46     13.985       63.155           6.309      -12.066       336321.0          707.3    0.6267    0.1459      710.80       64.300      -79.371      -10.257     1.65651     0.00000
  47     18.067       65.390           8.822      -12.633       335844.1          707.3    0.6233    0.1497      710.99       66.602      -78.911      -10.339     1.65413     0.00000
  48     22.926       68.028          11.305      -13.427       335359.1          707.4    0.6204    0.1547      711.33       69.343      -78.386      -10.608     1.65153     0.00000
  49     27.721       70.605          14.410      -14.337       334635.8          707.4    0.6164    0.1597      711.59       72.048      -77.816      -10.930     1.64790     0.00000
  50     32.460       73.172          17.280      -15.131       334106.0          707.5    0.6128    0.1650      711.93       74.722      -77.254      -11.171     1.64512     0.00000
  51     37.824       76.102          20.661      -15.907       333176.8          707.2    0.6090    0.1712      712.00       77.748      -76.600      -11.327     1.64112     0.00000
  52     41.977       78.349          24.378      -16.601       332471.3          706.9    0.6041    0.1764      712.01       80.090      -76.003      -11.466     1.63824     0.00000
  53     46.772       80.941          28.120      -17.416       331610.8          706.5    0.5997    0.1827      711.94       82.795      -75.342      -11.656     1.63496     0.00000
  54     51.950       83.704          32.695      -18.456       330568.5          705.9    0.5942    0.1899      711.77       85.716      -74.566      -11.944     1.63115     0.00000
  55     57.032       86.421          37.696      -19.444       329433.1          705.2    0.5880    0.1976      711.55       88.583      -73.734      -12.189     1.62704     0.00000
  56     62.130       89.186          43.072      -20.258       328170.1          704.4    0.5814    0.2059      711.32       91.459      -72.842      -12.318     1.62243     0.00000
  57     67.117       91.850          49.244      -21.227       326679.6          703.6    0.5737    0.2151      711.06       94.272      -71.855      -12.534     1.61693     0.00000
  58     72.330       94.649          56.088      -22.174       325029.1          702.7    0.5651    0.2255      710.87       97.213      -70.735      -12.689     1.61067     0.00000
  59     77.125       97.227          63.679      -23.026       323035.1          701.6    0.5554    0.2367      710.62       99.918      -69.521      -12.827     1.60292     0.00000
  60     82.052       99.843          72.137      -24.041       320970.2          700.7    0.5445    0.2495      710.60      102.697      -68.131      -13.034     1.59461     0.00000
  61     86.686      102.337          81.453      -24.845       318252.9          699.5    0.5325    0.2636      710.45      105.311      -66.579      -13.142     1.58349     0.00000
  62     90.408      104.351          91.430      -25.451       315563.0          698.4    0.5193    0.2783      710.50      107.411      -64.920      -13.204     1.57225     0.00000
  63     93.484      105.978         102.235      -26.102       312275.1          697.1    0.5049    0.2944      710.47      109.146      -63.075      -13.326     1.55837     0.00000
  64     95.686      107.141         113.613      -26.575       308780.5          695.7    0.4895    0.3113      710.49      110.388      -61.060      -13.414     1.54352     0.00000
  65     96.771      107.764         125.329      -26.602       304928.7          694.2    0.4731    0.3288      710.45      111.000      -58.914      -13.351     1.52710     0.00000
  66     95.871      107.243         137.450      -26.595       300855.1          692.6    0.4551    0.3462      710.38      110.492      -56.669      -13.415     1.50955     0.00000
  67     94.478      106.496         149.369      -26.340       296599.1          691.1    0.4369    0.3639      710.35      109.707      -54.304      -13.378     1.49102     0.00000
  68     91.505      104.921         161.077      -25.724       292113.8          689.5    0.4178    0.3811      710.25      108.030      -51.926      -13.282     1.47133     0.00000
  69     87.944      102.995         172.663      -25.139       287618.2          688.1    0.3983    0.3984      710.32      106.021      -49.427      -13.231     1.45125     0.00000
  70     83.850      100.817         183.993      -24.323       282583.1          686.5    0.3788    0.4157      710.21      103.711      -46.847      -13.097     1.42874     0.00000
  71     79.402       98.445         194.973      -23.452       277650.5          685.1    0.3591    0.4328      710.28      101.202      -44.210      -12.958     1.40634     0.00000
  72     75.458       96.364         205.632      -22.582       272303.2          683.6    0.3402    0.4500      710.25       98.977      -41.470      -12.770     1.38208     0.00000
  73     71.993       94.527         216.135      -21.852       266900.1          682.1    0.3219    0.4675      710.32       97.023      -38.609      -12.627     1.35742     0.00000
  74     69.676       93.382         226.250      -20.998       261234.0          680.6    0.3052    0.4852      710.40       95.716      -35.661      -12.317     1.33148     0.00000
  75     66.903       91.960         235.615      -20.185       255482.2          679.2    0.2891    0.5014      710.41       94.152      -32.929      -12.059     1.30499     0.00000
  76     64.542       90.744         243.425      -19.506       250048.4          678.0    0.2748    0.5150      710.47       92.819      -30.679      -11.841     1.27961     0.00000
  77     61.083       88.981         249.224      -18.411       244929.2          677.2    0.2611    0.5244      710.34       90.868      -29.267      -11.446     1.25556     0.00000
  78     56.492       86.548         253.544      -17.379       240874.6          676.9    0.2475    0.5306      710.52       88.278      -28.611      -11.150     1.23597     0.00000
  79     52.170       84.266         257.373      -16.352       236976.5          676.6    0.2351    0.5362      710.60       85.840      -28.268      -10.820     1.21729     0.00000
  80     48.155       82.159         261.363      -15.307       233253.2          676.2    0.2237    0.5423      710.73       83.576      -27.769      -10.428     1.19954     0.00000
  81     45.149       80.596         265.456      -14.428       229306.8          675.5    0.2146    0.5492      710.69       81.880      -26.860      -10.052     1.18105     0.00000
  82     42.585       79.272         269.027      -13.603       225512.9          674.9    0.2076    0.5554      710.67       80.434      -25.825       -9.662     1.16319     0.00000
  83     40.428       78.169         271.714      -12.823       222027.5          674.3    0.2032    0.5600      710.68       79.217      -24.984       -9.259     1.14659     0.00000
  84     38.200       77.023         273.686      -12.031       218934.6          673.9    0.2003    0.5633      710.71       77.960      -24.456       -8.837     1.13169     0.00000
  85     36.084       75.944         275.094      -11.191       216178.9          673.6    0.1986    0.5655      710.74       76.766      -24.239       -8.359     1.11826     0.00000
  86     33.726       74.710         276.029      -10.423       213715.9          673.3    0.1976    0.5668      710.74       75.436      -24.343       -7.930     1.10613     0.00000
  87     31.777       73.693         276.565       -9.742       211573.6          673.2    0.1977    0.5675      710.81       74.337      -24.685       -7.531     1.09539     0.00000
  88     29.885       72.702         276.696       -9.080       209543.2          673.0    0.1984    0.5674      710.74       73.269      -25.292       -7.127     1.08524     0.00000
  89     28.522       72.017         276.294       -8.339       208042.7          673.1    0.1995    0.5665      710.80       72.501      -26.153       -6.619     1.07737     0.00000
  90     26.599       71.001         275.538       -7.660       206835.4          673.2    0.1991    0.5646      710.72       71.415      -27.272       -6.156     1.07089     0.00000
  91     25.027       70.163         274.695       -7.157       206234.8          673.6    0.1980    0.5624      710.89       70.529      -28.416       -5.827     1.06702     0.00000
  92     23.127       69.148         273.777       -6.521       205471.2          673.9    0.1958    0.5600      710.75       69.457      -29.599       -5.388     1.06271     0.00000
  93     21.040       68.026         272.589       -5.853       205424.1          674.6    0.1925    0.5569      710.99       68.280      -30.779       -4.911     1.06132     0.00000
  94     18.022       66.369         271.362       -5.245       205120.2          675.1    0.1875    0.5533      710.90       66.577      -32.040       -4.517     1.05902     0.00000
  95     15.891       65.191         271.375       -4.858       205908.8          675.9    0.1803    0.5523      711.32       65.375      -32.689       -4.215     1.06183     0.00000
  96     11.298       62.675         269.156       -3.653       206480.5          676.7    0.1741    0.5462      711.11       62.784      -34.447       -3.318     1.06365     0.00000
  97     -4.013       54.094         259.530       -2.105       207939.4          678.4    0.1735    0.5229      710.37       54.147      -39.949       -2.512     1.06826     0.00000
  98    -18.390       46.000         245.669       -1.284       211003.4          681.1    0.1875    0.4921      710.35       46.037      -45.637       -2.091     1.07940     0.00000
  99    -28.147       40.523         239.173       -0.298       213356.8          682.7    0.1934    0.4768      710.57       40.533      -49.477       -0.638     1.08855     0.00000
 100    -26.749       41.319         242.270        0.290       213763.3          682.7    0.1850    0.4828      710.65       41.322      -50.379        0.339     1.09062     0.00000
 101    -23.132       43.360         247.894        0.299       212309.7          681.4    0.1737    0.4945      710.08       43.362      -50.061        0.374     1.08540     0.00000
 102    -21.244       44.424         252.911        0.445       211944.8          680.9    0.1635    0.5044      710.35       44.427      -49.531        0.593     1.08441     0.00000
 103    -19.991       45.131         256.921        0.426       210775.8          679.8    0.1555    0.5126      709.96       45.134      -48.873        0.567     1.08022     0.00000
 104    -19.196       45.578         260.096        0.585       210379.4          679.4    0.1491    0.5188      710.17       45.582      -48.118        0.787     1.07883     0.00000
 105    -20.196       45.015         262.861        0.504       209141.0          678.4    0.1429    0.5243      709.66       45.018      -47.735        0.686     1.07414     0.00000
 106    -18.473       45.985         265.435        0.618       209237.1          678.5    0.1394    0.5295      710.29       45.990      -46.209        0.823     1.07455     0.00000
 107    -20.066       45.088         267.394        0.482       208029.9          677.5    0.1349    0.5333      709.74       45.091      -45.861        0.639     1.06984     0.00000
 108    -17.810       46.362         268.014        0.433       209011.0          678.2    0.1352    0.5346      710.55       46.364      -45.064        0.548     1.07387     0.00000
 109    -24.945       42.336         267.478        0.534       207480.0          677.9    0.1301    0.5323      709.98       42.339      -48.347        0.749     1.06641     0.00000
 110    -28.367       40.407         270.614       -0.366       208981.7          681.1    0.1230    0.5365      713.81       40.409      -47.506       -0.602     1.06915     0.00000
 111    -26.968       41.020         268.420        3.828       208516.6          676.5    0.1256    0.5338      708.63       41.198      -49.871        5.308     1.07391     0.00000
 112    -21.867       44.076         278.662        0.094       209261.2          678.2    0.1151    0.5539      712.86       44.076      -41.234        0.123     1.07508     0.00000
 113    -33.245      -13.908         276.459        7.066       209544.6          676.3    0.1175    0.5517      711.34       37.657      -39.872        8.734     1.07945     0.00000
 114     15.753      -45.868         279.047        1.417       206691.9          666.4    0.1687    0.5688      703.13       65.297      -24.655        1.883     1.08085     0.00000
 115     34.717      -58.003         287.024        0.105       207924.7          665.2    0.1881    0.5900      704.90       75.995      -17.580       -0.573     1.08919     0.00000
 116     23.187      -52.187         288.955        0.260       207641.8          664.9    0.1788    0.5908      704.86       69.491      -14.987       -0.871     1.08819     0.00000
 117     12.461      -47.067         291.373        0.660       208765.7          664.9    0.1698    0.5928      705.18       63.441      -10.732       -0.131     1.09419     0.00000
 118      1.498      -41.031         295.124        0.349       209103.5          664.4    0.1618    0.5978      705.46       57.256       -7.458        0.132     1.09677     0.00000
 119     -9.869      -35.219         298.738        0.547       209531.6          664.1    0.1552    0.6027      705.99       50.843       -3.818        0.450     1.09947     0.00000
 120    -20.611      -29.163         301.916        0.515       209738.8          663.8    0.1513    0.6073      706.45       44.784       -0.343        0.534     1.10105     0.00000
 121    -29.842      -23.542         304.963        0.584       209861.1          663.5    0.1490    0.6119      706.89       39.577        2.633        1.470     1.10227     0.00000
 122    -35.902      -18.555         307.981        0.483       209812.2          663.0    0.1502    0.6172      707.29       36.158        4.815        1.267     1.10278     0.00000
 123    -39.734      -14.637         311.262        0.329       209715.9          662.5    0.1544    0.6233      707.84       33.997        6.667        0.669     1.10311     0.00000
 124    -42.561      -10.992         314.910        0.389       209431.4          661.8    0.1605    0.6305      708.30       32.402        8.256        0.501     1.10286     0.00000
 125    -45.558       -7.441         318.572        0.505       209223.0          661.1    0.1666    0.6379      708.85       30.711        9.829       -0.144     1.10290     0.00000
 126    -48.297       -3.469         322.015        0.561       208879.7          660.4    0.1727    0.6449      709.32       29.166       10.925        1.728     1.10228     0.00000
 127    -50.107        0.397         325.214        0.456       208535.1          659.8    0.1791    0.6515      709.86       28.145       11.777        0.583     1.10147     0.00000
 128    -50.703        4.157         328.353        0.158       208119.6          659.1    0.1858    0.6581      710.37       27.809       12.349       -0.814     1.10036     0.00000
 129    -50.579        7.409         331.781        0.114       207708.0          658.3    0.1930    0.6656      710.85       27.879       12.791        0.759     1.09949     0.00000
 130    -50.064       10.572         335.550       -0.076       207224.6          657.4    0.2005    0.6738      711.30       28.169       13.368        0.008     1.09851     0.00000
 131    -49.090       13.428         338.748       -0.464       206871.0          656.7    0.2070    0.6808      711.81       28.719       13.829       -2.928     1.09780     0.00000
 132    -47.391       15.852         341.123        0.716       206372.2          656.0    0.2122    0.6862      712.01       29.677       13.984        4.421     1.09634     0.00000
 133    -45.256       18.177         343.175        3.069       206096.6          655.4    0.2174    0.6909      712.28       30.882       13.767        9.311     1.09583     0.00000
 134    -42.682       21.400         345.279        4.737       205711.4          654.8    0.2237    0.6959      712.62       32.334       13.519       13.655     1.09479     0.00000
 135    -41.148       24.175         347.132        5.235       205346.7          654.4    0.2292    0.7000      713.13       33.199       13.475       13.837     1.09337     0.00000
 136    -38.428       27.371         348.449        5.198       204905.2          654.3    0.2342    0.7031      713.67       34.733       13.222       11.383     1.09119     0.00000
 137    -35.186       30.466         349.272        5.058       204430.3          654.3    0.2385    0.7051      714.14       36.562       12.929       10.125     1.08865     0.00000
 138    -32.245       33.089         349.983        4.910       203967.2          654.4    0.2424    0.7068      714.60       38.221       12.593        9.269     1.08609     0.00000
 139    -28.070       36.150         350.812        4.668       203480.4          654.5    0.2473    0.7090      715.19       40.577       12.183        8.779     1.08335     0.00000
 140    -22.873       39.591         351.559        5.195       202861.4          654.4    0.2526    0.7113      715.68       43.508       11.704        9.805     1.08007     0.00000
 141    -19.237       41.880         352.214        6.247       202331.4          654.4    0.2567    0.7131      716.11       45.559       11.207        9.980     1.07724     0.00000
 142    -16.252       43.884         352.830        6.830       201894.4          654.5    0.2607    0.7148      716.56       47.243       10.597       10.240     1.07483     0.00000
 143    -13.023       46.077         353.487        7.086       201393.2          654.5    0.2651    0.7167      717.05       49.064       10.303       10.525     1.07209     0.00000
 144     -9.932       48.059         353.955        7.427       200837.5          654.7    0.2692    0.7181      717.56       50.808       10.620       10.149     1.06891     0.00000
 145     -7.209       49.592         354.268        7.752       200307.8          654.8    0.2730    0.7191      718.01       52.344       11.193        8.969     1.06587     0.00000
 146     -4.244       51.225         354.725        8.049       199811.9          654.9    0.2771    0.7205      718.45       54.017       11.749        8.354     1.06313     0.00000
 147     -1.840       52.586         355.201        8.390       199265.3          654.9    0.2811    0.7220      718.83       55.373       12.245        8.153     1.06023     0.00000
 148      0.480       53.908         355.624        8.618       198781.6          654.9    0.2851    0.7233      719.21       56.682       12.699        7.963     1.05765     0.00000
 149      3.375       55.547         356.120        8.863       198241.7          654.8    0.2896    0.7250      719.50       58.315       13.084        7.840     1.05502     0.00000
 150      6.198       57.135         356.641        9.124       197756.2          654.6    0.2940    0.7268      719.75       59.907       13.483        7.788     1.05273     0.00000
 151      9.452       58.928         357.010        9.313       197245.0          654.4    0.2984    0.7285      719.92       61.743       13.795        7.682     1.05039     0.00000
 152     13.041       60.879         357.254        9.664       196763.8          654.1    0.3028    0.7300      720.01       63.767       14.023        7.740     1.04826     0.00000
 153     16.173       62.598         357.380        9.694       196317.2          653.8    0.3066    0.7312      720.00       65.534       14.216        7.567     1.04637     0.00000
 154     20.421       64.955         357.310        9.407       195932.8          653.5    0.3107    0.7324      720.01       67.931       14.279        7.075     1.04474     0.00000
 155     25.492       67.742         356.995        9.337       195399.7          653.1    0.3151    0.7333      719.85       70.791       14.162        6.712     1.04248     0.00000
 156     30.712       70.709         356.426        8.923       194999.0          652.8    0.3194    0.7337      719.68       73.736       13.925        6.136     1.04083     0.00000
 157     37.469       74.525         356.113        8.800       194477.6          652.3    0.3245    0.7352      719.47       77.547       13.640        5.741     1.03880     0.00000
 158     44.149       78.284         355.788        8.881       193965.2          651.8    0.3294    0.7365      719.21       81.316       13.218        5.477     1.03686     0.00000
 159     52.688       83.223         354.924        8.704       193406.5          651.3    0.3357    0.7375      718.91       86.133       12.388        5.016     1.03468     0.00000
 160     62.068       88.641         353.881        8.731       192634.2          650.5    0.3433    0.7388      718.44       91.424       11.398        4.680     1.03170     0.00000
 161     73.217       95.096         353.093        8.689       191889.2          649.8    0.3525    0.7412      718.16       97.713       10.332        4.267     1.02889     0.00000
 162     86.211      102.603         352.872        8.920       190683.3          648.6    0.3641    0.7457      717.84      105.043        9.248        4.003     1.02419     0.00000
 163    100.335      110.730         352.343        9.383       189447.8          647.5    0.3779    0.7504      717.73      113.011        7.925        3.809     1.01920     0.00000
 164    117.288      120.417         351.712       10.006       187707.1          646.0    0.3961    0.7569      717.52      122.574        6.426        3.580     1.01224     0.00000
 165    136.054      131.145         352.175       10.557       185554.6          643.9    0.4178    0.7671      717.53      133.160        5.203        3.316     1.00368     0.00000
 166    156.486      142.717         355.187       11.565       182826.7          641.2    0.4423    0.7834      717.93      144.686        4.558        3.196     0.99296     0.00000
 167    179.124      155.448         360.416       13.589       179645.2          638.1    0.4702    0.8054      719.06      157.456        4.331        3.366     0.98021     0.00000
 168    201.760      168.190         365.835       14.987       175920.2          634.2    0.5008    0.8299      720.02      170.226        4.288        3.410     0.96519     0.00000
 169    223.796      180.439         373.055       17.244       172331.3          630.5    0.5325    0.8573      721.97      182.656        4.498        3.634     0.95046     0.00000
 170    246.007      192.702         379.758       21.547       168503.2          626.0    0.5628    0.8848      723.15      195.186        4.529        4.278     0.93493     0.00000
 171    267.597      204.607         384.790       24.615       164481.5          621.7    0.5925    0.9105      724.15      207.365        4.487        4.638     0.91739     0.00000
 172    290.476      217.853         390.887       23.270       160809.5          614.3    0.6403    0.9474      725.33      220.271        4.019        4.042     0.90498     0.00000
 173    314.770      231.950         388.980       19.386       158295.4          604.2    0.7036    0.9856      724.86      233.975        1.672        2.881     0.90220     0.00000
 174    320.726      235.737         375.370       14.233       157490.4          603.0    0.7102    0.9691      720.04      237.335       -0.328        1.837     0.89985     0.00000
 175    336.600      244.945         366.913       11.587       155169.8          597.4    0.7040    0.9632      709.11      246.290       -0.808        1.311     0.89151     0.00000
 176    371.087      264.510         372.298       11.865       151551.2          583.5    0.7473    1.0204      701.58      265.745       -0.555        1.381     0.88436     0.00000
 177    399.431      280.697         375.974       11.415       149333.8          577.8    0.7873    1.0611      702.03      281.734       -0.617        1.417     0.87649     0.00000
 178    422.061      293.408         376.372       10.037       146253.5          574.9    0.8199    1.0845      704.41      294.500       -1.205        1.344     0.85990     0.00000
 179    434.198      300.154         368.283        9.824       143800.5          574.7    0.8333    1.0839      703.69      301.346       -2.176        1.482     0.84561     0.00000
 180    441.029      303.906         357.418        9.416       141323.0          570.8    0.8450    1.0829      697.10      305.199       -3.248        1.589     0.83429     0.00000
 181    451.048      309.692         345.663       10.429       138190.6          566.9    0.8560    1.0770      691.11      310.851       -4.592        1.778     0.81931     0.00000
 182    464.338      317.300         335.368       13.351       134245.5          561.8    0.8766    1.0801      686.24      318.348       -6.028        2.167     0.80116     0.00000
 183    477.797      324.858         319.672       15.220       131946.1          563.4    0.8771    1.0572      685.30      325.941       -7.785        2.491     0.78921     0.00000
 184    489.465      331.456         305.707       16.471       130155.6          564.7    0.8780    1.0378      683.43      332.523       -9.377        2.550     0.78061     0.00000
 185    494.298      334.186         289.553       17.616       128854.6          563.8    0.8743    1.0133      677.07      335.249      -11.088        2.562     0.77752     0.00000
 186    490.014      331.748         275.692       19.302       129579.9          565.0    0.8636    0.9866      672.09      332.832      -12.463        2.801     0.78486     0.00000
 187    487.473      330.446         259.509       19.765       131306.1          568.9    0.8479    0.9516      668.89      331.399      -14.071        2.852     0.79563     0.00000
 188    493.163      333.744         245.239       19.388       131495.1          569.6    0.8485    0.9330      665.06      334.609      -15.702        2.822     0.79813     0.00000
 189    501.196      338.199         233.017       20.000       130833.4          569.6    0.8553    0.9215      662.38      339.140      -17.263        2.971     0.79512     0.00000
 190    501.412      338.276         220.733       20.471       131535.5          571.0    0.8529    0.9016      659.69      339.262      -18.890        3.074     0.79870     0.00000
 191    499.640      337.258         207.910       20.853       132222.9          572.4    0.8493    0.8808      656.71      338.262      -20.492        3.162     0.80215     0.00000
 192    500.724      337.839         196.202       21.603       132016.9          572.9    0.8523    0.8671      654.18      338.874      -21.914        3.327     0.80098     0.00000
 193    499.761      337.276         184.626       22.451       131631.5          572.8    0.8555    0.8538      651.27      338.331      -23.338        3.515     0.79914     0.00000
 194    496.223      335.305         172.809       22.588       131468.0          572.9    0.8570    0.8385      648.19      336.335      -24.802        3.593     0.79845     0.00000
 195    496.127      335.287         161.111       22.373       130886.1          572.5    0.8633    0.8270      645.40      336.281      -26.189        3.597     0.79584     0.00000
 196    496.499      335.438         150.024       23.519       129750.9          571.7    0.8710    0.8174      642.60      336.490      -27.486        3.834     0.79035     0.00000
 197    490.824      332.185         139.629       24.339       129583.5          571.9    0.8719    0.8018      639.93      333.289      -28.867        4.033     0.78942     0.00000
 198    487.743      330.498         129.154       23.697       129452.6          571.8    0.8767    0.7895      637.62      331.551      -30.252        3.975     0.78895     0.00000
 199    485.904      329.428         118.950       24.382       128216.8          570.7    0.8844    0.7799      634.80      330.514      -31.635        4.153     0.78298     0.00000
 200    476.524      324.116         108.589       24.875       128508.7          571.3    0.8834    0.7610      632.28      325.223      -33.223        4.315     0.78420     0.00000
 201    471.435      321.327          99.034       24.107       128334.7          571.0    0.8875    0.7486      629.96      322.351      -34.546        4.237     0.78368     0.00000
 202    464.574      317.447          89.665       24.555       127467.7          570.1    0.8919    0.7352      627.04      318.482      -36.018        4.400     0.77966     0.00000
 203    445.604      306.778          78.647       24.157       128665.8          571.7    0.8848    0.7057      624.60      307.780      -38.149        4.458     0.78477     0.00000
 204    421.546      293.309          68.971       22.525       130392.9          574.1    0.8716    0.6705      622.41      294.209      -40.414        4.337     0.79192     0.00000
 205    399.476      280.782          63.201       23.207       131806.1          575.9    0.8563    0.6395      620.29      281.759      -42.243        4.683     0.79787     0.00000
 206    384.640      272.263          58.981       24.657       132923.2          577.1    0.8446    0.6179      618.37      273.390      -43.474        5.149     0.80316     0.00000
 207    372.288      265.239          54.002       24.984       132895.0          577.2    0.8380    0.6002      615.97      266.422      -44.611        5.356     0.80294     0.00000
 208    358.628      257.481          48.634       25.210       132626.8          576.9    0.8317    0.5810      613.14      258.716      -45.919        5.565     0.80166     0.00000
 209    342.484      248.287          44.368       25.619       132557.5          576.7    0.8214    0.5589      610.08      249.609      -47.317        5.863     0.80138     0.00000
 210    324.455      238.013          40.993       26.067       133139.0          577.3    0.8089    0.5353      607.82      239.439      -48.727        6.210     0.80392     0.00000
 211    307.745      228.516          40.674       26.182       133395.7          578.4    0.7951    0.5164      606.84      230.013      -49.617        6.494     0.80392     0.00000
 212    294.701      221.024          40.715       26.883       132145.8          578.9    0.7869    0.5051      606.18      222.654      -50.127        6.890     0.79597     0.00000
 213    287.480      216.425          36.307       30.614       131522.7          580.0    0.7896    0.4977      606.61      218.581      -50.858        7.991     0.79103     0.00000
 214    279.182      211.146          29.301       34.200       131753.8          580.5    0.7946    0.4877      606.02      213.900      -52.010        9.095     0.79200     0.00000
 215    276.415      209.486          21.263       34.679       133668.5          581.9    0.8006    0.4822      606.41      212.339      -52.901        9.289     0.80152     0.00000
 216    273.816      207.437          13.790       37.897       132093.0          580.6    0.8068    0.4789      604.05      210.873      -53.702       10.204     0.79383     0.00000
 217    294.730      219.064          70.843       39.914       129394.7          595.9    0.6977    0.4894      619.70      222.671      -48.057       10.162     0.75655     0.00000
 218    294.532      219.102          66.596       39.074       128328.1          595.8    0.7043    0.4866      619.30      222.559      -48.555        9.958     0.75047     0.00000
 219    253.860      195.565          62.294       40.008       131728.8          600.3    0.6787    0.4366      619.40      199.616      -52.112       11.334     0.76456     0.00000
 220    240.433      188.123          60.630       38.596       132616.8          602.7    0.6710    0.4198      620.39      192.041      -53.379       11.364     0.76670     0.00000
 221    230.352      181.983          59.241       40.127       132017.0          603.2    0.6665    0.4076      619.94      186.354      -54.363       12.152     0.76254     0.00000
 222    218.816      175.287          58.217       40.241       133041.4          605.1    0.6598    0.3937      620.81      179.847      -55.442       12.612     0.76599     0.00000
 223    212.412      171.491          56.311       40.614       132767.5          605.2    0.6593    0.3855      620.27      176.234      -56.190       12.978     0.76430     0.00000
 224    206.036      167.620          54.596       41.319       133236.2          606.0    0.6581    0.3774      620.46      172.638      -56.914       13.460     0.76599     0.00000
 225    201.254      164.831          52.957       41.354       133289.1          606.3    0.6581    0.3712      620.34      169.940      -57.492       13.678     0.76589     0.00000
 226    197.397      162.476          50.537       41.790       133564.8          606.5    0.6603    0.3657      620.15      167.764      -58.058       13.989     0.76720     0.00000
 227    192.586      159.688          48.924       41.729       133748.5          606.8    0.6604    0.3597      619.96      165.051      -58.628       14.190     0.76796     0.00000
 228    187.893      157.021          48.397       41.461       134056.8          607.5    0.6586    0.3542      620.30      162.403      -59.085       14.320     0.76883     0.00000
 229    180.153      152.632          47.447       40.977       134357.8          608.0    0.6560    0.3452      620.26      158.037      -59.852       14.537     0.76985     0.00000
 230    171.009      147.608          46.412       39.795       135060.2          608.9    0.6530    0.3345      620.50      152.878      -60.757       14.581     0.77272     0.00000
 231    157.351      140.097          45.422       38.053       135679.5          609.7    0.6482    0.3190      620.48      145.174      -62.092       14.671     0.77517     0.00000
 232    140.979      131.294          43.937       35.193       136727.6          610.7    0.6441    0.3008      620.65      135.938      -63.747       14.355     0.77977     0.00000
 233    120.727      120.288          41.443       32.057       137407.7          611.4    0.6423    0.2789      620.47      124.514      -65.857       13.939     0.78276     0.00000
 234     98.544      106.858          39.639       26.496       138137.4          612.2    0.6407    0.2598      620.79      112.000      -68.179        5.934     0.78576     0.00000
 235     98.938       89.919          41.381       21.508       137959.7          611.8    0.6362    0.2687      620.50      112.223      -67.992        3.196     0.78531     0.00000
 236     98.713       80.178          43.454       23.081       138276.7          610.9    0.6319    0.2785      619.84      112.096      -67.905        5.389     0.78841     0.00000
 237     88.671       79.674          48.758       25.406       138089.6          610.0    0.6187    0.2807      619.23      106.431      -68.783       10.578     0.78843     0.00000
 238     79.538       82.611          52.804       26.278       138455.5          610.9    0.6084    0.2825      620.16      101.279      -69.728       13.647     0.78932     0.00000
 239     96.485      101.199          50.092       29.894       136763.7          609.9    0.6209    0.2909      619.67      110.839      -66.942       13.374     0.78108     0.00000
 240    107.644      109.516          48.621       31.966       135455.1          608.5    0.6296    0.3038      618.91      117.134      -65.362       15.177     0.77534     0.00000
 241    112.226      114.497          44.397       32.012       135678.3          609.1    0.6403    0.3123      619.85      119.718      -64.974       16.780     0.77584     0.00000
 242    122.246      120.689          39.893       32.891       134902.3          608.4    0.6537    0.3217      619.53      125.371      -64.233       15.751     0.77232     0.00000
 243    127.163      123.404          36.656       33.859       134991.5          608.7    0.6611    0.3254      619.93      128.145      -64.031       15.358     0.77250     0.00000
 244    133.841      127.260          33.880       34.354       134389.2          608.2    0.6693    0.3303      619.68      131.912      -63.644       14.888     0.76968     0.00000
 245    136.123      128.493          31.669       34.790       134418.0          608.4    0.6738    0.3311      619.86      133.199      -63.664       14.890     0.76964     0.00000
 246    138.979      130.088          29.222       35.128       134108.7          608.3    0.6794    0.3333      619.81      134.810      -63.609       14.823     0.76805     0.00000
 247    140.963      131.152          26.995       35.514       134099.7          608.5    0.6835    0.3345      620.11      135.929      -63.645       14.831     0.76770     0.00000
 248    143.127      132.324          25.314       35.918       133811.1          608.5    0.6869    0.3357      620.13      137.150      -63.626       14.804     0.76609     0.00000
 249    144.655      133.226          24.608       35.933       133795.2          608.8    0.6882    0.3357      620.38      138.012      -63.621       14.692     0.76569     0.00000
 250    145.818      133.802          23.842       36.329       133468.8          608.6    0.6899    0.3360      620.28      138.668      -63.617       14.789     0.76399     0.00000
 251    145.455      133.545          22.818       36.494       133474.6          608.8    0.6911    0.3352      620.44      138.463      -63.777       14.864     0.76379     0.00000
 252    148.003      135.058          22.840       36.435       133134.8          608.7    0.6918    0.3367      620.44      139.901      -63.630       14.664     0.76199     0.00000
 253    147.840      134.918          23.266       36.609       133018.2          608.8    0.6907    0.3350      620.42      139.809      -63.703       14.743     0.76126     0.00000
 254    148.714      135.369          22.939       36.817       132837.4          608.7    0.6916    0.3357      620.48      140.302      -63.703       14.772     0.76026     0.00000
 255    151.029      136.674          23.479       37.022       132471.4          608.5    0.6915    0.3368      620.34      141.608      -63.584       14.697     0.75849     0.00000
 256    150.896      136.619          24.617       36.936       132292.9          608.3    0.6892    0.3348      620.11      141.533      -63.610       14.672     0.75764     0.00000
 257    151.974      137.238          24.910       36.972       132087.2          608.2    0.6892    0.3355      620.08      142.141      -63.581       14.626     0.75663     0.00000
 258    153.588      138.219          26.678       36.850       131693.0          607.9    0.6868    0.3353      619.75      143.051      -63.445       14.487     0.75480     0.00000
 259    150.270      136.427          28.944       36.302       131771.2          608.0    0.6811    0.3300      619.56      141.179      -63.617       14.478     0.75507     0.00000
 260    149.129      135.745          28.580       36.337       131612.5          607.8    0.6817    0.3303      619.45      140.536      -63.743       14.570     0.75437     0.00000
 261    154.381      138.668          28.905       36.884       130950.3          607.2    0.6839    0.3367      619.27      143.499      -63.395       14.478     0.75139     0.00000
 262    158.548      141.043          32.278       37.104       130316.0          606.7    0.6801    0.3402      619.07      145.849      -62.941       14.340     0.74832     0.00000
 263    159.968      141.857          35.773       37.160       130105.5          606.8    0.6746    0.3409      619.23      146.650      -62.658       14.297     0.74699     0.00000
 264    160.398      142.060          38.409       37.345       129746.7          606.6    0.6702    0.3408      619.11      146.893      -62.503       14.345     0.74507     0.00000
 265    160.877      142.420          41.528       37.034       129592.3          606.7    0.6650    0.3415      619.22      147.163      -62.288       14.210     0.74410     0.00000
 266    163.480      143.899          45.065       37.187       129038.6          606.3    0.6605    0.3450      619.09      148.632      -61.861       14.133     0.74135     0.00000
 267    163.705      143.994          49.312       37.331       128658.9          606.0    0.6534    0.3461      618.84      148.758      -61.573       14.168     0.73954     0.00000
 268    163.628      144.073          54.439       36.854       128330.1          605.5    0.6447    0.3479      618.53      148.715      -61.212       13.990     0.73815     0.00000
 269    163.267      143.888          60.162       36.758       127724.3          604.8    0.6353    0.3503      617.92      148.511      -60.826       13.971     0.73560     0.00000
 270    161.890      143.196          66.698       36.328       127228.0          604.3    0.6240    0.3526      617.66      147.735      -60.444       13.876     0.73325     0.00000
 271    160.533      142.532          73.507       35.833       126571.8          604.0    0.6123    0.3558      617.69      146.969      -60.016       13.759     0.72975     0.00000
 272    158.661      141.577          80.710       35.300       125917.1          603.9    0.5996    0.3596      617.86      145.913      -59.584       13.658     0.72610     0.00000
 273    156.696      140.610          88.412       34.592       125040.5          603.1    0.5865    0.3650      617.50      144.804      -59.068       13.494     0.72188     0.00000
 274    153.913      139.171          96.642       33.861       124142.7          601.8    0.5725    0.3710      616.76      143.234      -58.534       13.363     0.71810     0.00000
 275    150.871      137.632         105.347       32.921       123293.6          600.3    0.5578    0.3783      615.89      141.519      -57.915       13.166     0.71494     0.00000
 276    147.776      136.051         114.244       32.018       122153.0          598.4    0.5431    0.3872      614.77      139.773      -57.226       12.985     0.71051     0.00000
 277    144.144      134.205         123.615       30.905       121058.6          597.1    0.5272    0.3970      614.31      137.724      -56.459       12.741     0.70560     0.00000
 278    139.895      132.001         133.101       29.791       119954.7          595.9    0.5102    0.4074      613.98      135.327      -55.641       12.522     0.70048     0.00000
 279    135.671      129.802         142.494       28.705       118920.6          594.9    0.4931    0.4184      613.92      132.944      -54.751       12.298     0.69551     0.00000
 280    130.775      127.219         151.798       27.575       117621.5          593.8    0.4756    0.4295      613.69      130.182      -53.810       12.094     0.68916     0.00000
 281    124.190      123.656         161.030       26.466       116330.6          592.5    0.4566    0.4397      613.26      126.467      -52.901       11.966     0.68293     0.00000
 282    116.746      119.685         170.239       24.940       115138.8          591.3    0.4362    0.4498      612.83      122.269      -51.905       11.688     0.67729     0.00000
 283    109.141      115.650         179.219       23.243       113760.0          589.4    0.4160    0.4605      611.81      117.978      -50.755       11.327     0.67129     0.00000
 284    101.633      111.631         187.753       21.722       112210.8          587.3    0.3965    0.4713      610.55      113.743      -49.519       10.999     0.66455     0.00000
 285     94.642      107.899         195.853       20.224       110606.7          585.0    0.3776    0.4826      609.10      109.799      -48.191       10.609     0.65771     0.00000
 286     89.927      105.387         203.227       19.182       109007.2          582.3    0.3617    0.4947      607.35      107.140      -46.693       10.298     0.65122     0.00000
 287     86.336      103.459         209.873       18.465       107307.6          579.0    0.3479    0.5067      605.03      105.114      -45.192       10.090     0.64458     0.00000
 288     83.516      101.983         215.428       17.694       105668.7          575.8    0.3363    0.5174      602.56      103.523      -43.830        9.804     0.63823     0.00000
 289     80.719      100.503         219.626       17.007       104098.0          573.2    0.3265    0.5253      600.46      101.945      -42.853        9.549     0.63161     0.00000
 290     76.826       98.422         222.805       16.147       102738.4          571.2    0.3176    0.5304      598.80       99.749      -42.362        9.240     0.62558     0.00000
 291     72.269       95.986         225.087       15.110       101519.4          569.5    0.3100    0.5336      597.26       97.179      -42.385        8.842     0.62010     0.00000
 292     67.232       93.249         226.560       14.219       100420.1          568.0    0.3040    0.5351      595.69       94.337      -43.000        8.526     0.61519     0.00000
 293     62.041       90.434         227.412       13.249        99409.4          566.4    0.2998    0.5354      594.17       91.409      -44.036        8.138     0.61071     0.00000
 294     57.062       87.735         227.554       12.274        98524.1          565.1    0.2977    0.5345      592.79       88.600      -45.410        7.704     0.60678     0.00000
 295     52.047       84.989         227.215       11.477        97760.2          564.0    0.2972    0.5326      591.56       85.771      -47.089        7.378     0.60339     0.00000
 296     47.577       82.547         226.548       10.707        97190.1          563.2    0.2981    0.5302      590.66       83.249      -48.801        7.049     0.60086     0.00000
 297     43.998       80.598         225.642       10.050        96664.3          562.5    0.3003    0.5276      589.91       81.231      -50.407        6.791     0.59846     0.00000
 298     41.101       79.012         225.086        9.571        96275.2          562.1    0.3025    0.5258      589.55       79.597      -51.759        6.654     0.59658     0.00000
 299     39.737       78.297         224.403        9.088        95940.0          561.8    0.3056    0.5245      589.21       78.827      -52.824        6.457     0.59500     0.00000
 300     38.947       77.895         223.158        8.686        95794.9          561.6    0.3086    0.5220      588.84       78.381      -53.750        6.324     0.59437     0.00000
 301     37.749       77.258         221.931        8.292        95822.3          561.7    0.3102    0.5189      588.70       77.706      -54.486        6.184     0.59443     0.00000
 302     36.917       76.836         220.819        7.811        95885.3          562.0    0.3112    0.5159      588.63       77.236      -54.959        5.879     0.59463     0.00000
 303     36.326       76.537         219.463        7.438        96014.7          562.3    0.3120    0.5124      588.57       76.902      -55.330        5.693     0.59512     0.00000
 304     34.709       75.660         217.803        7.032        96204.5          562.8    0.3120    0.5075      588.53       75.991      -55.808        5.485     0.59581     0.00000
 305     33.651       75.105         215.946        6.542        96530.0          563.5    0.3124    0.5025      588.67       75.394      -56.230        5.183     0.59711     0.00000
 306     31.689       74.026         214.072        6.167        96786.6          564.1    0.3121    0.4969      588.64       74.287      -56.749        4.999     0.59811     0.00000
 307     30.270       73.241         213.278        5.946        97239.6          564.8    0.3100    0.4936      588.94       73.486      -57.069        4.835     0.60008     0.00000
 308     26.820       71.353         211.818        5.111        97532.8          565.4    0.3080    0.4883      588.92       71.541      -57.782        4.248     0.60123     0.00000
 309     22.262       68.840         208.961        4.108        98233.0          566.5    0.3100    0.4793      589.35       68.969      -58.464        3.419     0.60425     0.00000
 310     17.962       66.422         203.469        3.880        98655.1          567.2    0.3191    0.4659      589.18       66.544      -59.337        3.217     0.60608     0.00000
 311     15.749       65.162         200.527        4.115        99129.6          567.9    0.3245    0.4580      589.51       65.295      -59.579        3.680     0.60818     0.00000
 312     23.994       69.806         204.303        4.343        99107.3          568.0    0.3206    0.4689      590.28       69.946      -57.794        3.638     0.60797     0.00000
 313     32.836       74.800         209.900        4.427        98505.8          567.2    0.3142    0.4838      590.55       74.934      -55.708        3.448     0.60515     0.00000
 314     39.031       78.303         214.897        4.396        98145.8          566.9    0.3084    0.4962      591.05       78.429      -53.963        3.258     0.60338     0.00000
 315     45.790       82.125         219.435        4.348        97598.3          566.2    0.3045    0.5082      591.27       82.242      -52.087        3.082     0.60084     0.00000
 316     51.118       85.137         223.939        4.300        97114.8          565.6    0.3001    0.5193      591.58       85.247      -50.330        2.938     0.59853     0.00000
 317     57.385       88.686         227.873        4.106        96615.2          565.0    0.2979    0.5298      591.90       88.782      -48.464        2.688     0.59611     0.00000
 318     62.656       91.662         231.034        4.116        96026.7          564.2    0.2966    0.5384      591.90       91.755      -46.902        2.610     0.59329     0.00000
 319     68.259       94.858         233.730        3.302        95614.4          563.6    0.2966    0.5463      591.95       94.917      -45.348        1.985     0.59147     0.00000
 320     74.951       98.574         236.169        4.758        95068.7          563.1    0.2980    0.5541      592.16       98.691      -43.614        2.850     0.58864     0.00000
 321     79.843      101.443         237.258        1.191        94715.2          562.5    0.3002    0.5587      591.91      101.451      -42.516        0.640     0.58714     0.00000
 322     88.805      106.304         238.626        6.513        94431.2          562.9    0.3060    0.5654      593.08      106.506      -40.707        3.563     0.58490     0.00000
 323     97.820      111.530         253.279        3.709        94270.2          553.0    0.2952    0.6018      586.29      111.592      -34.715        1.903     0.59402     0.00000
 324     95.839      110.273         257.604       -6.670        94022.7          553.2    0.2878    0.6093      587.43      110.474      -33.452       -3.455     0.59216     0.00000
 325     56.472       88.145         257.658        4.617        95461.6          556.8    0.2489    0.5907      589.19       88.268      -39.633        3.033     0.59736     0.00000
 326     60.027       90.271         252.815        0.475        95458.0          558.8    0.2590    0.5813      590.24       90.272      -40.785        0.290     0.59525     0.00000
 327     61.795       91.252         250.222        1.734        95213.4          559.7    0.2646    0.5763      590.77       91.270      -41.371        1.104     0.59268     0.00000
 328     63.957       92.479         249.066        1.354        95293.1          560.7    0.2685    0.5745      591.58       92.490      -41.362        0.846     0.59220     0.00000
 329     67.073       94.242         248.930        0.968        95053.1          560.9    0.2722    0.5756      592.03       94.248      -40.835        0.597     0.59041     0.00000
 330     69.391       95.547         249.378        1.193        95022.8          561.4    0.2743    0.5774      592.75       95.555      -40.247        0.732     0.58973     0.00000
 331     72.459       97.281         250.154        0.902        94872.3          561.6    0.2769    0.5804      593.38       97.286      -39.425        0.545     0.58854     0.00000
 332     75.168       98.808         251.226        0.931        94777.1          561.9    0.2790    0.5839      594.10       98.814      -38.565        0.562     0.58765     0.00000
 333     78.112      100.470         252.516        0.830        94639.8          562.1    0.2812    0.5879      594.80      100.475      -37.592        0.498     0.58661     0.00000
 334     80.946      102.069         254.001        0.780        94507.1          562.2    0.2833    0.5924      595.51      102.074      -36.576        0.474     0.58563     0.00000
 335     83.895      103.732         255.704        0.691        94346.2          562.3    0.2855    0.5974      596.23      103.737      -35.462        0.427     0.58455     0.00000
 336     87.207      105.600         257.517        0.710        94178.7          562.4    0.2882    0.6028      596.99      105.605      -34.281        0.439     0.58345     0.00000
 337     90.541      107.480         259.409        0.803        93984.8          562.3    0.2912    0.6085      597.71      107.486      -33.086        0.493     0.58226     0.00000
 338     94.415      109.664         261.528        0.902        93796.9          562.3    0.2948    0.6149      598.51      109.671      -31.791        0.546     0.58114     0.00000
 339     98.536      111.987         263.757        0.954        93549.9          562.1    0.2989    0.6218      599.21      111.996      -30.473        0.575     0.57981     0.00000
 340    103.076      114.545         266.215        1.000        93317.0          562.0    0.3037    0.6292      600.08      114.557      -29.104        0.605     0.57851     0.00000
 341    107.939      117.284         268.595        1.082        92998.2          561.5    0.3092    0.6369      600.69      117.300      -27.821        0.646     0.57696     0.00000
 342    113.668      120.501         271.536        1.472        92708.8          561.3    0.3161    0.6460      601.73      120.532      -26.383        0.819     0.57541     0.00000
 343    118.995      123.464         273.767        2.399        92268.5          560.6    0.3226    0.6538      602.12      123.537      -25.308        1.184     0.57334     0.00000
 344    124.220      126.404         275.000        1.545        92080.6          560.0    0.3289    0.6596      602.27      126.485      -24.670        0.823     0.57279     0.00000
 345    130.695      129.911         277.363       -0.118        91796.0          559.4    0.3374    0.6683      602.94      130.137      -23.690        0.201     0.57161     0.00000
 346    135.621      132.716         280.610       -1.207        91315.0          558.5    0.3451    0.6781      603.48      132.916      -22.544       -0.187     0.56953     0.00000
 347    140.278      135.310         284.037       -2.158        90975.0          557.7    0.3530    0.6881      604.24      135.543      -21.406       -0.533     0.56818     0.00000
 348    145.475      138.041         287.564       -3.745        90591.4          556.9    0.3619    0.6987      605.10      138.475      -20.338       -1.021     0.56658     0.00000
 349    150.397      140.536         290.905       -5.615        90198.3          556.0    0.3706    0.7087      605.88      141.252      -19.432       -1.547     0.56493     0.00000
 350    155.345      143.105         294.145       -7.131        89759.1          555.1    0.3795    0.7187      606.62      144.043      -18.572       -1.939     0.56304     0.00000
 351    160.458      145.891         297.232       -8.127        89297.2          554.2    0.3887    0.7285      607.26      146.926      -17.798       -2.157     0.56107     0.00000
 352    165.633      148.705         300.100       -9.133        88820.0          553.2    0.3980    0.7380      607.87      149.846      -17.081       -2.366     0.55898     0.00000
 353    171.427      151.787         302.903      -10.375        88293.9          552.2    0.4081    0.7477      608.51      153.115      -16.429       -2.600     0.55660     0.00000
 354    177.031      154.720         305.446      -11.737        87775.4          551.2    0.4179    0.7570      609.04      156.276      -15.842       -2.857     0.55429     0.00000
 355    182.788      157.670         308.084      -13.426        87235.6          550.1    0.4281    0.7666      609.58      159.523      -15.276       -3.168     0.55189     0.00000
 356    188.819      160.810         310.828      -15.044        86618.3          548.9    0.4391    0.7768      610.14      162.925      -14.721       -3.445     0.54908     0.00000
 357    195.181      164.125         313.708      -16.698        85986.4          547.5    0.4508    0.7876      610.71      166.514      -14.174       -3.715     0.54626     0.00000
 358    201.606      167.385         316.358      -18.586        85283.4          546.2    0.4627    0.7981      611.27      170.139      -13.720       -4.004     0.54294     0.00000
 359    207.066      170.157         319.589      -20.403        84653.3          544.8    0.4743    0.8094      611.92      173.219      -13.151       -4.319     0.54013     0.00000
 360    215.158      174.336         322.617      -22.474        83814.7          543.1    0.4888    0.8223      612.56      177.784      -12.620       -4.613     0.53618     0.00000
 361    221.644      177.499         326.577      -24.570        82900.8          541.3    0.5029    0.8363      613.33      181.442      -12.015       -4.839     0.53180     0.00000
 362    227.022      180.361         329.987      -25.866        82153.1          539.8    0.5152    0.8483      614.14      184.476      -11.491       -5.020     0.52812     0.00000
 363    233.125      183.321         335.664      -27.982        81255.1          537.4    0.5315    0.8664      615.13      187.919      -10.536       -5.356     0.52422     0.00000
 364    238.044      185.736         338.858      -29.527        80468.6          535.8    0.5436    0.8781      615.77      190.694      -10.033       -5.546     0.52030     0.00000
 365    247.344      191.103         341.772      -30.159        79552.5          534.5    0.5594    0.8916      617.28      195.940       -9.668       -5.489     0.51513     0.00000
 366    251.256      193.549         351.749      -29.739        78846.0          530.1    0.5828    0.9217      618.63      198.147       -8.315       -5.408     0.51369     0.00000
 367    252.326      194.620         349.767      -28.581        78452.9          530.2    0.5828    0.9188      617.61      198.750       -8.151       -5.338     0.51123     0.00000
 368    267.773      203.615         350.088      -28.746        77200.7          532.2    0.5973    0.9243      622.05      207.464       -8.343       -5.094     0.50204     0.00000
 369    277.714      208.788         366.538      -30.610        76010.7          524.0    0.6379    0.9762      624.27      213.072       -6.637       -5.134     0.49982     0.00000
 370    272.085      205.632         373.091      -30.082        75448.5          514.0    0.6571    1.0103      616.65      209.896       -5.044       -5.271     0.50431     0.00000
 371    266.403      203.186         369.294      -27.104        75034.2          512.6    0.6421    0.9977      611.58      206.691       -4.317       -5.207     0.50384     0.00000
 372    272.958      206.787         359.939      -27.622        74517.3          514.2    0.6337    0.9766      609.61      210.389       -5.415       -5.343     0.49806     0.00000
 373    283.177      212.452         348.499      -28.495        74197.2          518.7    0.6301    0.9517      610.04      216.154       -7.138       -5.244     0.49311     0.00000
 374    298.772      220.933         349.027      -29.276        73428.6          518.2    0.6473    0.9607      612.00      224.951       -7.161       -4.995     0.48846     0.00000
 375    315.337      230.194         358.433      -29.736        71957.4          510.5    0.6847    1.0028      611.46      234.295       -6.300       -4.864     0.48354     0.00000
 376    325.422      235.986         367.523      -29.809        70697.5          502.8    0.7179    1.0446      609.77      239.984       -5.267       -4.888     0.47970     0.00000
 377    331.385      239.567         370.703      -29.777        69906.7          499.3    0.7353    1.0646      608.94      243.348       -4.744       -4.919     0.47607     0.00000
 378    337.350      243.084         371.786      -30.037        69086.5          497.6    0.7445    1.0732      608.24      246.713       -4.351       -4.981     0.47168     0.00000
 379    346.797      248.329         376.042      -30.984        67896.5          491.7    0.7724    1.1038      606.02      252.043       -3.838       -5.001     0.46690     0.00000
 380    350.563      250.415         374.388      -31.389        67118.1          486.2    0.7950    1.1266      600.89      254.166       -4.004       -5.060     0.46459     0.00000
 381    354.381      252.790         366.447      -30.617        66337.5          484.6    0.7940    1.1166      595.98      256.320       -4.720       -5.052     0.46087     0.00000
 382    366.626      260.017         363.099      -28.282        65356.5          482.5    0.8161    1.1257      595.71      263.228       -5.550       -4.728     0.45421     0.00000
 383    379.633      267.534         354.540      -25.685        64735.7          484.0    0.8152    1.1030      596.34      270.565       -6.712       -4.397     0.44907     0.00000
 384    382.539      269.151         345.390      -22.806        64262.0          483.0    0.8164    1.0918      591.64      272.205       -7.556       -4.041     0.44626     0.00000
 385    386.116      271.010         339.100      -20.166        63700.6          481.2    0.8225    1.0879      588.03      274.223       -8.230       -3.640     0.44342     0.00000
 386    390.844      273.630         334.549      -17.988        63036.3          478.8    0.8325    1.0881      585.01      276.890       -8.857       -3.330     0.44014     0.00000
 387    392.153      274.423         331.049      -16.258        62500.6          475.7    0.8514    1.1028      581.71      277.628       -9.439       -3.126     0.43816     0.00000
 388    391.827      273.998         327.543      -14.721        62253.1          474.3    0.8613    1.1079      579.50      277.444       -9.983       -2.935     0.43788     0.00000
 389    396.713      277.096         320.235      -13.425        61866.6          473.2    0.8601    1.0925      576.40      280.200      -10.908       -2.653     0.43698     0.00000
 390    404.216      281.921         310.617      -14.769        61318.8          472.6    0.8582    1.0718      573.32      284.433      -12.154       -2.734     0.43481     0.00000
 391    406.793      283.402         303.906      -18.450        60651.3          471.6    0.8596    1.0614      570.32      285.886      -12.990       -3.171     0.43142     0.00000
 392    400.029      279.721         294.144      -22.592        60288.3          472.7    0.8394    1.0275      566.43      282.071      -14.039       -3.585     0.42941     0.00000
 393    399.309      278.916         280.790      -29.589        60540.6          479.1    0.8153    0.9799      567.68      281.665      -15.663       -4.371     0.42897     0.00000
 394    416.110      287.432         271.536      -35.215        60294.9          482.2    0.8296    0.9723      571.15      291.143      -16.985       -4.714     0.42618     0.00000
 395    431.170      296.733         265.881      -31.869        60162.5          482.8    0.8481    0.9742      573.18      299.638      -17.842       -4.152     0.42642     0.00000
 396    431.600      297.766         258.087      -27.058        60861.3          485.1    0.8428    0.9543      572.14      299.880      -18.687       -3.689     0.43212     0.00000
 397    433.274      299.157         250.398      -24.278        61078.1          485.5    0.8446    0.9417      570.22      300.825      -19.574       -3.395     0.43464     0.00000
 398    433.436      299.606         242.205      -21.211        61130.8          485.3    0.8465    0.9289      567.57      300.916      -20.589       -3.048     0.43596     0.00000
 399    431.462      298.680         233.563      -19.125        61481.6          485.8    0.8449    0.9127      565.02      299.803      -21.581       -2.821     0.43878     0.00000
 400    429.271      297.571         225.031      -17.597        61578.4          485.8    0.8442    0.8978      562.22      298.567      -22.612       -2.606     0.43992     0.00000
 401    428.066      296.982         216.708      -16.435        61584.3          485.8    0.8452    0.8847      559.70      297.887      -23.628       -2.447     0.44029     0.00000
 402    425.711      295.755         208.583      -15.158        61556.3          485.6    0.8448    0.8707      556.94      296.559      -24.635       -2.286     0.44052     0.00000
 403    422.925      294.306         200.429      -13.630        61677.2          485.7    0.8439    0.8561      554.48      294.987      -25.686       -2.092     0.44153     0.00000
 404    422.342      294.079         192.639      -12.209        61410.2          485.1    0.8468    0.8454      551.87      294.658      -26.698       -1.893     0.44031     0.00000
 405    418.072      291.765         184.883      -10.677        61481.7          485.1    0.8451    0.8304      549.27      292.249      -27.817       -1.699     0.44104     0.00000
 406    414.907      290.059         177.089       -9.387        61506.6          485.0    0.8450    0.8166      546.80      290.464      -28.902       -1.552     0.44150     0.00000
 407    413.773      289.483         169.385       -7.973        61161.4          484.3    0.8487    0.8062      544.19      289.824      -29.963       -1.339     0.43981     0.00000
 408    409.132      286.926         161.660       -6.369        61117.9          484.1    0.8481    0.7915      541.58      287.206      -31.118       -1.111     0.43982     0.00000
 409    405.793      285.079         153.654       -5.145        61033.0          483.9    0.8495    0.7779      539.20      285.323      -32.265       -0.951     0.43949     0.00000
 410    404.095      284.131         146.304       -4.071        60581.6          483.0    0.8537    0.7678      536.67      284.364      -33.301       -0.783     0.43706     0.00000
 411    397.958      280.675         139.258       -3.065        60621.2          483.1    0.8519    0.7523      534.44      280.903      -34.434       -0.634     0.43732     0.00000
 412    393.841      278.370         132.404       -1.783        60502.0          482.9    0.8527    0.7398      532.30      278.580      -35.462       -0.435     0.43671     0.00000
 413    390.505      276.525         126.039       -0.317        60186.9          482.3    0.8548    0.7292      530.05      276.698      -36.399       -0.189     0.43502     0.00000
 414    388.089      275.179         119.146        1.666        59749.6          481.8    0.8587    0.7193      528.03      275.336      -37.376        0.199     0.43230     0.00000
 415    375.647      268.098         110.994        4.993        59688.2          482.3    0.8532    0.6956      525.36      268.317      -39.014        0.915     0.43148     0.00000
 416    355.852      256.889         102.985        6.445        60428.9          484.0    0.8395    0.6622      523.15      257.151      -41.030        1.301     0.43524     0.00000
 417    342.118      249.226          96.699        5.529        60817.0          484.8    0.8313    0.6384      521.06      249.403      -42.579        1.163     0.43737     0.00000
 418    332.146      243.676          91.806        4.219        61083.2          485.4    0.8255    0.6207      519.55      243.777      -43.742        0.889     0.43873     0.00000
 419    325.192      239.789          86.930        3.157        60904.4          485.5    0.8233    0.6073      517.91      239.855      -44.740        0.664     0.43738     0.00000
 420    315.126      234.121          82.825        2.915        60859.3          486.0    0.8173    0.5902      516.57      234.176      -45.891        0.648     0.43654     0.00000
 421    303.754      227.713          79.712        2.657        61141.5          487.2    0.8085    0.5722      515.78      227.761      -47.002        0.612     0.43754     0.00000
 422    291.935      221.051          77.223        2.099        61442.8          488.4    0.7988    0.5541      515.16      221.094      -48.114        0.529     0.43864     0.00000
 423    277.380      212.849          75.401        1.030        61951.6          489.5    0.7858    0.5332      514.26      212.883      -49.390        0.251     0.44120     0.00000
 424    256.406      201.021          75.884        1.373        62865.6          490.2    0.7723    0.5157      513.66      201.052      -50.062        0.395     0.44730     0.00000
 425    248.577      196.611          76.449        2.230        63679.0          492.1    0.7518    0.4995      513.33      196.635      -51.150        0.689     0.45135     0.00000
 426    249.218      196.993          74.161        1.118        63382.5          491.7    0.7530    0.4978      512.43      196.997      -51.637        0.328     0.44960     0.00000
 427    246.697      195.574          69.661        0.419        62877.4          491.0    0.7582    0.4912      511.08      195.575      -52.521        0.121     0.44658     0.00000
 428    241.435      192.605          65.495        0.897        62748.6          490.7    0.7611    0.4812      509.89      192.607      -53.509        0.268     0.44593     0.00000
 429    237.141      190.183          62.196        0.585        62689.5          490.6    0.7632    0.4725      509.01      190.184      -54.331        0.169     0.44562     0.00000
 430    233.707      188.247          59.636        0.400        62507.2          490.2    0.7649    0.4655      508.02      188.247      -54.994        0.119     0.44466     0.00000
 431    230.461      186.416          57.628        0.112        62438.3          489.9    0.7660    0.4594      507.19      186.416      -55.532        0.031     0.44447     0.00000
 432    226.423      184.138          56.686       -0.200        62379.7          489.9    0.7645    0.4533      506.71      184.138      -56.005       -0.065     0.44406     0.00000
 433    222.252      181.784          55.344       -0.502        62397.1          490.1    0.7635    0.4467      506.44      181.785      -56.536       -0.157     0.44400     0.00000
 434    221.278      181.233          55.559       -0.103        62115.3          489.9    0.7626    0.4464      506.18      181.236      -56.671       -0.059     0.44219     0.00000
