
  BLADE ROW NUMBER            1  JMIX =          111


  INLET BOUNDARY CONDITIONS TO ROW NUMBER 1.

  STAGNATION PRESSURE 
  344740.0  344740.0  344740.0  344740.0  344740.0  344740.0  344740.0  344740.0
  344740.0  344740.0  344740.0  344740.0  344740.0  344740.0  344740.0  344740.0
  344740.0  344740.0  344740.0  344740.1  344740.1  344740.0  344740.0  344740.0
  344740.1  344740.0  344739.9  344740.0  344740.0  344740.0  344740.0  344740.0
  344740.0  344740.0  344740.0  344740.0  344740.0
  STATIC PRESSURE 
  342100.2  342163.1  342226.0  342247.1  342260.0  342263.2  342258.6  342247.5
  342232.2  342213.0  342190.8  342164.2  342132.2  342091.3  342041.9  341990.2
  341943.3  341906.0  341881.2  341870.4  341873.4  341889.7  341915.2  341943.8
  341969.8  341993.6  342015.0  342035.3  342053.6  342070.9  342085.6  342095.2
  342097.1  342108.6  342116.9  342042.4  341968.0
  STAGNATION TEMPERATURE 
     709.0     709.0     709.0     709.0     709.0     709.0     709.0     709.0
     709.0     709.0     709.0     709.0     709.0     709.0     709.0     709.0
     709.0     709.0     709.0     709.0     709.0     709.0     709.0     709.0
     709.0     709.0     709.0     709.0     709.0     709.0     709.0     709.0
     709.0     709.0     709.0     709.0     709.0
  STATIC TEMPERATURE 
     707.6     707.7     707.7     707.7     707.7     707.7     707.7     707.7
     707.7     707.7     707.7     707.7     707.7     707.6     707.6     707.6
     707.6     707.5     707.5     707.5     707.5     707.5     707.5     707.6
     707.6     707.6     707.6     707.6     707.6     707.6     707.6     707.6
     707.6     707.6     707.6     707.6     707.6
  ABSOLUTE TANGENTIAL VELOCITY 
    0.0000    0.0000    0.0000    0.0000    0.0000    0.0000    0.0000    0.0000
    0.0000    0.0000    0.0000    0.0000    0.0000    0.0000    0.0000    0.0000
    0.0000    0.0000    0.0000    0.0000    0.0000    0.0000    0.0000    0.0000
    0.0000    0.0000    0.0000    0.0000    0.0000    0.0000    0.0000    0.0000
    0.0000    0.0000    0.0000    0.0000    0.0000
  MERIDIONAL VELOCITY 
   55.7841   55.1144   54.4448   54.2228   54.0845   54.0490   54.0981   54.2184
   54.3817   54.5875   54.8228   55.1026   55.4389   55.8657   56.3769   56.9064
   57.3832   57.7576   58.0035   58.1064   58.0692   57.8975   57.6320   57.3368
   57.0665   56.8186   56.5959   56.3850   56.1944   56.0128   55.8574   55.7570
   55.7403   55.6212   55.5358   56.3104   57.0851
  YAW ANGLE 
    0.0000    0.0000    0.0000    0.0000    0.0000    0.0000    0.0000    0.0000
    0.0000    0.0000    0.0000    0.0000    0.0000    0.0000    0.0000    0.0000
    0.0000    0.0000    0.0000    0.0000    0.0000    0.0000    0.0000    0.0000
    0.0000    0.0000    0.0000    0.0000    0.0000    0.0000    0.0000    0.0000
    0.0000    0.0000    0.0000    0.0000    0.0000
  PITCH ANGLE 
    0.0000    0.0000    0.0000    0.0000    0.0000    0.0000    0.0000    0.0000
    0.0000    0.0000    0.0000    0.0000    0.0000    0.0000    0.0000    0.0000
    0.0000    0.0000    0.0000    0.0000    0.0000    0.0000    0.0000    0.0000
    0.0000    0.0000    0.0000    0.0000    0.0000    0.0000    0.0000    0.0000
    0.0000    0.0000    0.0000    0.0000    0.0000
  SPANWISE GRID SPACING 
  0.002995  0.003744  0.004680  0.005849  0.007312  0.009140  0.011425  0.014281
  0.017851  0.022314  0.027892  0.034865  0.043582  0.054477  0.059898  0.059898
  0.059898  0.059898  0.059898  0.059898  0.059898  0.059898  0.054477  0.043582
  0.034865  0.027892  0.022314  0.017851  0.014281  0.011425  0.009140  0.007312
  0.005849  0.004680  0.003744  0.002995
  PITCHWISE GRID SPACING 
  0.002995  0.003744  0.004680  0.005849  0.007312  0.009140  0.011425  0.014281
  0.017851  0.022314  0.027892  0.034865  0.043582  0.054477  0.059898  0.059898
  0.059898  0.059898  0.059898  0.059898  0.059898  0.059898  0.054477  0.043582
  0.034865  0.027892  0.022314  0.017851  0.014281  0.011425  0.009140  0.007312
  0.005849  0.004680  0.003744  0.002995
  SPANWISE GRID POSITIONS
  0.000000  0.002995  0.006739  0.011418  0.017268  0.024579  0.033719  0.045144
  0.059425  0.077276  0.099590  0.127482  0.162348  0.205929  0.260407  0.320305
  0.380203  0.440102  0.500000  0.559898  0.619797  0.679695  0.739594  0.794071
  0.837653  0.872518  0.900410  0.922724  0.940575  0.954856  0.966281  0.975421
  0.982733  0.988582  0.993262  0.997005  1.000000

  BLADE ROW NUMBER            2  JMIX =          217

  ROW NUMBER            1  JMIX  =           111
  EXIT FLOW CONDITIONS FROM THIS BLADE ROW
  THESE CAN BE USED AS THE INLET BOUNDARY CONDITIONS  FOR THE NEXT STAGE.

  STAGNATION PRESSURE 
  238897.0  243172.8  247448.5  253433.8  262385.8  274968.1  290162.7  305314.5
  317192.1  324770.8  329500.8  332564.2  334227.2  334929.8  335276.8  335550.3
  335772.1  335935.2  336048.3  336125.8  336161.5  336140.2  336049.3  335800.5
  335365.7  334829.8  334323.1  334276.2  334540.6  333062.8  327690.4  319055.4
  309657.2  300535.9  290618.3  280194.6  269770.9
  STATIC PRESSURE 
  200796.0  200731.0  200666.0  200415.7  199979.3  199556.6  199293.5  199273.8
  199491.5  199908.5  200480.5  201184.8  202043.7  203096.5  204319.7  205615.8
  206900.9  208138.2  209308.1  210403.8  211427.5  212382.5  213257.5  214015.1
  214643.7  215127.2  215511.0  215879.2  216222.6  216763.6  217631.6  218214.4
  218058.7  217567.2  217197.7  217000.9  216804.2
  STAGNATION TEMPERATURE 
     648.0     638.4     628.8     615.2     602.0     597.7     609.7     635.0
     659.6     673.0     677.6     679.6     681.1     681.8     682.0     682.0
     682.0     682.0     681.8     681.7     681.4     681.0     680.8     680.9
     681.4     682.5     684.4     686.4     685.3     676.9     661.3     642.8
     625.9     612.0     601.3     593.6     585.9
  STATIC TEMPERATURE 
     620.3     608.5     596.8     580.3     562.9     552.2     555.4     570.9
     587.4     596.1     598.5     599.4     600.6     601.7     602.6     603.5
     604.3     605.1     605.8     606.4     606.9     607.2     607.7     608.4
     609.5     611.1     613.3     615.3     614.5     608.0     596.9     584.5
     573.3     564.5     559.1     557.0     554.8
  ABSOLUTE TANGENTIAL VELOCITY 
  252.3531  260.9322  269.5112  280.0615  294.9485  315.7967  341.8271  368.6027
  389.3299  401.2362  407.2613  410.3623  411.2169  410.2818  408.4772  406.4533
  404.4095  402.4067  400.4999  398.7082  396.9922  395.3209  393.7403  392.2401
  390.7768  389.4334  388.3435  388.1171  388.3413  384.9289  373.9386  357.3217
  340.0340  323.3693  304.4599  283.2842  262.1085
  MERIDIONAL VELOCITY 
   12.4737   18.6179   24.7621   34.5280   47.2266   62.0259   79.2014   97.4645
  112.4121  120.7570  123.8460  124.7912  125.1225  125.0003  124.4101  123.4988
  122.4019  121.1675  119.8174  118.3773  116.8581  115.2834  113.7645  112.4622
  111.5754  111.4195  111.9919  112.0058  108.7205   99.8188   86.6535   74.4051
   66.6382   62.1359   58.4755   55.1092   51.7428
  YAW ANGLE 
   87.0775   85.9448   84.8120   83.0914   81.0933   79.1407   77.2521   75.4804
   74.1142   73.3805   73.1534   73.1193   73.0932   73.0640   73.0651   73.1013
   73.1622   73.2439   73.3457   73.4651   73.5992   73.7438   73.8858   74.0028
   74.0657   74.0341   73.9132   73.9023   74.3620   75.4910   77.0383   78.3525
   79.0053   79.1799   79.1541   78.9898   78.8255
  PITCH ANGLE 
  -29.1421  -20.5355  -11.9290   -2.2272    4.2868    6.6798    6.5869    5.8867
    5.3308    4.9074    4.5987    4.4139    4.2832    4.1410    3.9641    3.7473
    3.4935    3.2063    2.8868    2.5351    2.1709    1.8203    1.4707    1.1404
    0.8625    0.4294   -0.2895   -0.9628   -1.6205   -2.5768   -2.5792    0.0110
    3.6481    5.5530    5.2291    3.7560    2.2828
  SPANWISE GRID SPACING 
  0.002995  0.003744  0.004680  0.005849  0.007312  0.009140  0.011425  0.014281
  0.017851  0.022314  0.027892  0.034865  0.043582  0.054477  0.059898  0.059898
  0.059898  0.059898  0.059898  0.059898  0.059898  0.059898  0.054477  0.043582
  0.034865  0.027892  0.022314  0.017851  0.014281  0.011425  0.009140  0.007312
  0.005849  0.004680  0.003744  0.002995
  PITCHWISE GRID SPACING 
  0.002995  0.003744  0.004680  0.005849  0.007312  0.009140  0.011425  0.014281
  0.017851  0.022314  0.027892  0.034865  0.043582  0.054477  0.059898  0.059898
  0.059898  0.059898  0.059898  0.059898  0.059898  0.059898  0.054477  0.043582
  0.034865  0.027892  0.022314  0.017851  0.014281  0.011425  0.009140  0.007312
  0.005849  0.004680  0.003744  0.002995
  SPANWISE GRID POSITIONS
  0.000000  0.002995  0.006739  0.011418  0.017268  0.024579  0.033719  0.045144
  0.059425  0.077276  0.099590  0.127482  0.162348  0.205929  0.260407  0.320305
  0.380203  0.440102  0.500000  0.559898  0.619797  0.679695  0.739594  0.794071
  0.837653  0.872518  0.900410  0.922724  0.940575  0.954856  0.966281  0.975421
  0.982733  0.988582  0.993262  0.997005  1.000000

  BLADE ROW NUMBER            3  JMIX =          323

  ROW NUMBER            2  JMIX  =           217
  EXIT FLOW CONDITIONS FROM THIS BLADE ROW
  THESE CAN BE USED AS THE INLET BOUNDARY CONDITIONS  FOR THE NEXT STAGE.

  STAGNATION PRESSURE 
  147627.2  148305.0  148982.8  149879.0  150819.1  151678.9  152375.6  152823.4
  152910.9  152597.4  151968.4  151157.1  150380.0  150061.9  150613.5  151870.8
  153050.7  153636.2  153860.0  154049.7  154179.7  154135.6  153822.1  153152.3
  151906.0  150058.8  148515.0  148010.8  148391.1  149822.8  152525.7  155983.1
  159344.7  161850.6  162987.9  162867.2  162746.6
  STATIC PRESSURE 
  143313.3  143140.1  142967.0  142800.7  142645.7  142533.5  142483.5  142494.9
  142547.2  142605.6  142623.2  142559.2  142430.0  142289.9  142166.5  142113.2
  142187.7  142328.2  142451.3  142473.0  142278.2  142030.2  141948.1  141891.8
  141668.1  141327.0  141253.3  141622.8  141957.9  141888.8  141514.4  141046.0
  140686.0  140563.3  140639.8  140769.4  140899.1
  STAGNATION TEMPERATURE 
     564.8     564.6     564.3     564.0     563.6     563.3     563.2     563.2
     563.1     562.7     561.7     559.7     557.0     554.2     552.1     551.2
     551.4     552.2     553.0     553.1     552.7     552.7     553.9     556.0
     558.7     562.0     565.4     569.7     577.1     587.4     597.5     604.9
     609.2     610.7     610.3     608.9     607.5
  STATIC TEMPERATURE 
     560.6     559.6     558.5     557.2     555.9     554.7     553.8     553.4
     553.3     553.3     552.9     551.6     549.5     546.9     544.2     542.1
     541.4     541.8     542.4     542.4     541.7     541.6     542.9     545.5
     549.1     553.7     558.4     563.5     570.7     579.4     586.3     589.9
     590.6     589.6     588.2     587.1     586.0
  ABSOLUTE TANGENTIAL VELOCITY 
  -60.0057  -62.7938  -65.5818  -68.5506  -70.8011  -71.5734  -70.7176  -68.8525
  -67.2585  -67.2724  -68.7936  -69.3376  -65.3517  -54.8236  -39.8531  -27.1612
  -23.5608  -29.4355  -37.3201  -38.3333  -30.6546  -21.1112  -18.4228  -24.1281
  -31.1221  -32.4422  -27.4459  -15.8236    6.2531   37.8540   70.5362   96.5779
  113.0425  120.0104  119.0464  113.4302  107.8139
  MERIDIONAL VELOCITY 
   78.3841   86.2589   94.1336  103.3931  112.6453  121.0195  127.9331  132.5952
  133.8121  130.8180  124.4381  117.3597  113.4691  116.3859  126.5546  139.4746
  148.5957  151.0866  150.3583  151.4843  155.2466  158.2478  157.5098  152.9209
  144.7643  133.3607  122.5998  116.8193  116.7842  122.8634  135.3118  151.8720
  168.5706  181.8126  189.4779  191.8473  194.2166
  YAW ANGLE 
  -37.2433  -36.1175  -34.9917  -33.7137  -32.3341  -30.7797  -29.0874  -27.5503
  -26.7450  -27.2708  -29.0450  -30.7025  -29.9578  -25.2416  -17.9031  -11.6773
   -9.4431  -11.2117  -14.0109  -14.2475  -11.2521   -7.6754   -6.7274   -9.0824
  -12.3600  -13.8730  -12.5660   -7.4000    2.7949   15.2288   25.0143   30.5414
   32.7591   32.9130   31.9079   30.4647   29.0215
  PITCH ANGLE 
  -10.4078   -9.9446   -9.4814   -8.7894   -8.0198   -7.3933   -7.0398   -6.9168
   -6.8450   -6.6266   -6.1305   -5.3107   -4.2924   -3.3698   -2.6064   -1.7072
   -0.5877    0.4141    1.1573    1.8944    2.7584    3.8011    4.9717    5.8397
    6.3355    7.1875    8.5516    9.4282    9.3604    8.9540    8.7021    8.6424
    8.7258    8.9565    9.3019    9.6563   10.0106
  SPANWISE GRID SPACING 
  0.002995  0.003744  0.004680  0.005849  0.007312  0.009140  0.011425  0.014281
  0.017851  0.022314  0.027892  0.034865  0.043582  0.054477  0.059898  0.059898
  0.059898  0.059898  0.059898  0.059898  0.059898  0.059898  0.054477  0.043582
  0.034865  0.027892  0.022314  0.017851  0.014281  0.011425  0.009140  0.007312
  0.005849  0.004680  0.003744  0.002995
  PITCHWISE GRID SPACING 
  0.002995  0.003744  0.004680  0.005849  0.007312  0.009140  0.011425  0.014281
  0.017851  0.022314  0.027892  0.034865  0.043582  0.054477  0.059898  0.059898
  0.059898  0.059898  0.059898  0.059898  0.059898  0.059898  0.054477  0.043582
  0.034865  0.027892  0.022314  0.017851  0.014281  0.011425  0.009140  0.007312
  0.005849  0.004680  0.003744  0.002995
  SPANWISE GRID POSITIONS
  0.000000  0.002995  0.006739  0.011418  0.017268  0.024579  0.033719  0.045144
  0.059425  0.077276  0.099590  0.127482  0.162348  0.205929  0.260407  0.320305
  0.380203  0.440102  0.500000  0.559898  0.619797  0.679695  0.739594  0.794071
  0.837653  0.872518  0.900410  0.922724  0.940575  0.954856  0.966281  0.975421
  0.982733  0.988582  0.993262  0.997005  1.000000

  BLADE ROW NUMBER            4  JMIX =          434

  ROW NUMBER            3  JMIX  =           323
  EXIT FLOW CONDITIONS FROM THIS BLADE ROW
  THESE CAN BE USED AS THE INLET BOUNDARY CONDITIONS  FOR THE NEXT STAGE.

  STAGNATION PRESSURE 
  117117.0  123481.4  129845.8  136203.8  140840.8  143530.1  144805.9  145172.8
  144771.9  143974.0  143653.6  144155.5  144939.4  145621.3  146429.5  147511.0
  148428.1  148560.7  147801.9  146756.0  146269.3  146619.1  147238.8  147468.0
  147272.3  147077.4  147238.8  147734.9  148265.9  148621.8  148790.1  148684.0
  147967.0  145928.5  141699.7  135968.6  130237.6
  STATIC PRESSURE 
   89949.2   89658.4   89367.6   89200.6   89154.2   89165.8   89209.1   89309.0
   89463.9   89645.8   89842.6   90092.2   90443.5   90939.9   91588.5   92361.0
   93253.2   94219.2   95066.0   95634.7   96036.9   96514.5   97143.7   97819.1
   98459.6   99058.3   99618.5  100131.8  100582.6  100956.6  101246.2  101460.6
  101614.2  101678.1  101579.2  101328.5  101077.7
  STAGNATION TEMPERATURE 
     551.4     552.9     554.3     556.0     557.7     558.9     559.4     559.0
     558.1     556.6     554.7     552.8     551.0     549.1     547.4     546.3
     546.5     549.0     553.2     556.8     557.8     556.6     554.7     553.5
     553.0     553.0     553.2     553.7     554.4     554.9     555.3     555.7
     556.2     556.5     556.7     557.0     557.3
  STATIC TEMPERATURE 
     515.8     510.5     505.2     500.5     497.7     496.4     495.7     495.2
     494.9     494.5     493.4     491.6     489.7     488.2     486.9     486.0
     486.6     489.9     495.4     500.3     502.2     501.4     500.0     499.5
     500.1     501.0     501.8     502.5     503.2     503.8     504.4     505.1
     506.3     508.5     512.4     517.8     523.1
  ABSOLUTE TANGENTIAL VELOCITY 
  285.3758  306.4873  327.5989  346.2325  357.5071  361.3528  359.9717  355.5203
  349.4921  344.3005  343.1050  346.0422  349.9065  352.1375  352.6487  351.8109
  348.5060  341.6109  333.1564  327.7132  327.3884  329.6155  330.4941  328.7742
  326.1238  324.5585  324.6330  325.4921  325.9002  325.3844  324.2529  322.4899
  319.2661  312.5221  298.7279  278.6194  258.5108
  MERIDIONAL VELOCITY 
   37.1911   51.9126   66.6341   80.6388   95.2101  111.0709  126.7981  140.5743
  150.5463  154.6681  152.0708  144.2236  134.2959  125.7440  121.0660  121.3609
  126.9159  136.6764  146.0967  148.8056  143.1134  134.1883  128.1198  125.6540
  123.2462  118.6089  112.9415  108.6936  106.9618  107.2933  108.7997  110.6819
  112.0017  111.9342  110.5776  108.8340  107.0904
  YAW ANGLE 
   82.3748   80.5465   78.7183   77.0947   75.2616   73.0479   70.6848   68.4740
   66.7109   65.8106   66.0975   67.3749   69.0036   70.3525   71.0561   70.9691
   69.9849   68.1723   66.2881   65.5555   66.3825   67.8512   68.8153   69.0873
   69.3027   69.9342   70.8259   71.5395   71.8328   71.7516   71.4513   71.0556
   70.6641   70.2823   69.6398   68.5505   67.4612
  PITCH ANGLE 
   -3.4911   -1.2081    1.0748    0.7559   -0.4623   -1.2768   -1.7497   -2.0334
   -2.0874   -1.9677   -1.6793   -1.1506   -0.4175    0.2752    0.7205    0.9926
    1.1018    0.9409    0.8461    1.4027    2.6616    4.1170    5.3844    6.5201
    7.6614    8.7276    9.5271    9.8688    9.6588    8.9963    8.0843    7.1631
    6.5658    6.3214    5.7162    4.3461    2.9759
  SPANWISE GRID SPACING 
  0.002995  0.003744  0.004680  0.005849  0.007312  0.009140  0.011425  0.014281
  0.017851  0.022314  0.027892  0.034865  0.043582  0.054477  0.059898  0.059898
  0.059898  0.059898  0.059898  0.059898  0.059898  0.059898  0.054477  0.043582
  0.034865  0.027892  0.022314  0.017851  0.014281  0.011425  0.009140  0.007312
  0.005849  0.004680  0.003744  0.002995
  PITCHWISE GRID SPACING 
  0.002995  0.003744  0.004680  0.005849  0.007312  0.009140  0.011425  0.014281
  0.017851  0.022314  0.027892  0.034865  0.043582  0.054477  0.059898  0.059898
  0.059898  0.059898  0.059898  0.059898  0.059898  0.059898  0.054477  0.043582
  0.034865  0.027892  0.022314  0.017851  0.014281  0.011425  0.009140  0.007312
  0.005849  0.004680  0.003744  0.002995
  SPANWISE GRID POSITIONS
  0.000000  0.002995  0.006739  0.011418  0.017268  0.024579  0.033719  0.045144
  0.059425  0.077276  0.099590  0.127482  0.162348  0.205929  0.260407  0.320305
  0.380203  0.440102  0.500000  0.559898  0.619797  0.679695  0.739594  0.794071
  0.837653  0.872518  0.900410  0.922724  0.940575  0.954856  0.966281  0.975421
  0.982733  0.988582  0.993262  0.997005  1.000000

  BLADE ROW NUMBER            5  JMIX =            0

  ROW NUMBER            4  JMIX  =           434
  EXIT FLOW CONDITIONS FROM THIS BLADE ROW
  THESE CAN BE USED AS THE INLET BOUNDARY CONDITIONS  FOR THE NEXT STAGE.

  STAGNATION PRESSURE 
   65955.0   66279.3   66603.6   66978.4   67363.8   67732.8   68066.1   68348.3
   68568.6   68732.7   68866.8   68999.5   69148.6   69323.0   69525.3   69752.1
   69995.6   70247.1   70492.7   70710.5   70884.0   71010.7   71099.5   71166.4
   71233.0   71324.0   71459.2   71643.2   71855.1   72058.8   72217.1   72294.5
   72264.0   72117.0   71862.8   71534.7   71206.5
  STATIC PRESSURE 
   62115.3   62115.3   62115.3   62115.3   62115.3   62115.3   62115.3   62115.3
   62115.3   62115.3   62115.3   62115.3   62115.3   62115.3   62115.3   62115.3
   62115.3   62115.3   62115.3   62115.3   62115.3   62115.3   62115.3   62115.3
   62115.3   62115.3   62115.3   62115.3   62115.3   62115.3   62115.3   62115.3
   62115.3   62115.3   62115.3   62115.3   62115.3
  STAGNATION TEMPERATURE 
     465.0     465.0     464.9     464.8     464.7     464.6     464.4     464.1
     463.6     463.0     462.2     461.4     460.8     460.3     460.1     460.3
     460.8     461.6     462.6     463.7     464.6     465.3     465.6     465.7
     465.7     465.6     465.8     466.3     467.2     468.4     470.0     471.8
     473.5     475.2     476.8     478.4     479.9
  STATIC TEMPERATURE 
     458.1     457.5     456.9     456.2     455.4     454.7     453.9     453.2
     452.3     451.4     450.4     449.5     448.6     447.9     447.4     447.1
     447.2     447.6     448.2     448.9     449.5     450.0     450.2     450.2
     450.0     449.8     449.8     450.0     450.5     451.4     452.7     454.3
     456.0     457.9     459.9     461.9     463.9
  ABSOLUTE TANGENTIAL VELOCITY 
  -47.4795  -47.0933  -46.7071  -46.0890  -45.1740  -43.9066  -42.2334  -40.0881
  -37.4211  -34.2806  -30.8375  -27.2813  -23.7835  -20.5207  -17.6380  -15.2084
  -13.2240  -11.6251  -10.2058   -8.5803   -6.4246   -3.5921   -0.0420    4.2081
    9.1182   14.6455   20.7216   27.0740   33.2306   38.8180   43.6189   47.4845
   50.3619   52.3238   53.5367   54.2317   54.9268
  MERIDIONAL VELOCITY 
  116.9825  122.1623  127.3422  133.1212  138.8919  144.2957  149.1230  153.2276
  156.5182  159.0772  161.2040  163.2149  165.3059  167.5747  170.0553  172.7263
  175.5216  178.3672  181.1322  183.5980  185.5858  187.0403  188.0018  188.5656
  188.8762  189.1064  189.3731  189.7346  190.2013  190.6933  191.0228  190.9218
  190.1388  188.5280  186.0594  182.9187  179.7780
  YAW ANGLE 
  -22.0216  -21.1058  -20.1899  -19.1615  -18.0882  -16.9932  -15.8737  -14.7104
  -13.4811  -12.1820  -10.8392   -9.4914   -8.1845   -6.9745   -5.9090   -5.0115
   -4.2783   -3.6879   -3.1751   -2.6224   -1.9312   -1.0520    0.0366    1.3413
    2.8618    4.5911    6.5078    8.5104   10.4174   12.0921   13.4845   14.5940
   15.4518   16.1122   16.6413   17.0981   17.5549
  PITCH ANGLE 
    0.2452    0.2780    0.3108    0.3594    0.4295    0.5244    0.6421    0.7728
    0.9003    1.0054    1.0719    1.0947    1.0856    1.0688    1.0639    1.0770
    1.1054    1.1447    1.1918    1.2421    1.2880    1.3118    1.2851    1.1832
    1.0020    0.7609    0.4895    0.2202   -0.0142   -0.1926   -0.3090   -0.3689
   -0.3836   -0.3650   -0.3255   -0.2747   -0.2239
  SPANWISE GRID SPACING 
  0.002995  0.003744  0.004680  0.005849  0.007312  0.009140  0.011425  0.014281
  0.017851  0.022314  0.027892  0.034865  0.043582  0.054477  0.059898  0.059898
  0.059898  0.059898  0.059898  0.059898  0.059898  0.059898  0.054477  0.043582
  0.034865  0.027892  0.022314  0.017851  0.014281  0.011425  0.009140  0.007312
  0.005849  0.004680  0.003744  0.002995
  PITCHWISE GRID SPACING 
  0.002995  0.003744  0.004680  0.005849  0.007312  0.009140  0.011425  0.014281
  0.017851  0.022314  0.027892  0.034865  0.043582  0.054477  0.059898  0.059898
  0.059898  0.059898  0.059898  0.059898  0.059898  0.059898  0.054477  0.043582
  0.034865  0.027892  0.022314  0.017851  0.014281  0.011425  0.009140  0.007312
  0.005849  0.004680  0.003744  0.002995
  SPANWISE GRID POSITIONS
  0.000000  0.002995  0.006739  0.011418  0.017268  0.024579  0.033719  0.045144
  0.059425  0.077276  0.099590  0.127482  0.162348  0.205929  0.260407  0.320305
  0.380203  0.440102  0.500000  0.559898  0.619797  0.679695  0.739594  0.794071
  0.837653  0.872518  0.900410  0.922724  0.940575  0.954856  0.966281  0.975421
  0.982733  0.988582  0.993262  0.997005  1.000000
