    287.0000      1.3330 GAS CONSTANT, GAMMA
        37        37     IM, KM 
      1.2500     20.0000  FPRAT,  FPMAX
      1.2500     20.0000  FRRAT,  FRMAX
         0               IFDEFAULTS 
         4         3     NOWS, N SECTIONS 
     1.000               SCALING FACTOR 
 *********************STARTING DATA FOR A NEW BLADE ROW***************************
  BLADE ROW NUMBER =        1
  BLADE ROW  TYPE  =    S
   25   70   15     NPOINTS_UP, NPOINTS_ON, NPOINTS_DWN 
         0.0000         0.5000     FRACTION AXIAL CHORD,  RELATIVE GRID SPACING
         0.1000         0.7000     FRACTION AXIAL CHORD,  RELATIVE GRID SPACING
         0.2000         1.0000     FRACTION AXIAL CHORD,  RELATIVE GRID SPACING
         0.3000         1.4000     FRACTION AXIAL CHORD,  RELATIVE GRID SPACING
         0.4000         2.0000     FRACTION AXIAL CHORD,  RELATIVE GRID SPACING
         0.5000         3.0000     FRACTION AXIAL CHORD,  RELATIVE GRID SPACING
         0.6000         3.0000     FRACTION AXIAL CHORD,  RELATIVE GRID SPACING
         0.7000         3.0000     FRACTION AXIAL CHORD,  RELATIVE GRID SPACING
         0.8000         2.5000     FRACTION AXIAL CHORD,  RELATIVE GRID SPACING
         0.9000         2.0000     FRACTION AXIAL CHORD,  RELATIVE GRID SPACING
         1.0000         1.5000     FRACTION AXIAL CHORD,  RELATIVE GRID SPACING
        46          NUMBER OF BLADES IN ROW. 
      0.00 334074.09 334074.09 224887.98 224887.98    RPM, STATIC PRESSURES THROUGH ROW
    0    0    1    1    1    1   0.00000      0.00    TIP GAPS, WALL ROTNS and RPMHUB
 *********************** ROW NUMBER           1 ************************************
 **********STARTING NEW BLADE SECTION, SECTION NUMBER           1 **************
 *************************BLANK LINE*****************************************
    0                    INTYPE- TYPE OF BLADE GEOMETRY INPUT
  162  200  0  0          NPOINTS, NXPTS, IFCLOCK, IFREV
  -0.013830  -0.023990
  -0.178509  -0.393443
  -0.295186  -0.763176
  -0.364901  -1.133180
  -0.386933  -1.503456
  -0.382486  -1.641178
  -0.370888  -1.778940
  -0.353616  -1.916737
  -0.334488  -2.054543
  -0.313990  -2.192358
  -0.289763  -2.330193
  -0.260078  -2.468060
  -0.225455  -2.605956
  -0.189443  -2.743860
  -0.154015  -2.881760
  -0.116731  -3.019671
  -0.076093  -3.157601
  -0.032685  -3.295543
  0.900974  -5.106424
  1.834629  -6.159609
  2.768288  -6.850037
  3.701946  -7.303582
  4.360316  -7.524181
  5.044084  -7.649190
  5.677055  -7.709190
  6.335425  -7.710216
  6.993796  -7.651323
  7.652164  -7.540932
  8.310535  -7.378913
  8.968905  -7.167994
  9.627276  -6.906814
  10.285646  -6.595814
  10.944014  -6.231707
  11.602385  -5.813077
  12.260755  -5.336812
  12.919126  -4.797928
  13.577496  -4.195082
  14.235867  -3.521334
  14.894235  -2.775285
  15.552605  -1.952658
  16.210976  -1.049124
  16.869346  -0.065418
  17.527714  1.002248
  18.186085  2.152264
  18.844456  3.385817
  19.502826  4.700966
  20.161197  6.096343
  20.819565  7.569716
  21.477935  9.118115
  22.136306  10.739976
  22.794676  12.434882
  23.453047  14.201864
  24.111415  16.040090
  24.769785  17.948046
  25.428156  19.922825
  26.086526  21.959143
  26.744897  24.048695
  27.403265  26.181279
  28.061636  28.346994
  28.720006  30.537135
  29.378377  32.745030
  30.036747  34.967710
  30.695115  37.210063
  31.353486  39.486850
  32.011856  41.814712
  32.234345  42.611675
  32.456834  43.415184
  32.679322  44.230902
  32.901811  45.065368
  33.124300  45.929159
  33.346791  46.833973
  33.357393  46.895413
  33.359949  46.957699
  33.354416  47.019787
  33.340888  47.080635
  33.319590  47.139220
  33.290878  47.194561
  33.255234  47.245727
  33.213251  47.291861
  33.165636  47.332186
  33.113182  47.366029
  33.056772  47.392816
  32.997348  47.412100
  32.935906  47.423553
  32.873475  47.426987
  32.811103  47.422341
  32.749833  47.409692
  32.690694  47.389250
  32.634674  47.361358
  32.582716  47.326484
  32.535691  47.285212
  32.494385  47.238234
  32.459493  47.186334
  32.384888  46.953929
  32.310281  46.808774
  32.235676  46.656295
  32.161069  46.494273
  32.086464  46.331370
  32.011856  46.165729
  31.353486  44.753477
  30.695115  43.383726
  30.036747  42.025616
  29.378377  40.689893
  28.720006  39.379373
  28.061636  38.093825
  27.403265  36.834145
  26.744897  35.601455
  26.086526  34.396401
  25.428156  33.218905
  24.769785  32.067597
  24.111415  30.941145
  23.453047  29.838772
  22.794676  28.759097
  22.136306  27.700351
  21.477935  26.661986
  20.819565  25.642451
  20.161197  24.639918
  19.502826  23.654509
  18.844456  22.683577
  18.186085  21.726576
  17.527714  20.782496
  16.869346  19.850710
  16.210976  18.931151
  15.552605  18.024328
  14.894235  17.131162
  14.235867  16.252629
  13.577496  15.389497
  12.919126  14.542833
  12.260755  13.710796
  11.602385  12.894749
  10.944014  12.089348
  10.285646  11.295685
  9.627276  10.507566
  8.968905  9.724883
  8.310535  8.944292
  7.652164  8.167047
  6.993796  7.393054
  6.335425  6.629715
  5.677055  5.878454
  5.018684  5.150104
  4.360316  4.446732
  3.701946  3.769629
  2.910848  2.991099
  2.119752  2.235010
  1.328656  1.488813
  0.537561  0.732546
  0.498566  0.692821
  0.460520  0.652409
  0.423438  0.611292
  0.387469  0.569366
  0.352631  0.526616
  0.318585  0.483291
  0.285189  0.439489
  0.252654  0.395059
  0.221033  0.349964
  0.190017  0.304429
  0.159438  0.258575
  0.129337  0.212372
  0.099733  0.165806
  0.070617  0.118887
  0.041981  0.071615
  0.013830  0.023990
  0.0000  0.5000  0.5000                    ROTN,XROT,YROT
    0.5000    0.2500    45.1782    67.5000          XCUP, XCDWN, BETUP, BETDWN
  BLANK LINE 
   16               NUMBER OF POINTS ON THE STREAM SURFACE.
  -0.034113   -0.017096   -0.000080    0.035406    0.041572    0.047738    0.076597    0.088438
   0.095347    0.104970    0.150862    0.158508    0.164182    0.198214    0.213504    0.230519
   0.316332    0.316147    0.316210    0.324541    0.324316    0.323842    0.321962    0.320764
   0.319547    0.317844    0.310562    0.310093    0.309618    0.309496    0.309553    0.309616
  -0.000080   0.035406   0.316210   0.324541  LEADING AND TRAILING EDGE COORDINATES
    1.0000    0.0000    0.0000    0.0000    0.000 FCENTROID, FTANG, FLEAN, FSWEEP, FAXIAL
    1.0000    0.0000                              FSCALE, FCONST 
 *********************** ROW NUMBER           1 ************************************
 **********STARTING NEW BLADE SECTION, SECTION NUMBER           2 **************
 *************************BLANK LINE*****************************************
    0                    INTYPE- TYPE OF BLADE GEOMETRY INPUT
  162  200  0  0          NPOINTS, NXPTS, IFCLOCK, IFREV
  -0.011372  -0.020081
  -0.190835  -0.408775
  -0.321196  -0.795957
  -0.403758  -1.181666
  -0.438427  -1.565895
  -0.438056  -1.739588
  -0.427655  -1.912973
  -0.409301  -2.086112
  -0.385608  -2.259086
  -0.355841  -2.431872
  -0.318414  -2.604425
  -0.273507  -2.776743
  -0.222220  -2.948866
  -0.165809  -3.120832
  -0.105204  -3.292668
  -0.040071  -3.464364
  0.030089  -3.635906
  0.105440  -3.807285
  0.989571  -5.349817
  1.873700  -6.293315
  2.757830  -6.925170
  3.641961  -7.347750
  4.301350  -7.565184
  4.960739  -7.693482
  5.620131  -7.756784
  6.279520  -7.760792
  6.938909  -7.707691
  7.598298  -7.601775
  8.257690  -7.444633
  8.917079  -7.237499
  9.576468  -6.980189
  10.235857  -6.672468
  10.895249  -6.312220
  11.554638  -5.898025
  12.214027  -5.426085
  12.873416  -4.893716
  13.532808  -4.295226
  14.192197  -3.627699
  14.851586  -2.883510
  15.510975  -2.060768
  16.170366  -1.150922
  16.829756  -0.153126
  17.489145  0.937504
  18.148534  2.121980
  18.807925  3.399485
  19.467314  4.767687
  20.126703  6.220927
  20.786093  7.755318
  21.445484  9.366486
  22.104873  11.052833
  22.764262  12.816822
  23.423651  14.662963
  24.083043  16.594656
  24.742432  18.612300
  25.401821  20.711262
  26.061210  22.882151
  26.720602  25.113864
  27.379991  27.397296
  28.039380  29.727487
  28.698769  32.102161
  29.358161  34.520129
  30.017550  36.979896
  30.676939  39.481605
  31.336328  42.030942
  31.995720  44.634008
  32.218851  45.525345
  32.441985  46.422503
  32.665116  47.328049
  32.888250  48.247341
  33.111382  49.189566
  33.334516  50.165417
  33.344345  50.228056
  33.345897  50.291446
  33.339146  50.354499
  33.324206  50.416125
  33.301333  50.475266
  33.270924  50.530905
  33.233505  50.582081
  33.189718  50.627918
  33.140317  50.667620
  33.086157  50.700511
  33.028166  50.726022
  32.967348  50.743716
  32.904750  50.753284
  32.841448  50.754570
  32.778535  50.747544
  32.717092  50.732332
  32.658182  50.709195
  32.602815  50.678535
  32.551949  50.640874
  32.506455  50.596869
  32.467121  50.547270
  32.434621  50.492937
  32.361469  50.266735
  32.288320  50.107507
  32.215171  49.943738
  32.142019  49.771917
  32.068869  49.599278
  31.995720  49.424521
  31.336328  47.891896
  30.676939  46.399262
  30.017550  44.919384
  29.358161  43.462227
  28.698769  42.031580
  28.039380  40.628085
  27.379991  39.253015
  26.720602  37.908040
  26.061210  36.594341
  25.401821  35.312093
  24.742432  34.060252
  24.083043  32.836922
  23.423651  31.640562
  22.764262  30.469789
  22.104873  29.322913
  21.445484  28.199004
  20.786093  27.097010
  20.126703  26.015366
  19.467314  24.953598
  18.807925  23.910166
  18.148534  22.884178
  17.489145  21.874889
  16.829756  20.881721
  16.170366  19.904052
  15.510975  18.942164
  14.851586  17.995638
  14.192197  17.064995
  13.532808  16.149864
  12.873416  15.250620
  12.214027  14.365892
  11.554638  13.496254
  10.895249  12.638717
  10.235857  11.793896
  9.576468  10.958467
  8.917079  10.132527
  8.257690  9.314302
  7.598298  8.504611
  6.938909  7.703421
  6.279520  6.914716
  5.620131  6.139228
  4.960739  5.382694
  4.301350  4.645782
  3.641961  3.928676
  2.841493  3.084485
  2.041027  2.258060
  1.240559  1.439977
  0.440093  0.616684
  0.408589  0.582737
  0.377784  0.548292
  0.347688  0.513344
  0.318369  0.477845
  0.289842  0.441787
  0.261965  0.405265
  0.234673  0.368330
  0.208008  0.330949
  0.181966  0.293129
  0.156388  0.254978
  0.131199  0.216553
  0.106411  0.177841
  0.082039  0.138834
  0.058075  0.099540
  0.034519  0.059954
  0.011372  0.020081
  0.0000  0.5000  0.5000                    ROTN,XROT,YROT
    0.5000    0.2500    45.0000    70.0000          XCUP, XCDWN, BETUP, BETDWN
  BLANK LINE 
   16               NUMBER OF POINTS ON THE STREAM SURFACE.
  -0.033952   -0.017183    0.000325    0.035590    0.041262    0.047675    0.076778    0.088861
   0.095273    0.103902    0.152726    0.158893    0.165552    0.196871    0.213887    0.230657
   0.344159    0.344221    0.344535    0.344666    0.344688    0.344215    0.343329    0.343623
   0.343647    0.344176    0.345848    0.345374    0.344902    0.345019    0.345082    0.345145
   0.000325   0.035590   0.344535   0.344666  LEADING AND TRAILING EDGE COORDINATES
    1.0000    0.0000    0.0000    0.0000    0.000 FCENTROID, FTANG, FLEAN, FSWEEP, FAXIAL
    1.0000    0.0000                              FSCALE, FCONST 
 *********************** ROW NUMBER           1 ************************************
 **********STARTING NEW BLADE SECTION, SECTION NUMBER           3 **************
 *************************BLANK LINE*****************************************
    0                    INTYPE- TYPE OF BLADE GEOMETRY INPUT
  162  200  0  0          NPOINTS, NXPTS, IFCLOCK, IFREV
  -0.008947  -0.015625
  -0.202592  -0.422241
  -0.347184  -0.826002
  -0.442718  -1.226910
  -0.489198  -1.624961
  -0.493902  -1.838494
  -0.484331  -2.051196
  -0.464509  -2.263304
  -0.436696  -2.474944
  -0.397369  -2.685917
  -0.346688  -2.896226
  -0.286160  -3.105964
  -0.218566  -3.315291
  -0.141736  -3.524081
  -0.055792  -3.732338
  0.036940  -3.940204
  0.136364  -4.147679
  0.243529  -4.354707
  1.078130  -5.585182
  1.912733  -6.398876
  2.747336  -6.960490
  3.581940  -7.345305
  4.242347  -7.557637
  4.902758  -7.688718
  5.563168  -7.755277
  6.223575  -7.762607
  6.883985  -7.716389
  7.544396  -7.616250
  8.204803  -7.465696
  8.865213  -7.264277
  9.525624  -7.013144
  10.186034  -6.711291
  10.846441  -6.357931
  11.506852  -5.951648
  12.167262  -5.487915
  12.827672  -4.966633
  13.488079  -4.377275
  14.148490  -3.721459
  14.808900  -2.984633
  15.469310  -2.167589
  16.129718  -1.257101
  16.790128  -0.250557
  17.450538  0.858130
  18.110945  2.072895
  18.771356  3.390690
  19.431766  4.808747
  20.092176  6.316641
  20.752584  7.908652
  21.412994  9.578859
  22.073404  11.325640
  22.733812  13.154671
  23.394222  15.076583
  24.054632  17.099492
  24.715039  19.225955
  25.375450  21.449420
  26.035860  23.755966
  26.696270  26.131420
  27.356678  28.567981
  28.017088  31.066269
  28.677498  33.631242
  29.337906  36.267871
  29.998316  38.976342
  30.658726  41.751467
  31.319133  44.588703
  31.979544  47.482266
  32.203320  48.473232
  32.427097  49.469168
  32.650873  50.469138
  32.874650  51.477145
  33.098426  52.500745
  33.322203  53.549419
  33.331263  53.612960
  33.331809  53.677141
  33.323836  53.740826
  33.307484  53.802888
  33.283039  53.862235
  33.250936  53.917811
  33.211738  53.968636
  33.166145  54.013810
  33.114962  54.052535
  33.059092  54.084125
  32.999524  54.108021
  32.937312  54.123802
  32.873555  54.131188
  32.809382  54.130048
  32.745928  54.120404
  32.684317  54.102423
  32.625633  54.076426
  32.570922  54.042870
  32.521145  54.002352
  32.477185  53.955588
  32.439820  53.903401
  32.409710  53.846721
  32.338016  53.629091
  32.266322  53.455193
  32.194628  53.279915
  32.122934  53.098308
  32.051238  52.915964
  31.979544  52.732217
  31.319133  51.075325
  30.658726  49.455318
  29.998316  47.849235
  29.337906  46.266081
  28.677498  44.710720
  28.017088  43.184771
  27.356678  41.689910
  26.696270  40.228417
  26.035860  38.802070
  25.375450  37.411321
  24.715039  36.055497
  24.054632  34.732091
  23.394222  33.438705
  22.733812  32.173978
  22.073404  30.936300
  21.412994  29.724333
  20.752584  28.537587
  20.092176  27.374811
  19.431766  26.234859
  18.771356  25.117442
  18.110945  24.021289
  17.450538  22.945962
  16.790128  21.890933
  16.129718  20.854966
  15.469310  19.838090
  14.808900  18.838381
  14.148490  17.855843
  13.488079  16.888824
  12.827672  15.936942
  12.167262  14.999341
  11.506852  14.075716
  10.846441  13.165736
  10.186034  12.269481
  9.525624  11.386867
  8.865213  10.518228
  8.204803  9.663556
  7.544396  8.823184
  6.883985  7.997143
  6.223575  7.185550
  5.563168  6.388368
  4.902758  5.605550
  4.242347  4.836217
  3.581940  4.079290
  2.772101  3.167384
  1.962263  2.267873
  1.152425  1.374901
  0.342589  0.482215
  0.318733  0.455174
  0.295299  0.427834
  0.272282  0.400201
  0.249686  0.372271
  0.227507  0.344047
  0.205797  0.315490
  0.184649  0.286536
  0.163826  0.257354
  0.143326  0.227941
  0.123153  0.198299
  0.103306  0.168426
  0.083783  0.138327
  0.064586  0.107994
  0.045714  0.077436
  0.027169  0.046643
  0.008947  0.015625
  0.0000  0.5000  0.5000                    ROTN,XROT,YROT
    0.5000    0.2500    45.1384    67.0026          XCUP, XCDWN, BETUP, BETDWN
  BLANK LINE 
   16               NUMBER OF POINTS ON THE STREAM SURFACE.
  -0.034040   -0.017023    0.000486    0.035278    0.041197    0.047855    0.077202    0.084352
   0.094950    0.102588    0.154098    0.161495    0.167414    0.195774    0.213530    0.230546
   0.372730    0.372545    0.372610    0.365783    0.365805    0.365830    0.365691    0.366463
   0.368490    0.370506    0.380884    0.381160    0.381182    0.381040    0.381106    0.380921
   0.000486   0.035278   0.372610   0.365783  LEADING AND TRAILING EDGE COORDINATES
    1.0000    0.0000    0.0000    0.0000    0.000 FCENTROID, FTANG, FLEAN, FSWEEP, FAXIAL
    1.0000    0.0000                              FSCALE, FCONST 
 *********************STARTING DATA FOR A NEW BLADE ROW***************************
  BLADE ROW NUMBER =        2
  BLADE ROW  TYPE  =    R
   20   70   15     NPOINTS_UP, NPOINTS_ON, NPOINTS_DWN 
         0.0000         0.5000     FRACTION AXIAL CHORD,  RELATIVE GRID SPACING
         0.1000         0.7000     FRACTION AXIAL CHORD,  RELATIVE GRID SPACING
         0.2000         1.0000     FRACTION AXIAL CHORD,  RELATIVE GRID SPACING
         0.3000         1.4000     FRACTION AXIAL CHORD,  RELATIVE GRID SPACING
         0.4000         2.0000     FRACTION AXIAL CHORD,  RELATIVE GRID SPACING
         0.5000         3.0000     FRACTION AXIAL CHORD,  RELATIVE GRID SPACING
         0.6000         3.0000     FRACTION AXIAL CHORD,  RELATIVE GRID SPACING
         0.7000         3.0000     FRACTION AXIAL CHORD,  RELATIVE GRID SPACING
         0.8000         2.5000     FRACTION AXIAL CHORD,  RELATIVE GRID SPACING
         0.9000         2.0000     FRACTION AXIAL CHORD,  RELATIVE GRID SPACING
         1.0000         1.5000     FRACTION AXIAL CHORD,  RELATIVE GRID SPACING
        76          NUMBER OF BLADES IN ROW. 
   8283.00 224887.98 224887.98 178130.02 178130.02    RPM, STATIC PRESSURES THROUGH ROW
    0    0    1    1    1    1   0.00000   8283.00    TIP GAPS, WALL ROTNS and RPMHUB
 *********************** ROW NUMBER           2 ************************************
 **********STARTING NEW BLADE SECTION, SECTION NUMBER           1 **************
 *************************BLANK LINE*****************************************
    0                    INTYPE- TYPE OF BLADE GEOMETRY INPUT
  162  200  0  0          NPOINTS, NXPTS, IFCLOCK, IFREV
  -0.035857  0.036802
  -0.277251  0.394322
  -0.406895  0.756834
  -0.476580  1.122624
  -0.486992  1.490952
  -0.482443  1.593952
  -0.474106  1.707286
  -0.461985  1.815719
  -0.446075  1.922295
  -0.426425  2.033113
  -0.404861  2.141985
  -0.372527  2.251006
  -0.352280  2.360176
  -0.321264  2.469492
  -0.287553  2.578933
  -0.251280  2.688496
  -0.212169  2.798191
  -0.170223  2.908018
  0.617085  4.477062
  1.394236  5.578069
  2.176465  6.446972
  2.958696  7.161273
  3.511347  7.571936
  4.053837  7.971734
  4.601408  8.295721
  5.148979  8.581890
  5.696549  8.828118
  6.244120  9.031199
  6.791691  9.200050
  7.339261  9.331622
  7.886832  9.425231
  8.434403  9.483179
  8.981973  9.504782
  9.529595  9.489570
  10.077115  9.437484
  10.624685  9.348269
  11.172256  9.221404
  11.719827  9.057162
  12.267397  8.855547
  12.814968  8.611807
  13.362539  8.326811
  13.910109  8.001648
  14.457680  7.636325
  15.005251  7.230834
  15.552821  6.765729
  16.100392  6.253521
  16.647963  5.694347
  17.195533  5.088209
  17.743104  4.421581
  18.290675  3.698852
  18.838245  2.921986
  19.385816  2.091616
  19.933387  1.205497
  20.480957  0.264808
  21.028525  -0.730453
  21.576096  -1.770007
  22.123667  -2.854089
  22.671237  -3.986177
  23.218808  -5.166276
  23.766379  -6.367579
  24.313949  -7.598715
  24.861520  -8.864069
  25.409091  -10.151935
  25.956661  -11.452329
  26.491532  -12.774864
  26.785684  -13.462353
  27.049354  -14.151163
  27.348586  -14.844265
  27.630039  -15.541663
  27.886088  -16.242894
  28.192941  -16.947924
  28.212600  -17.008775
  28.224051  -17.071693
  28.252478  -17.135574
  28.247033  -17.199292
  28.207807  -17.261731
  28.185849  -17.321794
  28.156144  -17.378426
  28.119210  -17.430633
  28.075697  -17.477499
  28.026368  -17.518200
  27.921293  -17.552020
  27.913820  -17.578370
  27.852578  -17.596780
  27.789436  -17.606881
  27.725510  -17.608647
  27.661916  -17.601893
  27.599775  -17.586790
  27.540174  -17.563097
  27.484164  -17.532741
  27.432726  -17.494743
  27.386763  -17.450278
  27.347085  -17.400123
  27.206608  -17.196128
  27.066133  -16.991993
  26.925659  -16.787719
  26.785184  -16.583304
  26.644709  -16.378753
  26.504232  -16.174062
  25.956661  -15.374056
  25.409091  -14.566908
  24.861520  -13.768649
  24.313949  -12.971628
  23.766379  -12.196727
  23.218808  -11.439505
  22.671237  -10.700022
  22.123667  -10.021649
  21.576096  -9.360047
  21.028525  -8.737605
  20.480957  -8.146702
  19.933387  -7.596010
  19.385816  -7.074863
  18.838245  -6.582362
  18.290675  -6.124390
  17.743104  -5.695762
  17.195533  -5.289034
  16.647963  -4.904209
  16.100392  -4.546445
  15.552821  -4.211051
  15.005251  -3.892641
  14.457680  -3.591217
  13.910109  -3.307674
  13.362539  -3.044121
  12.814968  -2.794874
  12.267397  -2.559909
  11.719827  -2.339299
  11.172256  -2.134959
  10.624685  -1.943854
  10.077115  -1.765762
  9.529747  -1.600683
  8.981973  -1.449606
  8.434403  -1.311300
  7.886832  -1.185113
  7.339261  -1.071044
  6.791691  -0.968949
  6.244120  -0.879041
  5.696549  -0.801426
  5.148979  -0.735035
  4.601408  -0.681485
  4.053837  -0.642950
  3.511347  -0.621838
  2.958696  -0.607929
  2.580833  -0.603250
  2.202972  -0.600006
  1.825109  -0.596958
  1.447249  -0.591574
  1.345857  -0.588020
  1.246193  -0.580377
  1.148253  -0.568411
  1.052038  -0.552879
  0.957547  -0.533024
  0.864781  -0.509097
  0.773740  -0.481099
  0.683958  -0.450131
  0.595716  -0.415529
  0.509539  -0.376052
  0.424894  -0.331701
  0.343383  -0.282471
  0.263401  -0.228369
  0.185489  -0.169388
  0.109639  -0.105585
  0.035857  -0.036802
  0.0000  0.5000  0.5000                    ROTN,XROT,YROT
    0.5000    0.2500    35.6914    -59.0000          XCUP, XCDWN, BETUP, BETDWN
  BLANK LINE 
   16               NUMBER OF POINTS ON THE STREAM SURFACE.
  -0.034113   -0.017096   -0.000080    0.035406    0.041572    0.047738    0.076597    0.088438
   0.095347    0.104970    0.150862    0.158508    0.164182    0.198214    0.213504    0.230519
   0.316332    0.316147    0.316210    0.324541    0.324316    0.323842    0.321962    0.320764
   0.319547    0.317844    0.310562    0.310093    0.309618    0.309496    0.309553    0.309616
   0.047738   0.076597   0.323842   0.321962  LEADING AND TRAILING EDGE COORDINATES
    1.0000    0.0000    0.0000    0.0000    0.000 FCENTROID, FTANG, FLEAN, FSWEEP, FAXIAL
    1.0000    0.0000                              FSCALE, FCONST 
 *********************** ROW NUMBER           2 ************************************
 **********STARTING NEW BLADE SECTION, SECTION NUMBER           2 **************
 *************************BLANK LINE*****************************************
    0                    INTYPE- TYPE OF BLADE GEOMETRY INPUT
  162  200  0  0          NPOINTS, NXPTS, IFCLOCK, IFREV
  -0.035403  0.030309
  -0.299778  0.378002
  -0.457081  0.740744
  -0.530990  1.115211
  -0.550923  1.497265
  -0.549176  1.572142
  -0.530200  1.646790
  -0.539717  1.722736
  -0.530636  1.798451
  -0.522310  1.874445
  -0.510659  1.950513
  -0.497657  2.027175
  -0.482874  2.103886
  -0.466245  2.180853
  -0.447774  2.258082
  -0.427469  2.335569
  -0.405328  2.413314
  -0.381351  2.491315
  0.438836  4.266361
  1.259020  5.372419
  2.079203  6.178640
  2.899387  6.811791
  3.650292  7.178877
  3.994800  7.459014
  4.545048  7.716912
  5.090213  7.927191
  5.637921  8.089853
  6.185626  8.204895
  6.733334  8.293543
  7.281040  8.322928
  7.828747  8.352461
  8.376453  8.325121
  8.924160  8.263322
  9.471866  8.164382
  10.019574  8.027280
  10.567281  7.854560
  11.114987  7.643766
  11.662694  7.391457
  12.210400  7.100513
  12.758108  6.770925
  13.305813  6.402699
  13.853521  5.995831
  14.401226  5.532457
  14.948934  5.024934
  15.496639  4.473299
  16.044347  3.877558
  16.592055  3.235380
  17.139760  2.538866
  17.687468  1.794212
  18.235173  1.001417
  18.782881  0.160321
  19.330586  -0.729263
  19.878294  -1.667161
  20.425999  -2.653377
  20.973707  -3.687911
  21.521412  -4.766141
  22.069120  -5.887185
  22.616828  -7.053668
  23.164533  -8.265583
  23.712241  -9.513602
  24.259946  -10.793970
  24.807654  -12.112481
  25.355365  -13.455928
  25.903067  -14.829768
  26.450775  -16.249674
  26.733210  -17.003635
  27.015646  -17.750438
  27.298081  -18.505131
  27.580519  -19.263697
  27.862954  -20.029014
  28.145389  -20.800739
  28.163190  -20.846594
  28.172799  -20.873940
  28.174046  -20.988364
  28.166911  -21.051600
  28.151516  -21.113345
  28.128133  -21.172529
  28.097013  -21.228122
  28.059154  -21.279159
  28.014757  -21.324749
  27.964747  -21.364101
  27.909995  -21.396529
  27.851451  -21.421475
  27.790135  -21.438498
  27.727115  -21.447307
  27.663475  -21.447749
  27.600336  -21.438541
  27.538792  -21.423636
  27.479907  -21.399504
  27.424713  -21.367833
  27.374164  -21.329176
  27.329140  -21.284206
  27.290425  -21.233700
  27.150484  -21.028854
  27.010543  -20.823597
  26.870599  -20.617923
  26.730658  -20.411835
  26.590716  -20.205330
  26.450775  -19.998414
  25.903067  -19.184598
  25.355365  -18.347252
  24.807654  -17.513845
  24.259946  -16.688091
  23.712241  -15.865542
  23.164533  -15.032638
  22.616828  -14.218985
  22.069120  -13.424587
  21.521412  -12.649440
  20.973707  -11.888469
  20.425999  -11.143733
  19.878294  -10.419848
  19.330586  -9.723012
  18.782881  -9.050070
  18.235173  -8.402395
  17.687468  -7.778855
  17.139760  -7.181127
  16.592055  -6.609257
  16.044347  -6.063248
  15.496639  -5.543102
  14.948934  -5.050166
  14.401226  -4.583467
  13.853521  -4.141735
  13.305813  -3.724256
  12.758108  -3.331287
  12.210400  -2.964400
  11.662694  -2.621853
  11.114987  -2.302702
  10.567281  -2.006792
  10.019574  -1.734280
  9.471866  -1.484949
  8.924160  -1.259059
  8.376453  -1.056626
  7.828747  -0.877647
  7.281040  -0.719436
  6.733334  -0.586663
  6.185626  -0.479350
  5.637921  -0.398860
  5.090213  -0.344895
  4.540428  -0.313275
  3.994800  -0.308682
  3.447092  -0.340994
  2.899387  -0.361690
  2.513861  -0.390067
  2.135955  -0.418306
  1.763128  -0.438741
  1.357279  -0.437559
  1.265657  -0.438918
  1.175187  -0.436836
  1.085875  -0.431362
  0.997717  -0.422347
  0.910717  -0.409942
  0.824873  -0.394098
  0.739993  -0.375375
  0.655719  -0.354855
  0.572940  -0.329881
  0.491660  -0.300450
  0.411874  -0.266564
  0.333586  -0.228243
  0.256797  -0.185553
  0.181501  -0.138175
  0.107704  -0.087992
  0.035403  -0.030309
  0.0000  0.5000  0.5000                    ROTN,XROT,YROT
    0.5000    0.2500    38.4265    -59.0000          XCUP, XCDWN, BETUP, BETDWN
  BLANK LINE 
   16               NUMBER OF POINTS ON THE STREAM SURFACE.
  -0.033952   -0.017183    0.000325    0.035590    0.041262    0.047675    0.076778    0.088861
   0.095273    0.103902    0.152726    0.158893    0.165552    0.196871    0.213887    0.230657
   0.344159    0.344221    0.344535    0.344666    0.344688    0.344215    0.343329    0.343623
   0.343647    0.344176    0.345848    0.345374    0.344902    0.345019    0.345082    0.345145
   0.047675   0.076778   0.344215   0.343329  LEADING AND TRAILING EDGE COORDINATES
    1.0000    0.0000    0.0000    0.0000    0.000 FCENTROID, FTANG, FLEAN, FSWEEP, FAXIAL
    1.0000    0.0000                              FSCALE, FCONST 
 *********************** ROW NUMBER           2 ************************************
 **********STARTING NEW BLADE SECTION, SECTION NUMBER           3 **************
 *************************BLANK LINE*****************************************
    0                    INTYPE- TYPE OF BLADE GEOMETRY INPUT
  162  200  0  0          NPOINTS, NXPTS, IFCLOCK, IFREV
  -0.024774  0.035306
  -0.134149  0.248526
  -0.197834  0.462394
  -0.232393  0.676742
  -0.234804  0.891540
  -0.231743  0.956765
  -0.226473  1.022048
  -0.218987  1.087389
  -0.209290  1.152736
  -0.197380  1.218118
  -0.182731  1.283520
  -0.169780  1.348936
  -0.153913  1.414374
  -0.136404  1.479837
  -0.117250  1.545326
  -0.096450  1.610838
  -0.074007  1.676372
  -0.049920  1.741932
  0.765237  3.254360
  1.580397  4.173469
  2.395554  4.834146
  3.210714  5.318816
  3.961459  5.573418
  4.305799  5.769834
  4.853344  5.908195
  5.400887  6.007913
  5.948430  6.060313
  6.496227  6.071433
  7.043518  6.042508
  7.591061  5.974822
  8.138603  5.868825
  8.686146  5.724388
  9.233691  5.541071
  9.781234  5.322237
  10.328777  5.063312
  10.876319  4.763750
  11.423865  4.426753
  11.971407  4.047630
  12.519001  3.628136
  13.066493  3.167068
  13.614038  2.664699
  14.161581  2.121764
  14.709123  1.539108
  15.256666  0.916468
  15.804211  0.256492
  16.351754  -0.441942
  16.899297  -1.178839
  17.446840  -1.950202
  17.994382  -2.759710
  18.541420  -3.600300
  19.089470  -4.475569
  19.637013  -5.384726
  20.184556  -6.327879
  20.732101  -7.304428
  21.279644  -8.314441
  21.827186  -9.358051
  22.374729  -10.435262
  22.922274  -11.542911
  23.469817  -12.682190
  24.017360  -13.853513
  24.564903  -15.052609
  25.112448  -16.273846
  25.659991  -17.521710
  26.207533  -18.788535
  26.755076  -20.068334
  27.035812  -20.727192
  27.316546  -21.393015
  27.597279  -22.062658
  27.878013  -22.735888
  28.158746  -23.412361
  28.439482  -24.043386
  28.452886  -24.103757
  28.473366  -24.166378
  28.477836  -24.230150
  28.473838  -24.293952
  28.456109  -24.356667
  28.438834  -24.417193
  28.412472  -24.474472
  28.376757  -24.527487
  28.334344  -24.575320
  28.285982  -24.617129
  28.232520  -24.652178
  28.174893  -24.679854
  28.114116  -24.699669
  28.051251  -24.709755
  27.987403  -24.714477
  27.923692  -24.709206
  27.861238  -24.695564
  27.801134  -24.673784
  27.744437  -24.644251
  27.692140  -24.607484
  27.645163  -24.564129
  27.604328  -24.514561
  27.462786  -24.321544
  27.321245  -24.127557
  27.180041  -23.932985
  27.038162  -23.737824
  26.896618  -23.541825
  26.755076  -23.345404
  26.207533  -22.578090
  25.659991  -21.805821
  25.112448  -21.025198
  24.564903  -20.243152
  24.017360  -19.459545
  23.469817  -18.675683
  22.922274  -17.898224
  22.374729  -17.124647
  21.827179  -16.359071
  21.279644  -15.604302
  20.732101  -14.846272
  20.184556  -14.125212
  19.637013  -13.402427
  19.089470  -12.690335
  18.541928  -11.991614
  17.994382  -11.303800
  17.446840  -10.632618
  16.899297  -9.976091
  16.351754  -9.332913
  15.804211  -8.712037
  15.256666  -8.113464
  14.708869  -7.533914
  14.161581  -6.980027
  13.614038  -6.452273
  13.066493  -5.950788
  12.518950  -5.475011
  11.971407  -5.026833
  11.423865  -4.603374
  10.876319  -4.202938
  10.328777  -3.827361
  9.781234  -3.473663
  9.233691  -3.140756
  8.686146  -2.828773
  8.138603  -2.537450
  7.591061  -2.281019
  7.043518  -2.014537
  6.495973  -1.786263
  5.948430  -1.579044
  5.400887  -1.397005
  4.853344  -1.240876
  4.305799  -1.110828
  3.758256  -1.008167
  3.210714  -0.928624
  2.688353  -0.872630
  2.165994  -0.824702
  1.643633  -0.767255
  1.121274  -0.725932
  1.039461  -0.656567
  0.960093  -0.635290
  0.880881  -0.611302
  0.804112  -0.584599
  0.729022  -0.555183
  0.655621  -0.523057
  0.583167  -0.489402
  0.512611  -0.452676
  0.444128  -0.412608
  0.377722  -0.369192
  0.313389  -0.322428
  0.250608  -0.273162
  0.190003  -0.220388
  0.132163  -0.163154
  0.077085  -0.101455
  0.024774  -0.035306
  0.0000  0.5000  0.5000                    ROTN,XROT,YROT
    0.5000    0.2500    30.0870    -58.0000         XCUP, XCDWN, BETUP, BETDWN
  BLANK LINE 
   16               NUMBER OF POINTS ON THE STREAM SURFACE.
  -0.034040   -0.017023    0.000486    0.035278    0.041197    0.047855    0.077202    0.084352
   0.094950    0.102588    0.154098    0.161495    0.167414    0.195774    0.213530    0.230546
   0.372730    0.372545    0.372610    0.365783    0.365805    0.365830    0.365691    0.366463
   0.368490    0.370506    0.380884    0.381160    0.381182    0.381040    0.381106    0.380921
   0.047855   0.077202   0.365830   0.365691  LEADING AND TRAILING EDGE COORDINATES
    1.0000    0.0000    0.0000    0.0000    0.000 FCENTROID, FTANG, FLEAN, FSWEEP, FAXIAL
    1.0000    0.0000                              FSCALE, FCONST 
 *********************STARTING DATA FOR A NEW BLADE ROW***************************
  BLADE ROW NUMBER =        3
  BLADE ROW  TYPE  =    S
   20   70   15     NPOINTS_UP, NPOINTS_ON, NPOINTS_DWN 
         0.0000         0.5000     FRACTION AXIAL CHORD,  RELATIVE GRID SPACING
         0.1000         0.7000     FRACTION AXIAL CHORD,  RELATIVE GRID SPACING
         0.2000         1.0000     FRACTION AXIAL CHORD,  RELATIVE GRID SPACING
         0.3000         1.4000     FRACTION AXIAL CHORD,  RELATIVE GRID SPACING
         0.4000         2.0000     FRACTION AXIAL CHORD,  RELATIVE GRID SPACING
         0.5000         3.0000     FRACTION AXIAL CHORD,  RELATIVE GRID SPACING
         0.6000         3.0000     FRACTION AXIAL CHORD,  RELATIVE GRID SPACING
         0.7000         3.0000     FRACTION AXIAL CHORD,  RELATIVE GRID SPACING
         0.8000         2.5000     FRACTION AXIAL CHORD,  RELATIVE GRID SPACING
         0.9000         2.0000     FRACTION AXIAL CHORD,  RELATIVE GRID SPACING
         1.0000         1.5000     FRACTION AXIAL CHORD,  RELATIVE GRID SPACING
        48          NUMBER OF BLADES IN ROW. 
      0.00 177863.14 177863.14 133510.59 133510.59    RPM, STATIC PRESSURES THROUGH ROW
    0    0    1    1    1    1   0.00000      0.00    TIP GAPS, WALL ROTNS and RPMHUB
 *********************** ROW NUMBER           3 ************************************
 **********STARTING NEW BLADE SECTION, SECTION NUMBER           1 **************
 *************************BLANK LINE*****************************************
    0                    INTYPE- TYPE OF BLADE GEOMETRY INPUT
  162  200  0  0          NPOINTS, NXPTS, IFCLOCK, IFREV
  -0.053275  -0.139714
  -0.111352  -0.361149
  -0.147570  -0.574244
  0.342797  -0.780249
  -0.165635  -0.979692
  -0.141789  -1.265691
  -0.089699  -1.540918
  -0.014975  -1.807506
  0.080453  -2.066197
  0.191784  -2.318821
  0.319543  -2.565178
  0.457707  -2.807565
  0.608999  -3.044943
  0.769278  -3.278895
  0.937701  -3.509738
  1.115579  -3.736974
  1.299277  -3.961990
  1.489775  -4.184413
  2.427418  -5.172488
  3.365062  -5.999989
  4.302708  -6.731288
  5.240351  -7.345963
  6.120395  -7.874961
  7.000439  -8.298791
  7.880483  -8.657599
  8.760530  -8.968457
  9.640574  -9.216132
  10.520618  -9.400633
  11.400662  -9.533741
  12.280706  -9.620302
  13.160750  -9.650145
  14.040794  -9.625306
  14.920838  -9.546093
  15.800884  -9.412395
  16.680928  -9.224166
  17.560972  -8.981408
  18.441016  -8.674462
  19.321060  -8.303825
  20.201104  -7.872909
  21.081148  -7.379865
  21.961192  -6.802942
  22.841238  -6.155102
  23.721282  -5.436351
  24.601326  -4.641285
  25.481370  -3.749829
  26.361414  -2.775853
  27.241458  -1.713224
  28.121505  -0.551892
  29.001549  0.701618
  29.881593  2.047305
  30.761636  3.483614
  31.641680  5.008599
  32.521727  6.623732
  33.401771  8.323856
  34.281815  10.111116
  35.161859  11.985946
  36.041903  13.975643
  36.921949  16.066235
  37.801993  18.265408
  38.682037  20.578815
  39.562081  23.002310
  40.442125  25.486333
  41.322172  28.044786
  42.202216  30.678126
  43.082260  33.274479
  43.378383  34.152161
  43.674509  35.031874
  43.970632  35.899675
  44.266756  36.763085
  44.562881  37.623436
  44.859005  38.480729
  44.875944  38.543643
  44.885014  38.608260
  44.883782  38.673411
  44.874542  38.737701
  44.859238  38.800564
  44.830580  38.860251
  44.796658  38.915875
  44.755350  38.966423
  44.708014  39.010975
  44.654883  39.048717
  44.595678  39.078960
  44.535952  39.101158
  44.472262  39.114901
  44.407306  39.119943
  44.342262  39.116189
  44.278318  39.103708
  44.216636  39.082727
  44.158343  39.053629
  44.104500  39.016946
  44.056090  38.973345
  44.013992  38.923619
  43.978976  38.868676
  43.829525  38.596312
  43.680071  38.324847
  43.530618  38.054284
  43.381167  37.784625
  43.231713  37.515867
  43.082260  37.248012
  42.202216  35.689069
  41.322172  34.161411
  40.442125  32.662745
  39.562081  31.195949
  38.682037  29.762500
  37.801993  28.362401
  36.921949  26.990554
  36.041903  25.653531
  35.161859  24.354761
  34.281815  23.094243
  33.401771  21.865952
  32.521727  20.677923
  31.641680  19.531372
  30.761636  18.426294
  29.881593  17.362692
  29.001549  16.361053
  28.121505  15.360240
  27.241458  14.421103
  26.361414  13.523324
  25.481370  12.666900
  24.601326  11.854854
  23.721282  11.083367
  22.841238  10.350903
  22.469192  9.657455
  21.081148  9.007438
  20.201104  8.399967
  19.321060  7.826270
  18.441016  7.286344
  17.560972  6.780188
  16.680928  6.319161
  15.800884  5.893192
  14.920838  5.492901
  14.040794  5.118284
  13.160750  4.769347
  12.280706  4.452388
  11.400662  4.170915
  10.520618  3.905399
  9.640574  3.655841
  8.760530  3.422237
  7.880483  3.210282
  7.000439  3.015822
  6.120395  2.827504
  5.240351  2.645325
  4.778767  2.552226
  4.317183  2.460817
  3.855597  2.374972
  3.394013  2.277096
  3.065540  2.216393
  2.880476  2.146779
  2.634228  2.066609
  2.392989  1.979301
  2.156499  1.885215
  1.924724  1.784407
  1.698614  1.675517
  1.476150  1.561423
  1.262153  1.435259
  1.056240  1.297558
  0.857018  1.149808
  0.669939  0.985750
  0.492243  0.807803
  0.329518  0.608501
  0.182368  0.386986
  0.053275  0.139714
  0.0000  0.5000  0.5000                    ROTN,XROT,YROT
    0.5000    0.2500    14.2913    63.9960          XCUP, XCDWN, BETUP, BETDWN
  BLANK LINE 
   16               NUMBER OF POINTS ON THE STREAM SURFACE.
  -0.034113   -0.017096   -0.000080    0.035406    0.041572    0.047738    0.076597    0.088438
   0.095347    0.104970    0.150862    0.158508    0.164182    0.198214    0.213504    0.230519
   0.316332    0.316147    0.316210    0.324541    0.324316    0.323842    0.321962    0.320764
   0.319547    0.317844    0.310562    0.310093    0.309618    0.309496    0.309553    0.309616
   0.104970   0.150862   0.317844   0.310562  LEADING AND TRAILING EDGE COORDINATES
    1.0000    0.0000    0.0000    0.0000    0.000 FCENTROID, FTANG, FLEAN, FSWEEP, FAXIAL
    1.0000    0.0000                              FSCALE, FCONST 
 *********************** ROW NUMBER           3 ************************************
 **********STARTING NEW BLADE SECTION, SECTION NUMBER           2 **************
 *************************BLANK LINE*****************************************
    0                    INTYPE- TYPE OF BLADE GEOMETRY INPUT
  162  200  0  0          NPOINTS, NXPTS, IFCLOCK, IFREV
  -0.073496  -0.140390
  -0.157070  -0.366251
  -0.214205  -0.600767
  -0.247014  -0.821610
  -0.262693  -1.038183
  -0.261090  -1.295091
  -0.239366  -1.546988
  -0.197578  -1.793892
  -0.139351  -2.036698
  -0.064944  -2.275478
  0.023578  -2.510743
  0.123748  -2.743107
  0.234911  -2.972733
  0.354352  -3.200300
  0.482218  -3.425765
  0.616889  -3.649539
  0.759494  -3.871337
  0.910246  -4.091106
  2.088105  -5.539152
  3.265961  -6.699081
  4.443820  -7.638599
  5.621679  -8.403530
  6.579099  -8.947083
  7.739719  -9.368575
  8.493942  -9.718740
  9.451362  -10.002577
  10.408784  -10.208795
  11.366204  -10.353831
  12.323627  -10.438291
  13.281047  -10.457583
  14.238467  -10.397517
  15.195889  -10.318129
  16.153309  -10.157357
  17.110729  -9.934015
  18.068152  -9.647544
  19.025572  -9.298687
  19.982994  -8.887446
  20.940414  -8.402636
  21.897837  -7.848657
  22.855257  -7.226743
  23.812677  -6.528911
  24.770099  -5.751516
  25.727519  -4.898991
  26.684942  -3.967636
  27.642362  -2.951883
  28.599782  -1.855779
  29.557204  -0.677526
  30.514624  0.586861
  31.472047  1.934801
  32.429467  3.394457
  33.386886  4.903380
  34.344309  6.534410
  35.301729  8.268611
  36.259149  10.105460
  37.216571  12.063607
  38.173991  14.134045
  39.131414  16.322765
  40.088834  18.629649
  41.046254  21.047475
  42.003676  23.575636
  42.961096  26.188575
  43.918519  28.888508
  44.875939  31.630492
  45.833359  34.409234
  46.790781  37.188103
  47.113148  38.119341
  47.435515  39.050449
  47.757881  39.980617
  48.080248  40.901835
  48.401855  41.819816
  48.724984  42.734556
  48.742515  42.798120
  48.751217  42.863482
  48.750422  42.929418
  48.741656  42.994701
  48.723572  43.058109
  48.696808  43.118460
  48.662269  43.174629
  48.620600  43.225564
  48.572175  43.270316
  48.518103  43.308050
  48.459391  43.338063
  48.397138  43.359790
  48.332503  43.372830
  48.266694  43.376938
  48.200939  43.372035
  48.136466  43.358218
  48.074477  43.335739
  48.016133  43.305023
  47.962519  43.266638
  47.914637  43.221304
  47.873383  43.167835
  47.839525  43.105666
  47.664737  42.809291
  47.489944  42.503998
  47.315154  42.197412
  47.140362  41.889534
  46.965572  41.580365
  46.790781  41.269901
  45.833359  39.508286
  44.875939  37.787744
  43.918519  36.120511
  42.961096  34.491185
  42.003676  32.899587
  41.046254  31.344831
  40.088834  29.828888
  39.131414  28.351763
  38.173991  26.912226
  37.217079  25.507578
  36.259149  24.145394
  35.301729  22.825671
  34.344309  21.548386
  33.386886  20.310093
  32.429467  19.116531
  31.472047  17.967705
  30.514624  16.863610
  29.557204  15.805055
  28.599782  14.790815
  27.642362  13.820794
  26.684942  12.894995
  25.727519  12.015702
  24.770099  11.180629
  23.812677  10.387534
  22.855257  9.636416
  21.897837  8.929559
  20.940414  8.265629
  19.982994  7.640133
  19.025572  7.053076
  18.068152  6.511370
  17.110729  6.005168
  16.153309  5.531814
  15.195889  5.091302
  14.238467  4.692595
  13.281047  4.322578
  12.323627  3.978335
  11.366204  3.659867
  10.408784  3.374295
  9.451362  3.109594
  8.493942  2.863839
  7.536519  2.638962
  6.579119  2.431058
  5.621679  2.237053
  5.178579  2.151968
  4.735478  2.069865
  4.292380  1.990551
  3.849280  1.913962
  3.579529  1.867585
  3.310645  1.819505
  3.043747  1.767732
  2.778335  1.713076
  2.515879  1.652764
  2.258602  1.582574
  2.006500  1.502498
  1.757300  1.416879
  1.515619  1.316907
  1.281187  1.203090
  1.052288  1.078709
  0.834031  0.934010
  0.626043  0.769697
  0.427039  0.588230
  0.243092  0.378014
  0.073496  0.140390
  0.0000  0.5000  0.5000                    ROTN,XROT,YROT
    0.5000    0.2500    16.5041    59.0000          XCUP, XCDWN, BETUP, BETDWN
  BLANK LINE 
   16               NUMBER OF POINTS ON THE STREAM SURFACE.
  -0.033952   -0.017183    0.000325    0.035590    0.041262    0.047675    0.076778    0.088861
   0.095273    0.103902    0.152726    0.158893    0.165552    0.196871    0.213887    0.230657
   0.344159    0.344221    0.344535    0.344666    0.344688    0.344215    0.343329    0.343623
   0.343647    0.344176    0.345848    0.345374    0.344902    0.345019    0.345082    0.345145
   0.103902   0.152726   0.344176   0.345848  LEADING AND TRAILING EDGE COORDINATES
    1.0000    0.0000    0.0000    0.0000    0.000 FCENTROID, FTANG, FLEAN, FSWEEP, FAXIAL
    1.0000    0.0000                              FSCALE, FCONST 
 *********************** ROW NUMBER           3 ************************************
 **********STARTING NEW BLADE SECTION, SECTION NUMBER           3 **************
 *************************BLANK LINE*****************************************
    0                    INTYPE- TYPE OF BLADE GEOMETRY INPUT
  162  200  0  0          NPOINTS, NXPTS, IFCLOCK, IFREV
  -0.060571  -0.186414
  -0.068412  -0.305871
  -0.159634  -0.422652
  -0.122906  -0.537265
  -0.130950  -0.649710
  -0.130802  -0.925239
  -0.103629  -1.191053
  -0.052573  -1.448274
  0.017983  -1.698484
  0.105641  -1.942542
  0.207594  -2.181460
  0.325234  -2.414736
  0.451973  -2.644741
  0.589610  -2.870826
  0.736265  -3.093617
  0.890544  -3.313767
  1.051113  -3.531605
  1.217811  -3.747240
  2.472063  -5.186382
  3.726315  -6.375485
  4.980569  -7.365823
  6.234821  -8.183096
  7.474308  -8.763339
  8.307398  -9.240506
  9.343685  -9.640371
  10.379974  -9.954345
  11.416264  -10.198691
  12.452551  -10.376224
  13.488840  -10.481276
  14.525127  -10.524250
  15.561417  -10.502962
  16.597704  -10.415947
  17.633993  -10.263666
  18.670280  -10.046420
  19.706570  -9.763904
  20.742857  -9.409228
  21.799466  -8.984934
  22.815433  -8.489078
  23.851723  -7.916318
  24.888012  -7.266233
  25.924299  -6.540854
  26.960589  -5.729284
  27.996876  -4.836143
  29.033165  -3.860578
  30.069452  -2.797857
  31.105742  -1.650524
  32.142029  -0.413993
  33.178318  0.912992
  34.214605  2.328823
  35.250895  3.851779
  36.287182  5.475929
  37.323471  7.212816
  38.359761  9.076011
  39.396048  11.073959
  40.432337  13.220668
  41.468624  15.513633
  42.504914  17.963278
  43.541201  20.558302
  44.577490  23.273046
  45.613777  26.094237
  46.650067  28.983365
  47.686354  31.930367
  48.722643  34.914844
  49.758930  37.941785
  50.795220  41.007323
  51.145161  42.056493
  51.495104  43.113499
  51.845045  44.177269
  52.194988  45.248062
  52.544911  46.333023
  52.894873  47.427918
  52.910341  47.491212
  52.917141  47.556012
  52.915152  47.621138
  52.904405  47.685400
  52.885104  47.727312
  52.857593  47.806695
  52.822378  47.861516
  52.780100  47.911092
  52.731528  47.954523
  52.677550  47.991013
  52.619148  48.019900
  52.557385  48.040657
  52.493393  48.052907
  52.428331  48.056425
  52.363388  48.051145
  52.299751  48.037167
  52.238575  48.014741
  52.180978  47.984282
  52.127803  47.946342
  52.080630  47.901612
  52.039711  47.850909
  52.005995  47.794950
  51.804199  47.401027
  51.602404  47.009138
  51.400608  46.619497
  51.198810  46.232101
  50.997015  45.846948
  50.795220  45.464043
  49.758930  43.533069
  48.722643  41.671866
  47.686354  39.863323
  46.650067  38.102457
  45.613777  36.399542
  44.577490  34.745098
  43.541201  33.128797
  42.504914  31.550639
  41.468624  30.009314
  40.432337  28.499698
  39.396048  27.033417
  38.359761  25.610473
  37.323471  24.230862
  36.287182  22.888838
  35.250895  21.592963
  34.214605  20.344139
  33.180350  19.142361
  32.142029  17.986572
  31.105742  16.877648
  30.069452  15.818811
  29.033165  14.803970
  27.996876  13.839217
  26.960589  12.926780
  25.924299  12.059901
  24.888012  11.238556
  23.851723  10.462744
  22.815433  9.736642
  21.779146  9.055040
  20.742857  8.414379
  19.706570  7.814875
  18.670280  7.263474
  17.633993  6.746142
  16.597704  6.262877
  15.561417  5.822575
  14.525127  5.410316
  13.488840  5.023568
  12.452551  4.668016
  11.416264  4.337905
  10.379974  4.025581
  9.343685  3.731376
  8.307405  3.459138
  7.271108  3.200310
  6.234821  2.954130
  5.749808  2.844629
  5.264793  2.737308
  4.779780  2.632841
  4.294767  2.530624
  3.980132  2.464279
  3.666716  2.395976
  3.356564  2.322443
  3.048137  2.246146
  2.745092  2.161457
  2.448735  2.065562
  2.157872  1.961100
  1.873557  1.846139
  1.599809  1.714232
  1.336256  1.569241
  1.079934  1.406176
  0.840831  1.218681
  0.613776  1.011907
  0.406852  0.772855
  0.220160  0.501367
  0.060571  0.186414
  0.0000  0.5000  0.5000                    ROTN,XROT,YROT
    0.5000    0.2500    15.2573    65.0000          XCUP, XCDWN, BETUP, BETDWN
  BLANK LINE 
   16               NUMBER OF POINTS ON THE STREAM SURFACE.
  -0.034040   -0.017023    0.000486    0.035278    0.041197    0.047855    0.077202    0.084352
   0.094950    0.102588    0.154098    0.161495    0.167414    0.195774    0.213530    0.230546
   0.372730    0.372545    0.372610    0.365783    0.365805    0.365830    0.365691    0.366463
   0.368490    0.370506    0.380884    0.381160    0.381182    0.381040    0.381106    0.380921
   0.102588   0.154098   0.370506   0.380884  LEADING AND TRAILING EDGE COORDINATES
    1.0000    0.0000    0.0000    0.0000    0.000 FCENTROID, FTANG, FLEAN, FSWEEP, FAXIAL
    1.0000    0.0000                              FSCALE, FCONST 
 *********************STARTING DATA FOR A NEW BLADE ROW***************************
  BLADE ROW NUMBER =        4
  BLADE ROW  TYPE  =    R
   20   70   20     NPOINTS_UP, NPOINTS_ON, NPOINTS_DWN 
         0.0000         0.5000     FRACTION AXIAL CHORD,  RELATIVE GRID SPACING
         0.1000         0.7000     FRACTION AXIAL CHORD,  RELATIVE GRID SPACING
         0.2000         1.0000     FRACTION AXIAL CHORD,  RELATIVE GRID SPACING
         0.3000         1.4000     FRACTION AXIAL CHORD,  RELATIVE GRID SPACING
         0.4000         2.0000     FRACTION AXIAL CHORD,  RELATIVE GRID SPACING
         0.5000         3.0000     FRACTION AXIAL CHORD,  RELATIVE GRID SPACING
         0.6000         3.0000     FRACTION AXIAL CHORD,  RELATIVE GRID SPACING
         0.7000         3.0000     FRACTION AXIAL CHORD,  RELATIVE GRID SPACING
         0.8000         2.5000     FRACTION AXIAL CHORD,  RELATIVE GRID SPACING
         0.9000         2.0000     FRACTION AXIAL CHORD,  RELATIVE GRID SPACING
         1.0000         1.5000     FRACTION AXIAL CHORD,  RELATIVE GRID SPACING
        70          NUMBER OF BLADES IN ROW. 
   8283.00 133510.59 133510.59  99694.34  99694.34    RPM, STATIC PRESSURES THROUGH ROW
    0    0    1    1    1    1   0.00000   8283.00    TIP GAPS, WALL ROTNS and RPMHUB
 *********************** ROW NUMBER           4 ************************************
 **********STARTING NEW BLADE SECTION, SECTION NUMBER           1 **************
 *************************BLANK LINE*****************************************
    0                    INTYPE- TYPE OF BLADE GEOMETRY INPUT
  162  200  0  0          NPOINTS, NXPTS, IFCLOCK, IFREV
  -0.023773  0.028155
  -0.128825  0.209221
  -0.198914  0.393572
  -0.234044  0.581204
  -0.234217  0.772121
  -0.227631  0.811554
  -0.230141  0.851089
  -0.226513  0.890721
  -0.221822  0.928422
  -0.216069  0.970289
  -0.209257  1.010220
  -0.201532  1.050238
  -0.193671  1.090268
  -0.185012  1.130375
  -0.175553  1.170555
  -0.165299  1.210812
  -0.154245  1.251142
  -0.142394  1.291551
  0.840929  3.314706
  1.824250  4.471450
  2.807570  5.312647
  3.790890  5.959705
  4.438545  6.312925
  5.087822  6.597791
  5.733241  6.846139
  6.380710  7.043297
  7.028141  7.197645
  7.675589  7.316730
  8.323040  7.395176
  8.970489  7.434271
  9.617940  7.438630
  10.265388  7.405414
  10.912837  7.336095
  11.560288  7.230241
  12.207737  7.087780
  12.855188  6.909312
  13.502636  6.695088
  14.150087  6.444781
  14.797536  6.158394
  15.444987  5.835542
  16.092435  5.476190
  16.739884  5.080502
  17.387335  4.648473
  18.034784  4.177753
  18.682235  3.668978
  19.329683  3.122606
  19.977132  2.538632
  20.624583  1.917061
  21.272031  1.253519
  21.919482  0.550770
  22.566931  -0.191118
  23.214382  -0.972141
  23.861831  -1.792334
  24.509279  -2.651893
  25.156730  -3.550675
  25.804179  -4.488679
  26.451630  -5.465616
  27.099078  -6.476940
  27.746529  -7.525536
  28.393978  -8.611396
  29.041429  -9.730365
  29.688878  -10.879225
  30.336329  -12.061204
  30.983777  -13.268425
  31.631228  -14.499711
  31.897083  -15.012996
  32.162934  -15.528515
  32.428788  -16.047216
  32.694643  -16.569506
  32.960497  -17.095382
  33.226348  -17.624845
  33.266663  -17.720487
  33.294047  -17.820601
  33.308025  -17.923445
  33.308355  -18.027235
  33.295032  -18.130168
  33.268286  -18.230452
  33.228581  -18.326348
  33.176608  -18.416190
  33.113270  -18.498412
  33.039668  -18.571592
  32.957080  -18.634455
  32.866941  -18.685910
  32.770820  -18.725062
  32.670380  -18.751229
  32.567373  -18.763959
  32.463589  -18.763032
  32.360826  -18.748460
  32.260871  -18.720502
  32.165464  -18.679636
  32.076056  -18.626578
  31.994809  -18.562250
  31.922528  -18.487765
  31.873979  -18.429195
  31.825429  -18.374737
  31.776877  -18.318296
  31.728327  -18.261905
  31.679778  -18.205560
  31.631228  -18.149266
  30.983777  -17.401470
  30.336329  -16.662742
  29.688878  -15.936180
  29.041429  -15.220339
  28.393978  -14.517298
  27.746529  -13.827423
  27.099078  -13.150719
  26.451630  -12.485404
  25.804179  -11.833021
  25.156730  -11.195463
  24.509279  -10.572728
  23.861831  -9.964726
  23.214382  -9.368939
  22.566931  -8.790344
  21.919432  -8.228943
  21.272031  -7.661825
  20.624583  -7.153172
  19.977132  -6.643453
  19.329683  -6.152984
  18.682235  -5.681044
  18.034784  -5.227875
  17.387335  -4.794876
  16.739884  -4.382030
  16.092435  -3.989341
  15.444987  -3.616616
  14.797536  -3.264153
  14.150087  -2.931961
  13.502636  -2.620039
  12.855188  -2.328026
  12.207737  -2.056126
  11.560288  -1.804834
  10.912837  -1.574143
  10.265388  -1.364057
  9.617940  -1.174149
  8.970489  -1.004625
  8.323040  -0.856220
  7.675589  -0.728933
  7.028141  -0.623028
  6.380710  -0.540579
  5.733241  -0.476691
  5.085790  -0.431359
  4.438341  -0.412667
  3.790890  -0.396373
  3.094844  -0.404664
  2.398798  -0.415340
  1.702751  -0.433488
  1.006702  -0.439459
  0.934361  -0.437796
  0.863441  -0.432990
  0.793949  -0.425042
  0.725885  -0.413953
  0.659243  -0.399724
  0.594029  -0.382350
  0.529944  -0.362485
  0.466747  -0.340666
  0.405289  -0.315015
  0.345568  -0.285533
  0.287588  -0.252216
  0.231347  -0.215068
  0.176846  -0.174088
  0.124083  -0.129277
  0.073057  -0.080631
  0.023773  -0.028155
  0.0000  0.5000  0.5000                    ROTN,XROT,YROT
    0.5000    0.6000    24.2921    -52.2703          XCUP, XCDWN, BETUP, BETDWN
  BLANK LINE 
   16               NUMBER OF POINTS ON THE STREAM SURFACE.
  -0.034113   -0.017096   -0.000080    0.035406    0.041572    0.047738    0.076597    0.088438
   0.095347    0.104970    0.150862    0.158508    0.164182    0.198214    0.213504    0.230519
   0.316332    0.316147    0.316210    0.324541    0.324316    0.323842    0.321962    0.320764
   0.319547    0.317844    0.310562    0.310093    0.309618    0.309496    0.309553    0.309616
   0.164182   0.198214   0.309618   0.309496  LEADING AND TRAILING EDGE COORDINATES
    1.0000    0.0000    0.0000    0.0000    0.000 FCENTROID, FTANG, FLEAN, FSWEEP, FAXIAL
    1.0000    0.0000                              FSCALE, FCONST 
 *********************** ROW NUMBER           4 ************************************
 **********STARTING NEW BLADE SECTION, SECTION NUMBER           2 **************
 *************************BLANK LINE*****************************************
    0                    INTYPE- TYPE OF BLADE GEOMETRY INPUT
  162  200  0  0          NPOINTS, NXPTS, IFCLOCK, IFREV
  -0.011306  0.025081
  -0.046612  0.131416
  -0.070195  0.235317
  -0.086627  0.336782
  -0.091333  0.435814
  -0.086418  0.527041
  -0.076050  0.566165
  -0.062344  0.706093
  -0.042357  0.793721
  -0.016368  0.879918
  0.015621  0.964681
  0.053226  1.048107
  0.093586  1.130873
  0.136693  1.212983
  0.184429  1.293989
  0.235941  1.374093
  0.290429  1.453488
  0.348358  1.532063
  1.162550  2.317375
  1.976943  2.833478
  2.790929  3.224516
  3.605119  3.510213
  4.205305  3.667962
  4.805492  3.782331
  5.405679  3.855152
  6.005866  3.892399
  6.606052  3.893270
  7.206237  3.861007
  7.806423  3.795371
  8.406610  3.695998
  9.006797  3.568884
  9.606984  3.408519
  10.207170  3.216756
  10.807357  2.993640
  11.407544  2.738759
  12.007731  2.452087
  12.607917  2.133078
  13.208102  1.781705
  13.808288  1.397608
  14.408475  0.980523
  15.008662  0.530272
  15.608849  0.046382
  16.209035  -0.471606
  16.809222  -1.024152
  17.409409  -1.612020
  18.009596  -2.236070
  18.609780  -2.896803
  19.209967  -3.594838
  19.810153  -4.330694
  20.410340  -5.104279
  21.010527  -5.915671
  21.610714  -6.764484
  22.210900  -7.650466
  22.811087  -8.572948
  23.411274  -9.531146
  24.011461  -10.524202
  24.611645  -11.549447
  25.211832  -12.606478
  25.812018  -13.689649
  26.412205  -14.799362
  27.012392  -15.928514
  27.612579  -17.077318
  28.212763  -18.239815
  28.812950  -19.413678
  29.413137  -20.595703
  29.608155  -20.980485
  29.803174  -21.365826
  29.998192  -21.751728
  30.193214  -22.137488
  30.388232  -22.523426
  30.583248  -22.909595
  30.612268  -22.978012
  30.631950  -23.049673
  30.641950  -23.123313
  30.642090  -23.197628
  30.632367  -23.271306
  30.612954  -23.343041
  30.584191  -23.411565
  30.546591  -23.475667
  30.500818  -23.534211
  30.447681  -23.586164
  30.388118  -23.630609
  30.323185  -23.666756
  30.254031  -23.693965
  30.181878  -23.711760
  30.107999  -23.719819
  30.033707  -23.718008
  29.960311  -23.706347
  29.889110  -23.684856
  29.821365  -23.654508
  29.758274  -23.615237
  29.700952  -23.567940
  29.650411  -23.513457
  29.610865  -23.465499
  29.571320  -23.417595
  29.531775  -23.369746
  29.492227  -23.321954
  29.452682  -23.274214
  29.413137  -23.226531
  28.812950  -22.517480
  28.212763  -21.805411
  27.612579  -21.113116
  27.012392  -20.433453
  26.412205  -19.764648
  25.812018  -19.109127
  25.211832  -18.463292
  24.611645  -17.826808
  24.011461  -17.200008
  23.411274  -16.584494
  22.811087  -15.977051
  22.210900  -15.377677
  21.610714  -14.786370
  21.046087  -14.203102
  20.410340  -13.627884
  19.810153  -13.060783
  19.209967  -12.501803
  18.609780  -11.949114
  18.009596  -11.405711
  17.409409  -10.871331
  16.809222  -10.347042
  16.209035  -9.831407
  15.608849  -9.327841
  15.008662  -8.836344
  14.408475  -8.355898
  13.808288  -7.888053
  13.208102  -7.433131
  12.607917  -6.991204
  12.007731  -6.562871
  11.407544  -6.146844
  10.807357  -5.743127
  10.207170  -5.352335
  9.606984  -4.973702
  9.006797  -4.606515
  8.406610  -4.250783
  7.806423  -3.906498
  7.206237  -3.573642
  6.606052  -3.252039
  6.005866  -2.941718
  5.405679  -2.643377
  4.805492  -2.357266
  4.205305  -2.082872
  3.605119  -1.819896
  2.857033  -1.508096
  2.108947  -1.211147
  1.360861  -0.917434
  0.612772  -0.580709
  0.565198  -0.556266
  0.518787  -0.530625
  0.473540  -0.503785
  0.429222  -0.475987
  0.385635  -0.447438
  0.343596  -0.417290
  0.303108  -0.385548
  0.264168  -0.352210
  0.226403  -0.317661
  0.189586  -0.282139
  0.154798  -0.244525
  0.122039  -0.204817
  0.091310  -0.163021
  0.062611  -0.119132
  0.035944  -0.073153
  0.011306  -0.025081
  0.0000  0.5000  0.5000                    ROTN,XROT,YROT
    0.5000    0.7000    13.0737    -54.2072          XCUP, XCDWN, BETUP, BETDWN
  BLANK LINE 
   16               NUMBER OF POINTS ON THE STREAM SURFACE.
  -0.033952   -0.017183    0.000325    0.035590    0.041262    0.047675    0.076778    0.088861
   0.095273    0.103902    0.152726    0.158893    0.165552    0.196871    0.213887    0.230657
   0.344159    0.344221    0.344535    0.344666    0.344688    0.344215    0.343329    0.343623
   0.343647    0.344176    0.345848    0.345374    0.344902    0.345019    0.345082    0.345145
   0.165552   0.196871   0.344902   0.345019  LEADING AND TRAILING EDGE COORDINATES
    1.0000    0.0000    0.0000    0.0000    0.000 FCENTROID, FTANG, FLEAN, FSWEEP, FAXIAL
    1.0000    0.0000                              FSCALE, FCONST 
 *********************** ROW NUMBER           4 ************************************
 **********STARTING NEW BLADE SECTION, SECTION NUMBER           3 **************
 *************************BLANK LINE*****************************************
    0                    INTYPE- TYPE OF BLADE GEOMETRY INPUT
  162  200  0  0          NPOINTS, NXPTS, IFCLOCK, IFREV
  0.005511  0.028684
  0.017296  0.073444
  0.030664  0.117183
  0.045612  0.159901
  0.062142  0.201597
  0.080258  0.242270
  0.099953  0.281925
  0.121228  0.320558
  0.144088  0.358168
  0.168528  0.394759
  0.194553  0.430327
  0.221459  0.465325
  0.249658  0.499488
  0.279223  0.532770
  0.310156  0.565170
  0.342454  0.596689
  0.376117  0.627327
  0.411377  0.657080
  1.140261  1.075301
  1.869370  1.255812
  2.598480  1.296213
  3.327589  1.233996
  3.865874  1.143442
  4.404158  1.004194
  5.145640  0.832861
  5.480724  0.623905
  6.019009  0.382996
  6.557293  0.114996
  7.095575  -0.183048
  7.633860  -0.505910
  8.172144  -0.855896
  8.710428  -1.233155
  9.248710  -1.637673
  9.786995  -2.070910
  10.325279  -2.533439
  10.863563  -3.025381
  11.401848  -3.547113
  11.940130  -4.097625
  12.478414  -4.676567
  13.016699  -5.282227
  13.554983  -5.914433
  14.093265  -6.571221
  14.631549  -7.253148
  15.169834  -7.958369
  15.708118  -8.687493
  16.246400  -9.438551
  16.784684  -10.212134
  17.322969  -11.005835
  17.861253  -11.820098
  18.399535  -12.652027
  18.937820  -13.501743
  19.476104  -14.366537
  20.014388  -15.246106
  20.552670  -16.138898
  21.090955  -17.044403
  21.629036  -17.962334
  22.167524  -18.892345
  22.705805  -19.834489
  23.244090  -20.788460
  23.782374  -21.753619
  24.320656  -22.729502
  24.858941  -23.713699
  25.397225  -24.705790
  25.935509  -25.703192
  26.473794  -26.704275
  26.693806  -27.114256
  26.913821  -27.524809
  27.133833  -27.933259
  27.353845  -28.346024
  27.573860  -28.757047
  27.793873  -29.168362
  27.829217  -29.246769
  27.853639  -29.329233
  27.866694  -29.414241
  27.868142  -29.500233
  27.857959  -29.585633
  27.836329  -29.668874
  27.803646  -29.748429
  27.760515  -29.822836
  27.707723  -29.890733
  27.646243  -29.950872
  27.577198  -30.002155
  27.501856  -30.043636
  27.421603  -30.074555
  27.337904  -30.094344
  27.252301  -30.102645
  27.166360  -30.099300
  27.081662  -30.084375
  26.999757  -30.058139
  26.922147  -30.021075
  26.850257  -29.973867
  26.785406  -29.917375
  26.728784  -29.852638
  26.686288  -29.796732
  26.643788  -29.740880
  26.601289  -29.685084
  26.558790  -29.629341
  26.541693  -29.573654
  26.473794  -29.518021
  25.935509  -28.818119
  25.397225  -28.127206
  24.858941  -27.445129
  24.320656  -26.771087
  23.782374  -26.105307
  23.244090  -25.446833
  22.705805  -24.796158
  22.167524  -24.152210
  21.629239  -23.515135
  21.090955  -22.884653
  20.552670  -22.260113
  20.014388  -21.642029
  19.476104  -21.029676
  18.937820  -20.422375
  18.399535  -19.821688
  17.861253  -19.225491
  17.322969  -18.633206
  16.581484  -18.044833
  16.246400  -17.461570
  15.708118  -16.882610
  15.169834  -16.306312
  14.631549  -15.732674
  14.093265  -15.161699
  13.554983  -14.594317
  13.016699  -14.028577
  12.478414  -13.464484
  11.940130  -12.902065
  11.401848  -12.341149
  10.863563  -11.781506
  10.325279  -11.223338
  9.786995  -10.667185
  9.248710  -10.112964
  8.710428  -9.560801
  8.172144  -9.010780
  7.633860  -8.463605
  7.095575  -7.917947
  6.557293  -7.373587
  6.019009  -6.831137
  5.480724  -6.289380
  4.942440  -5.748259
  4.404158  -5.206916
  3.865874  -4.667720
  3.327589  -4.130672
  2.538091  -3.347829
  1.748593  -2.576203
  0.959095  -1.800875
  0.169595  -0.845096
  0.141266  -0.797204
  0.115178  -0.748911
  0.091327  -0.700197
  0.069750  -0.651055
  0.050141  -0.601546
  0.032793  -0.551609
  0.017845  -0.501226
  0.005368  -0.450375
  -0.004936  -0.399118
  -0.013118  -0.347462
  -0.018807  -0.295338
  -0.021718  -0.242692
  -0.021848  -0.189522
  -0.019191  -0.135755
  -0.013745  -0.081465
  -0.005511  -0.028684
  0.0000  0.5000  0.5000                    ROTN,XROT,YROT
    0.5000    0.8000    -11.8096    -55.5147          XCUP, XCDWN, BETUP, BETDWN
  BLANK LINE 
   16               NUMBER OF POINTS ON THE STREAM SURFACE.
  -0.034040   -0.017023    0.000486    0.035278    0.041197    0.047855    0.077202    0.084352
   0.094950    0.102588    0.154098    0.161495    0.167414    0.195774    0.213530    0.230546
   0.372730    0.372545    0.372610    0.365783    0.365805    0.365830    0.365691    0.366463
   0.368490    0.370506    0.380884    0.381160    0.381182    0.381040    0.381106    0.380921
   0.167414   0.195774   0.381182   0.381040  LEADING AND TRAILING EDGE COORDINATES
    1.0000    0.0000    0.0000    0.0000    0.000 FCENTROID, FTANG, FLEAN, FSWEEP, FAXIAL
    1.0000    0.0000                              FSCALE, FCONST 
  PUPHUB, PUPTIP, PDHUB,PDTIP 
     334074.094     334074.094     62115.315      62115.315     INLET AND EXIT STATIC PRESSURES
  BLANK LINE 
    2                   NUMBER OF POINTS FOR INLET BOUNDARY CONDITIONS
   0.00000000       1.00000000                FRAC SPAN AT INLET 
   344740.000       344740.000                STAGNATION PRESSURE 
   709.000000       709.000000                STAGNATION TEMPERATURE
   0.00000000       0.00000000                TANGENTIAL VELOCITY
   112.871559       112.871559                MERIDIONAL VELOCITY 
   0.00000000       0.00000000                YAW ANGLE IN
   0.00000000       0.00000000                PITCH ANGLE IN
