
OVERALL TURBINE PERFORMANCE
============================================================
Blade-jet speed ratio     0.3965
Pitchline loading         2.7099
Total-Total PR            5.0265
Total-Static PR           5.5864
Energy Extraction           342.3371
Corrected Speed           32.5765
Flow function           0.9440

STAGE PERFORMANCE
====================================================================================================
Stage  Location     Alpha1    Alpha2     Beta2     Beta3    Alpha3      Phi       Psi    Reaction
    1       Hub      -2.16      78.08      68.94     -76.15     -40.86    0.3337    1.8782      0.3418
    1      Mean      -3.64      72.54      51.08     -64.31     -17.72    0.6973    1.5795      0.4162
    1       Tip      -5.12      80.10       2.55     -49.32      16.49    0.4884    0.9920      0.4572
    2       Hub     -61.59      73.68       1.83     -67.81     -14.27    0.4511    1.5417      0.3747
    2      Mean     -27.45      64.62      -6.70     -59.55       3.50    0.7021    1.1862      0.4233
    2       Tip      17.03      70.70     -48.29     -54.35      17.69    0.6753    0.8694      0.4861


Span station K = 1

  J       %dVm        Vx(m/s)      Vtheta(m/s)    Vr(m/s)       Pstat(Pa)       Tstat(K)    Mrel      Mabs        T0(K)       Vm(m/s)     Swirl(deg)   Pitch(deg)  Density(kg/m3)     mdot(kg/s)
--------------------------------------------------------------------------------------------------------------------------------------------
   1      5.836       59.858           0.000       -0.032       341705.1          707.4    0.5396    0.1151      709.00       59.858      -77.689       -0.030     1.68299     0.00000
   2     -9.767       51.011           0.061       -1.503       342460.6          708.0    0.5359    0.0981      709.11       51.034      -79.456       -1.686     1.68544     0.00000
   3    -13.334       49.015          -0.254       -0.351       342218.1          707.9    0.5357    0.0942      708.98       49.016      -79.874       -0.410     1.68436     0.00000
   4    -17.487       46.661          -0.572       -0.792       342327.0          708.0    0.5355    0.0898      708.98       46.667      -80.360       -0.972     1.68465     0.00000
   5    -20.968       44.697          -0.979       -0.271       342445.1          708.1    0.5356    0.0861      709.00       44.698      -80.771       -0.347     1.68502     0.00000
   6    -24.315       42.805          -1.517       -0.245       342435.9          708.1    0.5361    0.0827      708.96       42.806      -81.171       -0.328     1.68492     0.00000
   7    -27.415       41.052          -2.172       -0.026       342575.5          708.2    0.5368    0.0796      708.99       41.052      -81.546       -0.036     1.68541     0.00000
   8    -30.215       39.468          -2.886        0.146       342579.3          708.2    0.5378    0.0770      708.96       39.468      -81.886        0.213     1.68539     0.00000
   9    -33.068       37.854          -3.613        0.263       342652.0          708.3    0.5387    0.0745      708.97       37.855      -82.231        0.398     1.68563     0.00000
  10    -35.744       36.339          -4.355        0.432       342692.6          708.3    0.5398    0.0723      708.97       36.341      -82.554        0.684     1.68576     0.00000
  11    -38.607       34.718          -5.159        0.513       342733.6          708.3    0.5411    0.0701      708.97       34.722      -82.898        0.848     1.68589     0.00000
  12    -41.438       33.115          -6.060        0.618       342783.3          708.4    0.5425    0.0683      708.98       33.121      -83.237        1.077     1.68608     0.00000
  13    -44.421       31.426          -7.040        0.692       342788.0          708.4    0.5441    0.0666      708.97       31.434      -83.593        1.277     1.68609     0.00000
  14    -47.329       29.780          -8.039        0.759       342817.6          708.4    0.5458    0.0655      708.97       29.789      -83.938        1.488     1.68620     0.00000
  15    -50.353       28.067          -9.016        0.807       342790.7          708.4    0.5475    0.0646      708.96       28.079      -84.293        1.688     1.68610     0.00000
  16    -53.324       26.385          -9.983        0.838       342805.7          708.4    0.5493    0.0643      708.96       26.398      -84.638        1.904     1.68619     0.00000
  17    -56.540       24.564         -11.014        0.872       342758.3          708.3    0.5511    0.0644      708.93       24.580      -85.008        2.264     1.68604     0.00000
  18    -59.819       22.705         -12.132        0.905       342757.9          708.3    0.5532    0.0654      708.97       22.725      -85.379        3.278     1.68601     0.00000
  19    -62.710       20.611         -13.185        0.943       342682.1          708.4    0.5551    0.0667      709.01       21.090      -85.705        8.446     1.68559     0.00000
  20    -61.829       18.444         -14.064        0.958       342657.1          708.4    0.5568    0.0686      709.10       21.588      -85.615        4.382     1.68535     0.00000
  21    -60.361       16.298         -14.727        0.892       342554.2          708.4    0.5581    0.0706      709.09       22.419      -85.464        2.978     1.68494     0.00000
  22    -59.276       14.853         -15.407        0.634       342536.3          708.3    0.5594    0.0730      709.09       23.032      -85.352        1.394     1.68495     0.00000
  23    -60.210       14.397         -16.086        0.274       342458.1          708.3    0.5607    0.0746      709.04       22.504      -85.458       -1.901     1.68474     0.00000
  24    -62.067       14.920         -16.924        0.068       342477.4          708.3    0.5622    0.0758      709.07       21.454      -85.666       -6.065     1.68483     0.00000
  25    -63.946       15.687         -16.860       -0.046       342406.9          708.2    0.5619    0.0750      709.03       20.391      -85.880       -6.807     1.68456     0.00000
  26    -66.255       16.171         -11.846        1.121       342476.4          708.4    0.5519    0.0645      709.08       19.085      -86.132       -4.115     1.68440     0.00000
  27    -63.225       18.167          -7.613        2.789       342530.0          708.5    0.5442    0.0626      709.20       20.799      -85.774       -0.446     1.68447     0.00000
  28    -59.759       21.239          -6.593        3.540       342404.6          708.4    0.5428    0.0676      709.18       22.759      -85.402        0.590     1.68410     0.00000
  29    -56.447       23.839          -6.410        3.991       342152.3          708.3    0.5429    0.0742      709.11       24.632      -85.052        1.533     1.68323     0.00000
  30    -53.731       25.650          -6.103        4.582       342031.1          708.2    0.5427    0.0784      709.11       26.169      -84.761        2.916     1.68280     0.00000
  31    -50.355       27.560          -6.059        5.150       341881.7          708.1    0.5431    0.0828      709.12       28.078      -84.394        7.937     1.68226     0.00000
  32    -46.625       29.635          -6.283        5.629       341644.8          708.0    0.5440    0.0869      709.09       30.188      -83.997        9.197     1.68139     0.00000
  33    -43.122       31.566          -6.707        6.114       341410.3          707.9    0.5454    0.0910      709.09       32.169      -83.638        9.889     1.68048     0.00000
  34    -38.466       34.125          -7.121        6.761       341190.2          707.8    0.5470    0.0960      709.10       34.802      -83.167       10.271     1.67969     0.00000
  35    -33.711       36.752          -6.470        7.343       340866.7          707.6    0.5466    0.0995      709.06       37.491      -82.675       10.404     1.67844     0.00000
  36    -30.760       38.343          -5.495        7.908       340722.8          707.5    0.5453    0.1016      709.06       39.160      -82.348       10.772     1.67789     0.00000
  37    -27.178       40.309          -5.127        8.413       340525.5          707.5    0.5454    0.1052      709.08       41.186      -81.971       10.975     1.67712     0.00000
  38    -23.251       42.456          -4.985        9.007       340175.3          707.3    0.5460    0.1094      709.07       43.407      -81.573       11.266     1.67577     0.00000
  39    -17.848       45.391          -4.102        9.900       339932.3          707.2    0.5456    0.1139      709.12       46.463      -81.016       11.693     1.67483     0.00000
  40    -13.974       47.494          -2.708       10.540       339521.1          707.0    0.5441    0.1167      709.05       48.654      -80.580       11.910     1.67319     0.00000
  41    -10.823       49.210          -1.779       11.035       339423.5          707.0    0.5432    0.1196      709.12       50.436      -80.233       12.030     1.67279     0.00000
  42     -6.149       51.751          -1.014       11.785       338881.4          706.7    0.5432    0.1244      709.05       53.080      -79.748       12.222     1.67073     0.00000
  43     -0.901       54.594           0.850       12.665       338582.3          706.6    0.5414    0.1288      709.14       56.047      -79.165       12.477     1.66945     0.00000
  44      2.890       56.626           2.950       13.400       338064.0          706.4    0.5388    0.1320      709.04       58.192      -78.690       12.730     1.66739     0.00000
  45      7.053       58.860           3.954       14.181       337969.8          706.4    0.5384    0.1365      709.19       60.546      -78.239       12.968     1.66705     0.00000
  46     12.968       62.064           6.017       15.165       337117.8          706.0    0.5370    0.1422      709.15       63.892      -77.573       13.198     1.66355     0.00000
  47     17.559       64.498           8.617       16.137       336741.3          705.9    0.5340    0.1466      709.25       66.488      -76.983       13.447     1.66193     0.00000
  48     23.089       67.525          11.252       16.928       336092.3          705.6    0.5317    0.1524      709.23       69.616      -76.298       13.499     1.65939     0.00000
  49     27.100       69.624          14.597       17.877       335480.0          705.4    0.5275    0.1567      709.16       71.884      -75.689       13.798     1.65696     0.00000
  50     32.241       72.363          17.372       18.900       334990.1          705.2    0.5249    0.1626      709.23       74.792      -74.999       14.016     1.65505     0.00000
  51     37.687       75.276          21.016       19.935       333974.7          704.7    0.5212    0.1692      709.08       77.872      -74.211       14.230     1.65112     0.00000
  52     42.751       77.949          24.956       21.023       333311.5          704.4    0.5168    0.1755      709.11       80.736      -73.397       14.435     1.64852     0.00000
  53     48.395       80.983          28.973       22.032       332242.5          703.9    0.5129    0.1830      709.03       83.928      -72.513       14.568     1.64432     0.00000
  54     54.109       83.971          33.929       23.355       331247.3          703.5    0.5076    0.1910      709.06       87.160      -71.500       14.866     1.64031     0.00000
  55     60.227       87.226          39.085       24.565       329945.9          702.9    0.5023    0.2000      709.02       90.620      -70.392       15.036     1.63508     0.00000
  56     66.095       90.365          44.803       25.659       328606.6          702.4    0.4963    0.2094      709.04       93.939      -69.215       15.161     1.62964     0.00000
  57     72.472       93.722          51.243       27.036       326955.8          701.7    0.4898    0.2203      709.04       97.545      -67.866       15.385     1.62293     0.00000
  58     79.105       97.269          58.502       28.276       325024.7          700.9    0.4826    0.2326      709.06      101.297      -66.336       15.483     1.61503     0.00000
  59     85.499      100.639          66.745       29.638       322733.7          699.9    0.4742    0.2461      709.02      104.913      -64.632       15.671     1.60570     0.00000
  60     92.416      104.296          75.981       31.065       320186.6          698.8    0.4653    0.2616      709.08      108.825      -62.645       15.825     1.59524     0.00000
  61     98.764      107.694          86.298       32.233       316906.5          697.4    0.4553    0.2786      708.93      112.416      -60.440       15.896     1.58184     0.00000
  62    104.778      110.892          97.603       33.411       313573.8          696.0    0.4444    0.2972      708.99      115.817      -57.969       15.992     1.56805     0.00000
  63    110.040      113.759         109.879       34.212       309329.2          694.1    0.4328    0.3173      708.83      118.793      -55.222       15.960     1.55042     0.00000
  64    113.697      115.707         122.874       34.914       305007.5          692.3    0.4198    0.3379      708.79      120.861      -52.262       16.010     1.53223     0.00000
  65    117.130      117.593         136.183       35.386       300191.0          690.4    0.4071    0.3596      708.77      122.802      -49.027       15.970     1.51171     0.00000
  66    118.574      118.437         149.881       35.414       294880.7          688.2    0.3932    0.3814      708.62      123.619      -45.614       15.885     1.48890     0.00000
  67    119.489      118.960         163.351       35.471       289573.5          686.3    0.3797    0.4033      708.64      124.137      -42.036       15.849     1.46574     0.00000
  68    119.882      119.296         176.634       35.117       283729.4          684.1    0.3667    0.4253      708.52      124.359      -38.313       15.677     1.44012     0.00000
  69    119.182      119.056         189.872       34.526       277802.2          682.0    0.3536    0.4472      708.54      123.963      -34.431       15.475     1.41378     0.00000
  70    118.488      118.759         203.142       34.142       271329.0          679.7    0.3415    0.4698      708.48      123.571      -30.324       15.365     1.38489     0.00000
  71    118.062      118.707         216.297       33.441       264529.2          677.4    0.3309    0.4929      708.50      123.330      -26.033       15.096     1.35426     0.00000
  72    116.762      118.220         229.417       32.451       257203.0          674.9    0.3207    0.5160      708.39      122.595      -21.605       14.757     1.32114     0.00000
  73    115.850      117.843         242.550       31.870       249780.2          672.5    0.3121    0.5397      708.49      122.079      -16.980       14.570     1.28721     0.00000
  74    116.197      118.288         255.617       30.960       241722.9          669.8    0.3062    0.5643      708.53      122.275      -12.200       14.153     1.25030     0.00000
  75    115.515      118.169         268.315       29.874       233518.7          667.1    0.3013    0.5881      708.59      121.889       -7.522       13.723     1.21238     0.00000
  76    114.863      117.997         278.815       29.043       225352.8          664.7    0.2981    0.6079      708.47      121.521       -3.685       13.399     1.17415     0.00000
  77    111.853      116.616         283.796       27.504       218152.7          663.3    0.2932    0.6161      707.97      119.818       -1.738       12.889     1.13964     0.00000
  78    104.785      112.973         282.598       25.513       213642.5          664.1    0.2844    0.6103      707.95      115.821       -1.839       12.377     1.11637     0.00000
  79     96.677      108.714         279.331       23.535       211152.7          665.9    0.2739    0.6000      708.39      111.235       -2.892       11.895     1.10213     0.00000
  80     90.360      105.459         278.777       21.658       208845.5          667.0    0.2632    0.5959      708.82      107.662       -3.201       11.338     1.08948     0.00000
  81     86.717      103.646         281.912       20.219       205303.2          666.7    0.2546    0.6003      708.84      105.602       -1.775       10.820     1.07225     0.00000
  82     84.641      102.681         286.057       19.009       200952.5          665.7    0.2505    0.6075      708.62      104.428        0.530       10.301     1.05166     0.00000
  83     82.219      101.531         288.033       17.665       196883.4          664.9    0.2510    0.6107      708.42      103.058        1.851        9.705     1.03197     0.00000
  84     78.607       99.677         287.028       16.372       193867.3          665.0    0.2539    0.6077      708.45      101.015        1.626        9.168     1.01650     0.00000
  85     75.015       97.857         284.210       14.878       191581.9          665.4    0.2584    0.6012      708.55       98.983        0.479        8.489     1.00411     0.00000
  86     70.805       95.652         281.204       13.503       189611.5          665.8    0.2618    0.5942      708.52       96.603       -0.787        7.882     0.99328     0.00000
  87     68.228       94.341         278.993       12.330       187930.0          666.3    0.2652    0.5892      708.72       95.145       -1.895        7.300     0.98378     0.00000
  88     65.594       93.000         277.561       11.039       185874.0          666.3    0.2669    0.5858      708.55       93.655       -2.678        6.635     0.97292     0.00000
  89     63.803       92.098         276.690       10.014       184326.0          666.6    0.2678    0.5837      708.79       92.643       -3.287        6.095     0.96419     0.00000
  90     62.019       91.189         276.057        8.998       182488.1          666.6    0.2670    0.5821      708.59       91.634       -3.822        5.523     0.95445     0.00000
  91     60.194       90.262         275.399        7.820       181642.6          667.2    0.2637    0.5800      708.89       90.601       -4.254        4.853     0.94894     0.00000
  92     57.059       88.559         274.596        6.893       180676.0          667.6    0.2575    0.5771      708.69       88.828       -4.656        4.373     0.94324     0.00000
  93     54.403       87.131         273.409        5.806       180846.1          669.0    0.2492    0.5731      709.23       87.326       -5.012        3.731     0.94220     0.00000
  94     47.731       83.418         271.323        4.733       180792.5          670.0    0.2354    0.5658      708.89       83.553       -5.594        3.202     0.94060     0.00000
  95     41.996       80.186         269.047        4.386       182863.2          672.0    0.2207    0.5580      709.40       80.309       -5.874        3.027     0.94879     0.00000
  96     28.109       72.443         259.888        1.170       184438.4          674.7    0.2064    0.5343      709.05       72.455       -9.790        0.857     0.95343     0.00000
  97     -4.360       54.042         236.070       -1.744       186552.0          679.1    0.2107    0.4783      708.62       54.091      -19.209       -0.984     0.95789     0.00000
  98    -24.583       42.418         209.800       -0.893       189660.5          683.3    0.2400    0.4225      709.26       42.654      -26.917        0.943     0.96741     0.00000
  99    -34.070       37.152         198.183       -1.461       191172.3          685.4    0.2506    0.3977      709.39       37.288      -31.352       -5.032     0.97187     0.00000
 100    -33.361       37.594         202.285       -2.032       191921.4          686.2    0.2340    0.4052      709.71       37.689      -32.236       -3.893     0.97442     0.00000
 101    -28.618       40.313         210.839       -1.870       191274.9          685.5    0.2117    0.4226      709.38       40.372      -31.997       -2.863     0.97204     0.00000
 102    -26.576       41.453         218.896       -2.268       190866.7          685.0    0.1904    0.4383      709.43       41.527      -31.376       -3.240     0.97071     0.00000
 103    -22.477       43.782         225.919       -2.204       190052.7          684.2    0.1739    0.4528      709.28       43.845      -29.854       -2.923     0.96790     0.00000
 104    -19.555       45.418         231.690       -2.591       189421.8          683.5    0.1605    0.4645      709.33       45.497      -28.193       -3.317     0.96571     0.00000
 105    -16.736       47.028         236.139       -2.359       188588.5          682.7    0.1498    0.4738      709.17       47.092      -26.841       -2.902     0.96260     0.00000
 106    -16.542       47.119         239.399       -2.727       188187.3          682.4    0.1405    0.4801      709.22       47.201      -26.450       -3.393     0.96110     0.00000
 107    -19.604       45.399         242.200       -2.451       187392.4          681.5    0.1310    0.4850      708.72       45.469      -27.082       -3.200     0.95822     0.00000
 108    -23.569       43.173         244.234       -2.105       187435.1          681.5    0.1217    0.4879      708.84       43.227      -29.791       -2.841     0.95850     0.00000
 109    -24.216       42.619         243.823       -4.279       186944.8          681.3    0.1183    0.4870      708.40       42.861      -36.006       -6.993     0.95623     0.00000
 110    -41.421       30.685         245.394        2.949       186523.5          680.2    0.1034    0.4869      707.30       33.130      -40.572       11.156     0.95549     0.00000
 111    -78.247       10.578         243.113       -6.282       190372.4          684.9    0.0784    0.4755      710.74       12.303      -72.145      -27.049     0.96842     0.00000
 112    -76.511       12.438         296.268       -4.666       189369.5          678.3    0.0393    0.5822      716.62       13.285       48.399      -19.352     0.97270     0.00000
 113    -36.092       -2.486         296.706        3.385       189778.2          675.7    0.0943    0.5902      715.14       36.144       23.802        8.537     0.97867     0.00000
 114      3.468      -25.653         322.113        1.635       188464.2          664.8    0.1775    0.6513      712.85       58.518       25.463        0.629     0.98809     0.00000
 115     19.939      -36.713         336.878        2.102       188210.8          659.2    0.2226    0.6869      713.03       67.834       24.920        1.761     0.99532     0.00000
 116     19.371      -37.605         334.271        1.475       189300.4          656.2    0.2265    0.6839      709.76       67.513       21.871        0.301     1.00579     0.00000
 117     13.822      -35.218         325.646        1.489       189521.0          654.9    0.2169    0.6671      706.03       64.374       18.523       -0.885     1.00890     0.00000
 118     13.544      -35.598         317.720        2.000       189748.8          654.4    0.2126    0.6519      703.46       64.217       14.070       -1.098     1.01082     0.00000
 119     16.113      -37.610         311.703        2.374       189849.6          652.6    0.2156    0.6414      700.41       65.670        9.376       -0.612     1.01408     0.00000
 120     18.428      -39.437         306.234        2.578       190279.5          650.8    0.2215    0.6319      697.46       66.980        5.509        0.948     1.01925     0.00000
 121     21.898      -41.877         301.588        3.050       190511.5          649.5    0.2303    0.6245      695.25       68.942        3.415        1.282     1.02268     0.00000
 122     25.528      -44.508         301.860        3.362       190497.4          647.8    0.2443    0.6274      694.26       70.995        4.286        1.432     1.02530     0.00000
 123     26.646      -45.733         304.951        3.105       190397.0          646.2    0.2585    0.6355      694.05       71.627        6.425        1.249     1.02744     0.00000
 124     24.284      -44.912         308.225        2.955       190535.5          645.1    0.2691    0.6429      694.36       70.292        8.808        1.729     1.02987     0.00000
 125     20.419      -42.776         312.705        2.461       190382.8          644.0    0.2795    0.6522      694.94       68.106       11.331       -1.139     1.03081     0.00000
 126     16.962      -39.063         317.675        2.000       190381.3          643.3    0.2890    0.6617      695.99       66.150       13.465       -0.800     1.03201     0.00000
 127     13.604      -34.385         323.371        1.255       190092.7          642.4    0.2984    0.6725      697.07       64.251       15.424       -0.944     1.03191     0.00000
 128      8.055      -27.802         329.456        0.223       189915.4          641.5    0.3080    0.6837      698.37       61.113       17.523       -1.783     1.03229     0.00000
 129      0.460      -19.514         335.455       -1.066       189426.1          640.3    0.3165    0.6947      699.24       56.817       19.729       -3.161     1.03153     0.00000
 130     -8.154       -9.139         340.872       -2.564       189033.2          639.2    0.3243    0.7046      700.05       51.946       21.742       -5.918     1.03119     0.00000
 131    -13.785        0.817         342.968       -3.256       188335.5          637.7    0.3269    0.7085      699.29       48.761       22.913       -6.369     1.02971     0.00000
 132    -16.442        9.444         339.103       -3.173       187620.0          637.5    0.3201    0.7000      697.71       47.258       22.905       -5.069     1.02605     0.00000
 133      3.787       14.831         322.826       -3.474       188105.4          639.1    0.3134    0.6687      695.07       58.699       12.349       -3.343     1.02608     0.00000
 134     13.996       20.464         306.186       -3.537       187940.5          639.6    0.3101    0.6370      691.48       64.473        2.910       -2.935     1.02406     0.00000
 135     12.478       26.150         296.327       -3.813       187708.8          640.0    0.2976    0.6165      688.89       63.615       -1.412       -3.373     1.02222     0.00000
 136     10.696       29.431         286.900       -3.787       187919.6          640.2    0.2928    0.5970      686.53       62.607       -6.356       -3.338     1.02316     0.00000
 137      7.921       33.648         280.151       -4.035       187746.5          640.3    0.2904    0.5831      684.93       61.037      -11.317       -3.903     1.02219     0.00000
 138      7.094       38.783         275.574       -4.436       187302.8          640.0    0.2934    0.5744      683.79       60.570      -16.262       -5.066     1.02022     0.00000
 139      6.419       44.538         272.934       -4.729       186704.9          639.9    0.2976    0.5698      683.47       60.188      -21.300       -6.876     1.01698     0.00000
 140      8.962       51.214         270.372       -5.075       186089.5          639.8    0.3041    0.5663      683.13       61.626      -25.219       -8.812     1.01384     0.00000
 141     13.097       57.891         265.481       -5.202       185602.5          639.6    0.3077    0.5584      681.90       63.965      -27.399      -10.131     1.01152     0.00000
 142     14.658       61.355         260.027       -5.290       185667.2          639.8    0.3052    0.5480      680.56       64.847      -28.078      -10.198     1.01152     0.00000
 143     19.528       65.565         256.724       -5.497       185709.5          639.9    0.3066    0.5428      679.94       67.602      -27.649       -9.001     1.01163     0.00000
 144     26.661       70.487         254.257       -5.898       185210.5          639.5    0.3116    0.5404      679.23       71.636      -27.585       -8.699     1.00952     0.00000
 145     34.415       75.453         250.438       -5.716       185140.1          639.5    0.3140    0.5353      678.36       76.021      -27.647       -8.519     1.00927     0.00000
 146     39.302       78.445         245.005       -5.479       185090.3          639.5    0.3116    0.5264      676.87       78.785      -27.769       -7.179     1.00897     0.00000
 147     42.554       80.309         240.410       -5.733       185475.2          639.8    0.3102    0.5184      675.94       80.624      -27.517       -5.782     1.01065     0.00000
 148     47.704       83.231         236.195       -5.906       185359.1          639.7    0.3118    0.5124      674.81       83.537      -27.792       -5.284     1.01031     0.00000
 149     51.484       85.386         230.469       -5.776       185576.2          639.8    0.3111    0.5029      673.43       85.675      -28.463       -4.842     1.01136     0.00000
 150     53.161       86.345         224.304       -5.635       185739.9          639.8    0.3089    0.4923      671.80       86.624      -29.114       -4.496     1.01223     0.00000
 151     55.357       87.601         218.746       -5.548       186076.1          639.8    0.3094    0.4832      670.52       87.865      -29.801       -4.244     1.01401     0.00000
 152     58.952       89.638         212.021       -5.517       186121.6          639.5    0.3113    0.4730      668.70       89.899      -31.194       -4.097     1.01471     0.00000
 153     57.833       88.993         204.668       -5.527       186425.8          639.4    0.3091    0.4599      666.76       89.266      -32.470       -3.942     1.01649     0.00000
 154     58.072       89.131         197.895       -5.127       186854.7          639.0    0.3104    0.4491      664.88       89.401      -33.690       -3.554     1.01931     0.00000
 155     59.309       89.823         190.314       -4.883       186922.2          638.0    0.3142    0.4375      662.34       90.101      -35.492       -3.420     1.02105     0.00000
 156     57.643       88.885         182.612       -4.776       187250.3          637.6    0.3161    0.4247      660.31       89.159      -37.248       -3.355     1.02332     0.00000
 157     56.046       87.996         175.369       -4.816       187266.3          637.7    0.3193    0.4136      659.06       88.255      -38.681       -3.280     1.02325     0.00000
 158     53.986       86.728         167.018       -4.747       187091.6          637.1    0.3233    0.4016      657.11       87.090      -40.730       -2.529     1.02301     0.00000
 159     53.923       85.656         158.118       -4.247       187042.9          634.7    0.3314    0.3902      653.29       87.055      -44.335       -2.002     1.02612     0.00000
 160     52.033       84.509         151.177       -4.055       187330.1          631.9    0.3385    0.3813      649.49       85.986      -46.725       -1.675     1.03159     0.00000
 161     48.649       83.347         146.978       -4.011       187725.6          630.2    0.3426    0.3760      647.27       84.072      -47.437       -1.510     1.03612     0.00000
 162     47.972       83.298         144.442       -4.280       187804.2          629.2    0.3476    0.3745      646.09       83.689      -47.314       -2.165     1.03798     0.00000
 163     48.615       83.729         141.836       -4.488       187524.1          628.2    0.3538    0.3737      644.95       84.053      -47.583       -2.581     1.03792     0.00000
 164     51.201       85.240         138.779       -4.223       187256.3          627.2    0.3618    0.3731      643.92       85.515      -47.913       -2.557     1.03778     0.00000
 165     54.974       87.398         135.654       -4.128       186648.0          626.1    0.3706    0.3727      642.69       87.649      -48.223       -2.572     1.03609     0.00000
 166     59.632       90.048         132.472       -4.066       186228.5          625.2    0.3800    0.3724      641.69       90.284      -48.492       -2.557     1.03512     0.00000
 167     65.831       93.564         128.517       -4.170       185393.7          624.1    0.3914    0.3718      640.41       93.790      -48.849       -2.606     1.03228     0.00000
 168     72.536       97.361         123.913       -4.499       184643.6          623.1    0.4039    0.3703      639.19       97.582      -49.342       -2.780     1.02972     0.00000
 169     80.145      101.661         119.010       -4.995       183628.4          621.9    0.4174    0.3690      637.78      101.885      -49.800       -3.032     1.02604     0.00000
 170     87.681      105.916         113.617       -5.457       182470.2          620.6    0.4312    0.3672      636.23      106.147      -50.367       -3.252     1.02175     0.00000
 171     95.879      110.556         107.727       -5.635       181109.4          619.2    0.4461    0.3658      634.55      110.784      -50.911       -3.285     1.01654     0.00000
 172    104.554      115.457         101.053       -5.971       179392.0          617.5    0.4624    0.3650      632.64      115.690      -51.459       -3.369     1.00969     0.00000
 173    112.214      119.786          93.653       -6.223       177430.7          615.6    0.4792    0.3641      630.52      120.022      -52.112       -3.403     1.00167     0.00000
 174    119.795      124.077          85.570       -6.321       175337.1          613.6    0.4971    0.3639      628.28      124.310      -52.810       -3.345     0.99301     0.00000
 175    127.450      128.400          76.542       -6.611       172878.3          611.2    0.5171    0.3647      625.81      128.639      -53.547       -3.368     0.98260     0.00000
 176    133.811      132.001          66.318       -6.673       170005.0          608.5    0.5386    0.3658      622.98      132.237      -54.416       -3.301     0.97016     0.00000
 177    139.337      135.134          55.738       -6.648       167005.3          605.7    0.5607    0.3679      620.08      135.362      -55.261       -3.201     0.95702     0.00000
 178    144.088      137.803          45.031       -7.105       163949.7          602.7    0.5831    0.3707      617.14      138.049      -56.144       -3.323     0.94354     0.00000
 179    147.765      139.871          33.350       -7.411       160668.9          599.5    0.6071    0.3734      614.01      140.129      -57.182       -3.389     0.92885     0.00000
 180    151.113      141.775          20.942       -7.331       156925.3          595.9    0.6330    0.3778      610.55      142.023      -58.177       -3.289     0.91183     0.00000
 181    153.416      143.071           8.953       -7.517       153217.5          592.4    0.6579    0.3822      607.21      143.325      -59.157       -3.310     0.89475     0.00000
 182    153.452      143.063          -1.877       -8.038       149960.2          589.4    0.6793    0.3832      604.15      143.346      -60.232       -3.482     0.87964     0.00000
 183    150.405      141.332         -10.127       -8.122       147477.5          587.3    0.6937    0.3789      601.61      141.622      -61.299       -3.494     0.86826     0.00000
 184    145.638      138.640         -15.510       -7.942       146119.8          586.4    0.7011    0.3701      599.93      138.926      -62.295       -3.416     0.86226     0.00000
 185    139.954      135.412         -19.659       -8.039       145161.0          585.8    0.7056    0.3584      598.42      135.712      -63.340       -3.471     0.85836     0.00000
 186    135.812      133.060         -24.463       -8.138       144217.7          585.1    0.7125    0.3485      597.02      133.369      -64.323       -3.529     0.85462     0.00000
 187    133.815      131.920         -29.983       -8.306       142563.8          583.7    0.7226    0.3432      595.24      132.239      -65.107       -3.608     0.84750     0.00000
 188    132.000      130.897         -35.895       -8.268       140719.8          582.1    0.7339    0.3400      593.40      131.213      -65.867       -3.601     0.83938     0.00000
 189    131.538      130.629         -42.074       -8.390       138768.9          580.4    0.7463    0.3383      591.61      130.952      -66.554       -3.633     0.83061     0.00000
 190    131.651      130.681         -47.627       -8.599       136783.8          578.8    0.7581    0.3374      589.86      131.015      -67.086       -3.679     0.82172     0.00000
 191    132.511      131.180         -52.070       -8.486       135150.8          577.4    0.7680    0.3381      588.57      131.502      -67.437       -3.582     0.81434     0.00000
 192    133.092      131.498         -56.377       -8.688       133422.5          575.9    0.7775    0.3390      587.16      131.831      -67.817       -3.629     0.80639     0.00000
 193    133.664      131.810         -59.889       -8.902       131868.2          574.6    0.7856    0.3402      585.99      132.154      -68.101       -3.677     0.79914     0.00000
 194    133.889      131.926         -62.349       -9.091       130613.4          573.7    0.7913    0.3411      585.10      132.281      -68.330       -3.736     0.79317     0.00000
 195    132.973      131.404         -64.143       -9.141       129758.3          573.1    0.7949    0.3404      584.50      131.763      -68.599       -3.751     0.78898     0.00000
 196    132.388      131.075         -64.849       -9.125       129044.7          572.6    0.7964    0.3396      584.02      131.432      -68.757       -3.748     0.78543     0.00000
 197    131.166      130.382         -64.772       -9.153       128878.1          572.6    0.7957    0.3375      583.96      130.741      -68.880       -3.790     0.78439     0.00000
 198    129.652      129.512         -64.120       -9.359       128744.8          572.7    0.7934    0.3347      583.87      129.885      -68.998       -3.920     0.78355     0.00000
 199    126.996      127.985         -62.788       -9.620       129028.8          573.2    0.7893    0.3306      584.06      128.383      -69.106       -4.100     0.78464     0.00000
 200    122.960      125.726         -60.863       -9.277       129301.7          573.7    0.7830    0.3248      584.24      126.100      -69.313       -4.033     0.78560     0.00000
 201    122.331      125.355         -60.340       -9.433       129858.6          574.2    0.7812    0.3219      584.53      125.744      -69.270       -4.168     0.78822     0.00000
 202    115.366      121.468         -60.302       -8.462       130438.2          574.4    0.7777    0.3142      584.10      121.805      -69.683       -3.886     0.79145     0.00000
 203     99.205      112.439         -55.541       -6.076       132419.5          576.2    0.7601    0.3009      584.99      112.665      -70.389       -3.020     0.80064     0.00000
 204     78.630      100.815         -44.527       -5.437       135897.8          579.3    0.7274    0.2812      587.07      101.028      -71.339       -3.020     0.81681     0.00000
 205     64.383       92.742         -40.634       -6.317       140102.7          582.5    0.7101    0.2534      588.95       92.971      -73.236       -3.803     0.83703     0.00000
 206     71.112       96.495         -46.995       -7.338       140465.0          581.6    0.7245    0.2475      587.75       96.776      -73.243       -4.302     0.84065     0.00000
 207     82.044      102.651         -56.039       -7.928       137330.5          577.5    0.7481    0.2585      584.08      102.959      -72.820       -4.423     0.82825     0.00000
 208     86.735      105.274         -64.012       -8.417       135401.5          574.9    0.7667    0.2675      581.93      105.612      -72.863       -4.586     0.82036     0.00000
 209     89.024      106.531         -70.254       -8.934       133734.2          572.9    0.7809    0.2751      580.20      106.907      -72.981       -4.799     0.81324     0.00000
 210     88.825      106.368         -75.298       -9.514       132564.3          571.5    0.7917    0.2803      578.99      106.794      -73.230       -5.103     0.80819     0.00000
 211     87.239      105.426         -78.871       -9.966       131422.7          570.1    0.7991    0.2831      577.73      105.897      -73.514       -5.379     0.80319     0.00000
 212     85.250      104.187         -80.889      -11.059       130809.2          569.3    0.8029    0.2841      577.00      104.772      -73.753       -6.025     0.80050     0.00000
 213     80.900      101.573         -81.744      -12.274       130002.3          568.4    0.8037    0.2816      575.89      102.312      -74.135       -6.838     0.79690     0.00000
 214     77.863       99.808         -81.419      -12.547       130500.1          568.8    0.8014    0.2783      576.17      100.594      -74.364       -7.110     0.79932     0.00000
 215     76.413       98.637         -79.791      -15.017       130215.1          568.6    0.7973    0.2747      575.71       99.774      -74.417       -8.562     0.79796     0.00000
 216     70.481       95.603         -78.480      -12.509       130668.5          569.0    0.7919    0.2672      575.80       96.419      -74.858       -7.389     0.80009     0.00000
 217     56.573       87.040         -75.277      -16.299       133744.0          571.7    0.7785    0.2485      577.55       88.553      -75.922      -10.429     0.81517     0.00000
 218     62.971       90.696         -73.890      -16.428       133606.5          571.2    0.7778    0.2527      577.31       92.172      -75.316      -10.106     0.81495     0.00000
 219     59.150       88.863         -70.497      -14.330       133741.8          571.5    0.7694    0.2452      577.26       90.011      -75.529       -9.039     0.81543     0.00000
 220     52.528       84.860         -69.074      -15.509       133336.2          571.3    0.7641    0.2374      576.79       86.266      -76.038      -10.203     0.81312     0.00000
 221     46.183       81.432         -68.738      -14.295       133817.1          572.1    0.7608    0.2314      577.26       82.677      -76.575       -9.805     0.81504     0.00000
 222     41.313       78.657         -69.189      -14.168       133579.8          571.9    0.7604    0.2284      577.02       79.923      -77.017      -10.058     0.81379     0.00000
 223     34.846       75.070         -70.415      -13.451       133843.5          572.2    0.7611    0.2256      577.27       76.265      -77.629      -10.004     0.81493     0.00000
 224     28.584       71.610         -72.158      -12.677       133729.1          572.1    0.7635    0.2247      577.19       72.724      -78.236       -9.882     0.81436     0.00000
 225     19.782       66.690         -74.380      -11.910       133781.8          572.2    0.7666    0.2239      577.29       67.745      -79.077       -9.973     0.81459     0.00000
 226     10.129       61.353         -77.151      -10.737       133691.2          572.1    0.7715    0.2255      577.33       62.286      -79.989       -9.698     0.81419     0.00000
 227     -2.087       54.546         -80.357       -9.550       133524.8          571.9    0.7775    0.2291      577.42       55.377      -81.115       -9.499     0.81341     0.00000
 228    -11.483       46.275         -83.737       -7.805       133263.7          571.6    0.7846    0.2358      577.52       50.063      -81.953        0.481     0.81222     0.00000
 229      2.569       34.503         -86.754       -5.308       132745.4          570.8    0.7926    0.2465      577.38       58.010      -80.771        0.691     0.81014     0.00000
 230     24.914       20.253         -89.670       -2.590       132090.5          569.5    0.8031    0.2648      577.20       70.648      -78.919        1.319     0.80790     0.00000
 231     43.843        8.319         -93.223       -1.403       131260.0          568.0    0.8161    0.2877      577.13       81.353      -77.385        0.990     0.80492     0.00000
 232     51.498        3.439         -97.494       -1.564       130695.2          567.0    0.8282    0.3076      577.34       85.683      -76.735       -0.031     0.80291     0.00000
 233     50.191        4.199        -101.646       -2.277       130127.9          566.0    0.8381    0.3224      577.38       84.944      -76.781       -0.052     0.80068     0.00000
 234     44.146        9.125        -105.591       -3.767       129703.8          565.2    0.8463    0.3322      577.18       81.525      -77.188       -2.635     0.79919     0.00000
 235     36.067       16.968        -108.915       -5.555       129099.5          564.0    0.8529    0.3386      576.52       76.956      -77.762       -4.523     0.79701     0.00000
 236     31.944       25.993        -116.269       -7.220       128375.5          562.5    0.8692    0.3538      576.42       74.624      -78.158       -5.460     0.79459     0.00000
 237     37.587       33.641        -127.300       -9.292       127250.4          559.9    0.8963    0.3799      576.63       77.816      -78.012       -6.670     0.79109     0.00000
 238     40.248       42.939        -104.853       -8.939       125791.1          560.0    0.8470    0.3309      572.41       79.320      -77.761       -4.471     0.78130     0.00000
 239     33.472       44.936         -72.884      -11.628       128759.1          563.0    0.7746    0.2817      572.91       75.488      -77.970       -5.269     0.79589     0.00000
 240     32.603       53.290         -64.838      -13.569       129377.7          563.5    0.7577    0.2586      572.65       74.996      -78.067      -10.348     0.79922     0.00000
 241     32.085       65.560         -62.998      -14.029       128820.0          563.4    0.7548    0.2539      572.61       74.704      -78.343       -7.626     0.79582     0.00000
 242     38.413       72.462         -56.144      -15.350       128906.5          564.6    0.7410    0.2713      574.23       78.283      -77.809      -11.548     0.79452     0.00000
 243     45.987       79.995         -50.876      -16.228       128484.1          564.8    0.7319    0.2884      574.92       82.566      -77.173      -14.310     0.79157     0.00000
 244     54.956       85.751         -47.987      -17.235       128294.9          565.0    0.7278    0.2967      575.41       87.639      -76.171      -13.810     0.79009     0.00000
 245     64.050       90.928         -45.506      -18.120       128027.1          564.9    0.7246    0.3030      575.58       92.782      -75.028      -12.007     0.78850     0.00000
 246     73.520       96.260         -43.533      -18.867       127797.3          565.0    0.7231    0.3090      575.89       98.138      -73.896      -11.442     0.78702     0.00000
 247     80.612      100.195         -41.353      -19.722       127490.7          564.8    0.7207    0.3123      575.86      102.149      -72.973      -11.220     0.78532     0.00000
 248     87.913      104.328         -39.669      -20.143       127351.0          564.8    0.7196    0.3164      576.10      106.278      -72.089      -10.911     0.78440     0.00000
 249     97.155      109.485         -38.635      -21.043       126837.8          564.5    0.7211    0.3235      576.13      111.506      -71.096      -10.818     0.78169     0.00000
 250    104.924      113.790         -37.109      -21.922       126623.1          564.4    0.7209    0.3278      576.33      115.900      -70.250      -10.803     0.78040     0.00000
 251    110.894      117.102         -34.465      -22.597       126349.7          564.3    0.7180    0.3297      576.29      119.276      -69.504      -10.797     0.77886     0.00000
 252    115.865      119.834         -33.319      -23.300       126226.5          564.4    0.7176    0.3321      576.46      122.087      -68.951      -10.846     0.77806     0.00000
 253    122.730      123.762         -31.892      -23.422       125891.1          564.1    0.7179    0.3354      576.49      125.970      -68.296      -10.586     0.77620     0.00000
 254    127.450      126.360         -29.297      -24.069       125680.1          564.1    0.7149    0.3369      576.49      128.639      -67.727      -10.640     0.77499     0.00000
 255    133.005      129.429         -27.264      -24.752       125470.6          564.0    0.7135    0.3400      576.64      131.781      -67.140      -10.678     0.77376     0.00000
 256    137.883      132.193         -23.979      -24.980       125206.9          563.9    0.7094    0.3415      576.60      134.540      -66.532      -10.563     0.77225     0.00000
 257    141.527      134.185         -20.714      -25.548       125092.3          563.9    0.7048    0.3425      576.69      136.601      -66.009      -10.627     0.77151     0.00000
 258    146.588      137.001         -17.819      -26.063       124797.0          563.7    0.7020    0.3457      576.74      139.463      -65.412      -10.622     0.76988     0.00000
 259    152.118      140.111         -14.350      -26.451       124479.9          563.5    0.6984    0.3493      576.80      142.591      -64.744      -10.549     0.76813     0.00000
 260    157.192      142.951         -10.043      -26.876       124219.7          563.4    0.6931    0.3520      576.87      145.461      -64.045      -10.517     0.76664     0.00000
 261    159.128      144.003          -4.808      -27.206       124134.9          563.5    0.6842    0.3509      576.83      146.555      -63.497      -10.560     0.76601     0.00000
 262    160.286      144.627          -0.221      -27.436       124172.1          563.7    0.6761    0.3499      576.94      147.210      -63.046      -10.592     0.76603     0.00000
 263    163.355      146.389           4.771      -27.459       123969.0          563.6    0.6688    0.3518      576.98      148.947      -62.411      -10.487     0.76487     0.00000
 264    165.905      147.795          10.215      -27.788       123756.2          563.5    0.6604    0.3534      577.01      150.389      -61.752      -10.513     0.76365     0.00000
 265    168.013      148.974          15.885      -27.970       123599.5          563.5    0.6516    0.3552      577.09      151.581      -61.105      -10.499     0.76273     0.00000
 266    170.374      150.319          22.461      -28.040       123353.3          563.4    0.6415    0.3576      577.13      152.916      -60.321      -10.445     0.76134     0.00000
 267    169.948      150.084          29.573      -27.987       123211.5          563.4    0.6287    0.3575      577.07      152.675      -59.670      -10.442     0.76051     0.00000
 268    170.097      150.214          36.851      -27.751       123180.4          563.5    0.6160    0.3590      577.28      152.760      -58.902      -10.353     0.76020     0.00000
 269    170.166      150.219          44.650      -27.936       122769.4          563.1    0.6032    0.3619      577.13      152.799      -58.070      -10.434     0.75811     0.00000
 270    169.435      149.876          53.687      -27.514       122629.6          563.1    0.5877    0.3653      577.32      152.385      -57.119      -10.318     0.75731     0.00000
 271    168.947      149.646          63.547      -27.231       122094.3          562.6    0.5714    0.3707      577.22      152.109      -55.941      -10.254     0.75461     0.00000
 272    166.514      148.290          73.970      -26.997       121740.3          562.3    0.5529    0.3757      577.30      150.733      -54.742      -10.271     0.75276     0.00000
 273    163.995      146.972          85.122      -26.268       121222.5          561.9    0.5337    0.3827      577.41      149.308      -53.317      -10.114     0.75008     0.00000
 274    160.144      144.860          96.354      -25.697       120572.5          561.3    0.5139    0.3903      577.40      147.130      -51.829      -10.064     0.74677     0.00000
 275    155.056      142.099         108.515      -24.764       119869.8          560.7    0.4922    0.3992      577.47      144.252      -50.164       -9.946     0.74320     0.00000
 276    150.108      139.410         120.426      -23.868       118940.0          559.8    0.4712    0.4099      577.41      141.454      -48.200       -9.802     0.73847     0.00000
 277    142.881      135.414         132.298      -22.958       117868.8          558.8    0.4488    0.4200      577.21      137.367      -46.234       -9.764     0.73310     0.00000
 278    136.907      132.176         143.342      -21.831       117036.4          558.1    0.4288    0.4321      577.45      133.988      -43.957       -9.512     0.72867     0.00000
 279    125.812      126.050         150.603      -20.397       115475.3          556.7    0.4152    0.4359      576.78      127.713      -42.397       -9.316     0.72067     0.00000
 280    112.977      118.847         163.907      -19.380       114769.3          556.3    0.3894    0.4471      577.57      120.454      -40.274       -9.716     0.71629     0.00000
 281    115.571      120.390         178.634      -19.072       112660.5          554.5    0.3687    0.4760      577.71      121.921      -35.621       -9.250     0.70539     0.00000
 282    114.866      120.073         187.516      -18.532       110043.8          551.9    0.3610    0.4941      576.80      121.522      -31.769       -8.945     0.69219     0.00000
 283    107.927      116.216         198.591      -17.783       108925.5          551.1    0.3467    0.5107      577.63      117.598      -28.164       -8.909     0.68556     0.00000
 284    106.157      115.286         210.919      -17.251       106387.1          548.8    0.3350    0.5343      577.48      116.596      -23.426       -8.686     0.67216     0.00000
 285    103.278      113.703         222.755      -16.825       103952.6          546.7    0.3254    0.5568      577.51      114.968      -18.671       -8.581     0.65894     0.00000
 286    101.869      112.972         234.450      -16.339       101274.9          544.5    0.3189    0.5805      577.54      114.171      -13.713       -8.360     0.64434     0.00000
 287    101.394      112.739         245.592      -16.089        98360.1          542.0    0.3160    0.6042      577.43      113.903       -8.837       -8.222     0.62835     0.00000
 288    101.204      112.669         257.012      -15.845        95419.9          539.6    0.3154    0.6286      577.59      113.795       -4.059       -8.081     0.61197     0.00000
 289    102.284      113.316         267.950      -15.647        92234.0          537.0    0.3176    0.6530      577.62      114.406        0.305       -7.909     0.59405     0.00000
 290    101.168      112.723         274.696      -15.340        89255.9          535.0    0.3178    0.6674      577.12      113.775        2.995       -7.760     0.57698     0.00000
 291     94.161      108.838         274.190      -14.489        87584.6          535.4    0.3101    0.6624      576.81      109.812        3.312       -7.530     0.56657     0.00000
 292     82.889      102.551         269.358      -13.391        87245.9          537.5    0.2955    0.6459      577.07      103.437        1.843       -7.292     0.56325     0.00000
 293     73.214       97.162         265.689      -12.404        87249.3          539.3    0.2809    0.6333      577.49       97.965       -0.095       -7.032     0.56208     0.00000
 294     67.696       94.099         266.321      -11.769        86539.5          539.6    0.2700    0.6328      577.52       94.844       -0.099       -6.798     0.55769     0.00000
 295     64.839       92.526         270.290      -11.323        85242.3          538.7    0.2630    0.6412      577.44       93.228        3.512       -6.604     0.55051     0.00000
 296     62.833       91.343         274.433      -10.893        83828.8          537.6    0.2604    0.6506      577.28       92.094        8.339       -6.622     0.54277     0.00000
 297     61.180       89.750         277.160      -10.456        82707.0          536.8    0.2597    0.6567      577.18       91.159       10.827       -6.038     0.53651     0.00000
 298     58.653       88.108         278.769      -10.006        81863.4          536.4    0.2596    0.6600      577.20       89.730       12.250       -5.883     0.53164     0.00000
 299     55.785       86.884         280.053       -9.661        81166.5          536.0    0.2599    0.6629      577.27       88.108       13.405       -6.771     0.52755     0.00000
 300     54.807       86.669         280.791       -9.405        80602.4          535.6    0.2608    0.6654      577.28       87.555       14.024       -7.305     0.52419     0.00000
 301     54.945       86.740         281.010       -9.134        80251.6          535.5    0.2599    0.6665      577.26       87.633       14.160       -6.644     0.52196     0.00000
 302     54.606       86.522         280.944       -8.943        80043.8          535.5    0.2567    0.6660      577.22       87.441       14.106       -6.412     0.52047     0.00000
 303     53.731       86.078         280.331       -8.605        80001.3          535.9    0.2522    0.6638      577.23       86.946       13.938       -6.267     0.51980     0.00000
 304     51.292       84.843         278.514       -8.310        80170.2          536.6    0.2456    0.6578      577.18       85.566       13.347       -6.589     0.52019     0.00000
 305     46.662       82.423         275.177       -7.879        80772.8          538.1    0.2354    0.6471      577.29       82.948       12.539       -7.156     0.52276     0.00000
 306     39.007       78.259         270.041       -7.165        81739.4          540.2    0.2206    0.6304      577.26       78.619       10.691       -6.720     0.52722     0.00000
 307     30.060       73.219         264.646       -6.798        83098.5          542.5    0.2038    0.6125      577.39       73.558        8.587       -6.090     0.53390     0.00000
 308     17.336       66.156         257.137       -4.943        84350.4          544.5    0.1917    0.5895      577.13       66.362        4.802       -4.651     0.53997     0.00000
 309      6.054       59.861         244.675       -2.981        85591.3          546.6    0.2025    0.5579      577.08       59.981       -1.226       -2.933     0.54564     0.00000
 310     -3.325       54.515         230.077       -3.139        86820.0          548.5    0.2225    0.5242      577.02       54.677       -7.212       -3.524     0.55134     0.00000
 311     -8.974       51.245         226.560       -3.647        87923.9          549.9    0.2235    0.5124      577.40       51.482      -11.184       -4.884     0.55678     0.00000
 312     -0.823       55.898         234.937       -4.119        88054.9          549.5    0.2081    0.5323      577.70       56.092      -10.399       -4.333     0.55800     0.00000
 313      8.468       61.184         243.746       -4.187        87366.5          547.8    0.1950    0.5541      577.26       61.346       -7.963       -3.855     0.55548     0.00000
 314     14.971       64.869         250.911       -4.297        86931.9          546.7    0.1860    0.5712      577.38       65.025       -5.661       -3.769     0.55389     0.00000
 315     20.492       67.999         256.853       -4.340        86253.0          545.3    0.1804    0.5856      577.15       68.147       -3.007       -3.648     0.55102     0.00000
 316     24.407       70.206         261.989       -4.540        85843.7          544.4    0.1766    0.5976      577.27       70.361       -0.603       -3.776     0.54936     0.00000
 317     27.116       71.746         266.365       -4.486        85252.1          543.3    0.1738    0.6078      577.05       71.893        1.819       -3.661     0.54675     0.00000
 318     29.618       73.159         270.030       -4.598        84998.1          542.8    0.1729    0.6162      577.32       73.308        3.849       -3.673     0.54568     0.00000
 319     30.488       73.609         272.499       -5.154        84443.2          541.8    0.1717    0.6218      576.88       73.800        5.191       -4.160     0.54309     0.00000
 320     30.233       73.577         275.016       -3.298        84493.1          541.7    0.1705    0.6269      577.27       73.656        6.676       -2.546     0.54356     0.00000
 321     31.514       73.846         275.107       -8.812        84106.4          541.2    0.1716    0.6275      576.78       74.381        6.315       -6.917     0.54159     0.00000
 322     22.548       69.220         277.842        3.157        83975.4          541.3    0.1620    0.6302      577.24       69.310        8.506        2.600     0.54063     0.00000
 323    -28.696       39.916         282.698       -5.745        85821.2          540.8    0.0936    0.6278      576.32       40.327       18.724       -8.108     0.55291     0.00000
 324    -19.193       41.230         287.513      -19.717        86320.3          541.3    0.1083    0.6397      578.22       45.702       22.021      -23.337     0.55560     0.00000
 325      9.122       61.665         264.370       -0.732        85445.4          540.9    0.1409    0.5984      573.38       61.717       -7.947       -0.041     0.55035     0.00000
 326     -1.772       55.198         259.302       -6.068        85216.4          542.4    0.1300    0.5843      573.37       55.555      -14.506       -6.591     0.54745     0.00000
 327     -7.256       52.277         256.196       -4.044        85484.6          543.9    0.1262    0.5757      574.17       52.453      -19.029       -4.239     0.54757     0.00000
 328    -12.284       49.403         253.817       -4.030        85239.2          544.5    0.1240    0.5696      574.14       49.610      -23.486       -4.179     0.54545     0.00000
 329    -19.027       45.538         252.399       -4.311        85407.7          545.6    0.1209    0.5651      574.90       45.796      -28.358       -4.918     0.54540     0.00000
 330    -24.353       42.254         250.693       -3.510        85315.2          546.6    0.1220    0.5607      575.58       42.784      -33.001       -2.151     0.54378     0.00000
 331    -28.911       37.627         248.567       -3.376        85361.0          547.9    0.1244    0.5551      576.42       40.206      -36.605       -2.480     0.54281     0.00000
 332    -29.142       32.084         248.435       -2.214        85321.5          547.5    0.1255    0.5551      576.09       40.075      -36.531        1.025     0.54293     0.00000
 333    -20.166       23.416         251.896       -0.860        85254.3          544.5    0.1323    0.5653      573.96       45.152      -22.260        3.411     0.54563     0.00000
 334     -3.832       12.377         256.040        0.393        85101.8          540.3    0.1547    0.5795      571.19       54.390      -13.786        4.193     0.54896     0.00000
 335     12.540        1.597         259.101        0.671        84917.3          537.2    0.1793    0.5920      569.37       63.650      -10.291        3.461     0.55106     0.00000
 336     24.667       -6.138         262.051        0.293        84751.2          535.1    0.1991    0.6034      568.58       70.508       -7.824        2.040     0.55219     0.00000
 337     31.119      -10.633         265.456       -0.208        84664.2          533.4    0.2135    0.6142      568.24       74.157       -5.590        1.580     0.55336     0.00000
 338     33.754      -12.525         269.312       -0.733        84634.2          532.0    0.2245    0.6247      568.13       75.648       -3.211        0.951     0.55469     0.00000
 339     32.625      -12.289         273.830       -1.419        84669.4          530.8    0.2327    0.6354      568.35       75.009       -0.673       -0.004     0.55618     0.00000
 340     28.927      -10.036         279.043       -2.523        84703.0          529.9    0.2393    0.6467      568.90       72.917        2.303       -2.087     0.55743     0.00000
 341     21.165       -5.180         284.876       -4.470        84784.9          529.2    0.2440    0.6580      569.80       68.528        6.075       -4.934     0.55870     0.00000
 342     10.347        2.436         289.812       -6.653        84798.1          528.7    0.2462    0.6669      570.56       62.409       10.032       -9.371     0.55934     0.00000
 343     -1.068       12.879         292.694       -8.510        84792.1          528.0    0.2444    0.6713      570.48       55.953       13.450      -13.523     0.56007     0.00000
 344     -5.302       23.312         293.747       -9.704        84653.5          527.5    0.2434    0.6725      570.30       53.559       14.035      -14.497     0.55967     0.00000
 345      5.252       32.200         283.401       -8.737        84319.6          527.3    0.2482    0.6512      568.08       59.527        2.305       -9.317     0.55763     0.00000
 346      6.145       37.940         273.760       -7.197        84128.1          526.8    0.2560    0.6303      565.67       60.033       -6.744       -7.562     0.55694     0.00000
 347      6.161       43.516         272.580       -7.194        83921.2          526.7    0.2581    0.6280      565.52       60.042      -10.581       -8.695     0.55565     0.00000
 348      8.557       49.739         271.146       -6.989        83524.1          526.5    0.2659    0.6261      565.32       61.397      -14.217       -9.513     0.55326     0.00000
 349     12.338       55.999         270.447       -7.029        83148.1          526.2    0.2740    0.6262      565.32       63.535      -16.272      -10.565     0.55104     0.00000
 350     19.232       62.786         270.440       -7.106        82634.8          525.7    0.2847    0.6290      565.44       67.434      -17.786      -11.276     0.54808     0.00000
 351     30.238       70.961         269.698       -7.172        82201.2          525.5    0.2956    0.6309      565.70       73.659      -19.014      -11.052     0.54539     0.00000
 352     39.238       77.253         266.080       -6.803        81879.9          525.3    0.2983    0.6262      564.80       78.749      -20.081      -10.839     0.54342     0.00000
 353     43.479       80.337         262.209       -6.369        81994.6          525.7    0.2959    0.6189      564.10       81.148      -19.922      -10.004     0.54386     0.00000
 354     49.392       83.938         260.158       -6.532        81860.1          525.6    0.2984    0.6166      563.73       84.492      -19.797       -8.160     0.54303     0.00000
 355     56.509       88.062         258.519       -6.604        81644.9          525.4    0.3035    0.6157      563.48       88.517      -19.744       -6.673     0.54176     0.00000
 356     65.674       93.314         256.178       -6.399        81389.5          525.2    0.3099    0.6146      563.14       93.701      -20.226       -5.757     0.54024     0.00000
 357     72.943       97.481         252.201       -6.020        81225.3          525.2    0.3125    0.6092      562.28       97.812      -20.798       -5.050     0.53921     0.00000
 358     76.554       99.550         248.121       -5.841        81220.2          525.3    0.3120    0.6022      561.40       99.854      -21.102       -4.602     0.53908     0.00000
 359     81.229      102.223         245.342       -5.834        81133.5          525.3    0.3152    0.5987      560.94      102.498      -21.348       -4.304     0.53852     0.00000
 360     88.333      106.262         242.100       -5.762        80883.7          525.1    0.3209    0.5958      560.30      106.516      -21.999       -4.084     0.53709     0.00000
 361     92.350      108.555         237.402       -5.426        80802.5          525.1    0.3222    0.5883      559.27      108.788      -22.866       -3.777     0.53656     0.00000
 362     94.734      109.924         233.004       -5.035        80805.8          525.2    0.3226    0.5808      558.35      110.136      -23.449       -3.434     0.53652     0.00000
 363     98.517      112.075         229.544       -4.956        80696.5          525.1    0.3267    0.5762      557.71      112.276      -24.034       -3.304     0.53590     0.00000
 364    103.238      114.760         224.801       -4.645        80515.0          524.9    0.3315    0.5699      556.72      114.946      -25.225       -3.112     0.53490     0.00000
 365    106.154      116.421         219.463       -4.190        80424.8          524.9    0.3346    0.5614      555.59      116.595      -26.340       -2.835     0.53439     0.00000
 366    108.584      117.804         214.256       -3.884        80364.1          524.9    0.3378    0.5531      554.60      117.969      -27.400       -2.670     0.53402     0.00000
 367    109.570      118.366         208.581       -3.452        80277.0          524.8    0.3399    0.5433      553.33      118.527      -28.609       -2.450     0.53355     0.00000
 368    110.501      118.887         203.468       -3.294        80265.2          524.9    0.3434    0.5346      552.41      119.054      -29.678       -2.371     0.53348     0.00000
 369    112.273      119.891         197.528       -2.996        80084.5          524.6    0.3487    0.5253      551.13      120.056      -31.167       -2.254     0.53256     0.00000
 370    112.706      120.136         191.039       -2.445        79997.4          524.4    0.3529    0.5142      549.74      120.301      -32.614       -1.986     0.53218     0.00000
 371    112.843      120.214         185.080       -2.009        79906.9          524.1    0.3581    0.5044      548.41      120.378      -33.898       -1.773     0.53190     0.00000
 372    114.022      120.876         178.685       -1.703        79722.7          523.5    0.3653    0.4950      546.86      121.045      -35.260       -1.637     0.53125     0.00000
 373    114.299      121.020         171.687       -1.428        79542.5          522.7    0.3730    0.4844      544.99      121.202      -36.846       -1.519     0.53082     0.00000
 374    114.945      121.371         164.351       -0.730        79384.1          521.6    0.3824    0.4739      542.93      121.567      -38.427       -1.201     0.53074     0.00000
 375    115.989      121.945         156.965       -0.221        79129.1          520.1    0.3933    0.4643      540.47      122.158      -39.911       -0.994     0.53045     0.00000
 376    116.174      122.049         149.601        0.053        78925.0          518.4    0.4045    0.4543      537.86      122.262      -41.443       -0.902     0.53064     0.00000
 377    116.378      122.172         142.124        0.397        78631.6          516.5    0.4165    0.4448      535.15      122.377      -42.907       -0.755     0.53038     0.00000
 378    116.315      122.147         134.586        0.634        78282.4          514.5    0.4290    0.4356      532.41      122.342      -44.323       -0.632     0.52981     0.00000
 379    116.674      122.359         126.895        0.944        77859.4          512.4    0.4429    0.4272      529.54      122.545      -45.673       -0.466     0.52892     0.00000
 380    117.469      122.811         119.042        1.345        77341.6          509.9    0.4579    0.4198      526.42      122.994      -46.980       -0.277     0.52769     0.00000
 381    118.323      123.297         111.232        1.612        76763.7          507.3    0.4735    0.4133      523.27      123.478      -48.216       -0.151     0.52613     0.00000
 382    118.962      123.661         103.525        1.979        76137.7          504.8    0.4892    0.4074      520.24      123.839      -49.396        0.032     0.52417     0.00000
 383    120.497      124.531          95.827        2.377        75440.8          502.5    0.5056    0.4032      517.49      124.707      -50.447        0.240     0.52154     0.00000
 384    121.927      125.347          88.158        2.409        74638.5          500.3    0.5222    0.3995      514.87      125.516      -51.441        0.289     0.51808     0.00000
 385    122.941      125.923          80.529        2.568        73851.4          498.3    0.5384    0.3961      512.51      126.089      -52.434        0.395     0.51447     0.00000
 386    124.817      126.981          72.784        2.968        72968.0          496.3    0.5557    0.3942      510.27      127.150      -53.319        0.601     0.51014     0.00000
 387    127.006      128.215          64.720        3.264        71972.1          494.3    0.5740    0.3931      507.99      128.388      -54.191        0.749     0.50506     0.00000
 388    128.885      129.273          56.619        3.504        70942.4          492.3    0.5923    0.3922      505.75      129.451      -55.029        0.881     0.49969     0.00000
 389    130.364      130.104          48.668        3.731        69897.9          490.3    0.6101    0.3915      503.56      130.287      -55.848        1.016     0.49417     0.00000
 390    131.889      130.962          40.796        3.898        68869.0          488.4    0.6280    0.3908      501.44      131.150      -56.653        1.134     0.48866     0.00000
 391    133.221      131.708          33.646        4.179        67817.1          486.5    0.6446    0.3911      499.42      131.903      -57.270        1.308     0.48301     0.00000
 392    134.207      132.259          26.239        4.407        66801.4          484.7    0.6609    0.3906      497.43      132.461      -58.065        1.452     0.47746     0.00000
 393    135.535      133.013          18.992        4.318        65783.2          483.0    0.6774    0.3891      495.51      133.212      -58.801        1.482     0.47185     0.00000
 394    135.368      132.917          13.541        4.377        64880.3          481.6    0.6892    0.3866      493.84      133.117      -59.387        1.592     0.46690     0.00000
 395    134.345      132.329           9.163        4.619        64324.7          480.8    0.6977    0.3824      492.73      132.539      -60.029        1.780     0.46383     0.00000
 396    133.603      131.912           5.629        4.516        63757.4          480.1    0.7046    0.3775      491.67      132.119      -60.584        1.820     0.46074     0.00000
 397    131.918      130.962           2.848        4.420        63356.7          479.6    0.7093    0.3714      490.84      131.166      -61.179        1.862     0.45858     0.00000
 398    131.198      130.557           0.379        4.452        62970.6          479.2    0.7138    0.3662      490.14      130.759      -61.683        1.940     0.45648     0.00000
 399    130.934      130.417          -1.953        4.308        62548.2          478.7    0.7183    0.3617      489.41      130.610      -62.131        1.924     0.45415     0.00000
 400    130.867      130.385          -4.041        4.301        62192.9          478.3    0.7223    0.3577      488.84      130.572      -62.525        1.954     0.45215     0.00000
 401    131.519      130.761          -5.917        4.339        61809.4          477.9    0.7263    0.3548      488.28      130.941      -62.820        1.986     0.44996     0.00000
 402    132.081      131.092          -7.529        4.135        61452.8          477.5    0.7295    0.3522      487.80      131.259      -63.079        1.905     0.44788     0.00000
 403    132.258      131.204          -8.872        3.952        61162.4          477.3    0.7319    0.3494      487.42      131.359      -63.336        1.839     0.44614     0.00000
 404    132.504      131.355          -9.808        3.822        60921.9          477.1    0.7333    0.3471      487.13      131.498      -63.536        1.801     0.44467     0.00000
 405    132.467      131.344         -10.375        3.700        60733.8          477.0    0.7340    0.3445      486.90      131.477      -63.703        1.767     0.44350     0.00000
 406    132.344      131.280         -10.762        3.796        60591.6          476.9    0.7340    0.3421      486.74      131.407      -63.869        1.825     0.44257     0.00000
 407    132.840      131.569         -11.040        3.719        60434.1          476.9    0.7345    0.3408      486.64      131.688      -63.933        1.799     0.44153     0.00000
 408    131.788      130.986         -10.961        3.485        60313.1          476.9    0.7330    0.3379      486.46      131.093      -64.135        1.709     0.44073     0.00000
 409    132.000      131.113         -10.406        3.347        60334.0          477.1    0.7316    0.3367      486.63      131.213      -64.115        1.656     0.44071     0.00000
 410    129.955      129.964          -8.984        3.202        60275.4          477.1    0.7269    0.3335      486.47      130.056      -64.253        1.607     0.44031     0.00000
 411    130.670      130.372          -8.066        3.201        60622.9          477.8    0.7248    0.3324      487.17      130.461      -64.080        1.586     0.44214     0.00000
 412    128.781      129.311          -7.117        3.094        60359.1          477.3    0.7215    0.3288      486.42      129.392      -64.230        1.538     0.44077     0.00000
 413    134.445      132.517          -9.732        3.217        60796.2          477.6    0.7301    0.3300      486.77      132.596      -63.974        1.510     0.44363     0.00000
 414    130.569      130.294          -5.467        2.971        60671.9          478.5    0.7193    0.3279      487.59      130.404      -63.706        1.492     0.44196     0.00000
 415     89.746      107.120          23.794        1.604        61671.7          484.5    0.6333    0.3371      494.73      107.315      -60.118        2.544     0.44384     0.00000
 416     64.591       87.156          51.131        0.620        63553.9          488.5    0.5926    0.3589      501.79       93.088      -47.411       -0.541     0.45314     0.00000
 417     45.565       80.108          44.048        0.183        65090.3          490.3    0.5615    0.3157      499.83       82.328      -63.304       -2.083     0.46219     0.00000
 418     59.281       90.059          18.949        0.299        65682.8          488.0    0.6183    0.2636      493.98       90.085      -69.585       -0.042     0.46855     0.00000
 419     77.204      100.209           2.774        0.657        64762.2          483.4    0.6631    0.2564      488.86      100.222      -68.997        0.292     0.46660     0.00000
 420     83.905      104.005          -5.803        0.252        64327.8          481.5    0.6852    0.2555      486.85      104.011      -69.058        0.088     0.46536     0.00000
 421     90.396      107.678         -11.386        0.092        63656.1          479.9    0.7011    0.2604      485.38      107.683      -68.842        0.025     0.46212     0.00000
 422     92.870      109.078         -15.823        0.125        63268.0          478.9    0.7123    0.2624      484.47      109.082      -68.931        0.061     0.46024     0.00000
 423     93.052      109.180         -19.648        0.408        62843.7          477.7    0.7215    0.2626      483.19      109.185      -69.194        0.221     0.45839     0.00000
 424     93.864      109.638         -23.478        0.463        62737.3          476.7    0.7310    0.2657      482.38      109.644      -69.367        0.276     0.45853     0.00000
 425    103.452      115.056         -27.663       -1.302        62257.6          475.1    0.7459    0.2789      481.26      115.067      -68.758       -0.627     0.45662     0.00000
 426    115.155      121.683         -29.329       -0.384        61818.4          473.9    0.7560    0.2945      480.77      121.686      -67.787       -0.186     0.45452     0.00000
 427    118.367      123.500         -30.144        0.500        61536.8          473.3    0.7597    0.2990      480.36      123.502      -67.541        0.220     0.45302     0.00000
 428    117.164      122.821         -30.718        0.300        61624.0          473.4    0.7601    0.2977      480.43      122.822      -67.686        0.133     0.45353     0.00000
 429    116.056      122.193         -31.125        0.570        61688.2          473.5    0.7603    0.2965      480.48      122.195      -67.812        0.263     0.45390     0.00000
 430    114.292      121.196         -31.219        0.549        61750.7          473.7    0.7595    0.2942      480.52      121.197      -67.981        0.257     0.45422     0.00000
 431    111.884      119.834         -30.871        0.616        61860.3          473.9    0.7574    0.2908      480.56      119.836      -68.182        0.293     0.45483     0.00000
 432    109.667      118.580         -30.428        0.582        61997.0          474.1    0.7552    0.2876      480.60      118.582      -68.361        0.280     0.45566     0.00000
 433    107.371      117.281         -30.103        0.596        62145.1          474.2    0.7532    0.2844      480.62      117.283      -68.556        0.291     0.45659     0.00000
 434    107.599      117.411         -30.660        0.518        62115.3          474.2    0.7546    0.2850      480.64      117.412      -68.573        0.253     0.45638     0.00000
