
OVERALL TURBINE PERFORMANCE
============================================================
Blade-jet speed ratio     0.3965
Pitchline loading         2.7099
Total-Total PR            5.0265
Total-Static PR           5.5864
Energy Extraction           342.3371
Corrected Speed           32.5765
Flow function           0.9440

STAGE PERFORMANCE
====================================================================================================
Stage  Location     Alpha1    Alpha2     Beta2     Beta3    Alpha3      Phi       Psi    Reaction
    1       Hub      -2.16      78.08      68.94     -76.15     -40.86    0.3337    1.8782      0.3418
    1      Mean      -3.64      72.54      51.08     -64.31     -17.72    0.6973    1.5795      0.4162
    1       Tip      -5.12      80.10       2.55     -49.32      16.49    0.4884    0.9920      0.4572
    2       Hub     -61.59      73.68       1.83     -67.81     -14.27    0.4511    1.5417      0.3747
    2      Mean     -27.45      64.62      -6.70     -59.55       3.50    0.7021    1.1862      0.4233
    2       Tip      17.03      70.70     -48.29     -54.35      17.69    0.6753    0.8694      0.4861


Span station K = 37

  J       %dVm        Vx(m/s)      Vtheta(m/s)    Vr(m/s)       Pstat(Pa)       Tstat(K)    Mrel      Mabs        T0(K)       Vm(m/s)     Swirl(deg)   Pitch(deg)  Density(kg/m3)     mdot(kg/s)
--------------------------------------------------------------------------------------------------------------------------------------------
   1      5.301       59.555           0.000        0.026       341727.5          707.4    0.6316    0.1145      709.00       59.555      -79.559        0.025     1.68307     0.00000
   2     -7.586       52.253          -0.675        1.215       342235.2          707.9    0.6304    0.1005      709.07       52.267      -80.832        1.329     1.68457     0.00000
   3    -10.848       50.420          -1.410        0.417       342086.6          707.9    0.6313    0.0970      708.99       50.422      -81.170        0.472     1.68384     0.00000
   4    -14.558       48.317          -2.121        0.824       342132.8          707.9    0.6321    0.0932      708.98       48.324      -81.550        0.977     1.68390     0.00000
   5    -17.784       46.497          -2.899        0.487       342244.5          708.0    0.6330    0.0900      709.00       46.499      -81.883        0.599     1.68424     0.00000
   6    -20.951       44.705          -3.793        0.494       342200.6          708.0    0.6343    0.0870      708.95       44.708      -82.211        0.631     1.68400     0.00000
   7    -23.770       43.112          -4.794        0.364       342328.5          708.1    0.6359    0.0845      708.99       43.114      -82.507        0.481     1.68444     0.00000
   8    -26.507       41.565          -5.837        0.238       342283.3          708.1    0.6375    0.0824      708.95       41.565      -82.793        0.324     1.68421     0.00000
   9    -29.092       40.103          -6.874        0.145       342384.9          708.2    0.6392    0.0806      708.99       40.104      -83.062        0.204     1.68457     0.00000
  10    -31.921       38.504          -7.906        0.027       342340.8          708.2    0.6409    0.0789      708.95       38.504      -83.353        0.032     1.68439     0.00000
  11    -34.763       36.896          -9.027       -0.058       342415.9          708.2    0.6428    0.0775      708.97       36.896      -83.644       -0.101     1.68467     0.00000
  12    -37.780       35.190         -10.291       -0.164       342342.4          708.2    0.6450    0.0764      708.93       35.190      -83.949       -0.292     1.68439     0.00000
  13    -40.612       33.587         -11.674       -0.229       342381.8          708.2    0.6474    0.0762      708.98       33.588      -84.237       -0.431     1.68450     0.00000
  14    -43.620       31.885         -13.041       -0.299       342292.2          708.2    0.6499    0.0763      708.97       31.887      -84.537       -0.601     1.68411     0.00000
  15    -46.393       30.316         -14.352       -0.355       342321.6          708.2    0.6523    0.0769      708.97       30.319      -84.814       -0.765     1.68432     0.00000
  16    -49.643       28.477         -15.670       -0.425       342197.9          708.0    0.6548    0.0779      708.88       28.480      -85.129       -1.129     1.68399     0.00000
  17    -53.121       26.500         -17.074       -0.519       342187.8          708.2    0.6573    0.0796      709.13       26.513      -85.463       -3.491     1.68346     0.00000
  18    -55.106       23.994         -18.394       -0.620       342006.9          708.8    0.6595    0.0817      709.70       25.391      -85.650       -5.626     1.68133     0.00000
  19    -53.845       21.513         -19.384       -0.674       341965.8          709.2    0.6612    0.0843      710.19       26.104      -85.539       -4.360     1.68012     0.00000
  20    -51.512       19.095         -20.186       -0.608       341762.2          708.9    0.6630    0.0873      709.94       27.424      -85.332       -2.958     1.67986     0.00000
  21    -49.935       17.573         -20.928       -0.409       341737.2          708.4    0.6647    0.0904      709.50       28.316      -85.193       -0.974     1.68095     0.00000
  22    -49.821       16.982         -21.656       -0.066       341558.9          708.1    0.6663    0.0926      709.24       28.380      -85.188        0.943     1.68080     0.00000
  23    -51.418       17.749         -22.041        0.265       341559.9          708.0    0.6670    0.0936      709.27       27.476      -85.332        3.841     1.68083     0.00000
  24    -52.869       19.084         -22.729        0.398       341376.8          708.0    0.6683    0.0948      709.22       26.656      -85.471        6.027     1.68013     0.00000
  25    -52.617       20.852         -23.672        0.550       341378.2          708.0    0.6701    0.0970      709.31       26.798      -85.464        6.466     1.68013     0.00000
  26    -52.701       22.350         -17.452        0.329       341155.7          708.7    0.6578    0.0856      709.80       26.751      -85.466        6.535     1.67730     0.00000
  27    -52.764       22.051          -9.661       -0.036       341491.0          709.4    0.6425    0.0769      710.45       26.715      -85.442        2.854     1.67718     0.00000
  28    -51.801       23.748          -7.043       -0.281       341597.6          709.6    0.6375    0.0781      710.65       27.260      -85.360        1.971     1.67731     0.00000
  29    -50.240       25.515          -7.345       -0.382       341487.8          709.6    0.6382    0.0827      710.71       28.143      -85.233        1.943     1.67680     0.00000
  30    -50.117       26.013          -7.558       -0.444       341383.0          709.5    0.6386    0.0852      710.61       28.212      -85.239        2.627     1.67656     0.00000
  31    -50.125       26.383          -7.259       -2.018       341483.6          709.4    0.6380    0.0863      710.55       28.208      -85.256        0.619     1.67722     0.00000
  32    -45.097       29.197          -7.053       -4.043       341241.4          709.2    0.6384    0.0909      710.42       31.052      -84.798       -1.604     1.67664     0.00000
  33    -41.273       31.590          -6.959       -4.612       340875.7          708.8    0.6389    0.0945      710.19       33.214      -84.460       -2.122     1.67567     0.00000
  34    -38.083       33.630          -7.007       -4.890       340705.0          708.6    0.6396    0.0979      710.10       35.019      -84.184       -2.237     1.67528     0.00000
  35    -34.306       36.080          -7.090       -5.411       340376.0          708.3    0.6404    0.1023      709.98       37.155      -83.865       -2.301     1.67428     0.00000
  36    -29.851       38.861          -6.513       -6.000       340139.5          708.2    0.6401    0.1066      709.95       39.674      -83.480       -2.673     1.67352     0.00000
  37    -26.111       41.141          -5.432       -6.604       339808.8          708.0    0.6388    0.1098      709.88       41.790      -83.138       -3.563     1.67230     0.00000
  38    -22.660       43.145          -4.715       -7.087       339637.5          708.0    0.6381    0.1131      709.97       43.741      -82.826       -5.410     1.67152     0.00000
  39    -18.202       45.626          -4.288       -7.593       339180.4          707.9    0.6382    0.1174      710.04       46.263      -82.435       -7.779     1.66951     0.00000
  40    -13.245       48.359          -3.168       -8.252       338895.7          707.9    0.6371    0.1214      710.22       49.066      -81.989       -8.420     1.66807     0.00000
  41     -9.321       50.518          -1.607       -8.795       338465.9          707.8    0.6350    0.1243      710.26       51.286      -81.602       -8.736     1.66610     0.00000
  42     -5.538       52.600          -0.772       -9.313       338302.5          707.8    0.6343    0.1281      710.47       53.425      -81.254       -9.051     1.66518     0.00000
  43      0.482       55.940           0.833       -9.990       337671.2          707.7    0.6329    0.1335      710.53       56.830      -80.698       -9.335     1.66249     0.00000
  44      3.741       57.712           3.002      -10.555       337352.4          707.6    0.6297    0.1361      710.58       58.673      -80.336       -9.673     1.66102     0.00000
  45      8.070       60.061           4.316      -11.319       337039.2          707.6    0.6285    0.1405      710.74       61.122      -79.921      -10.084     1.65958     0.00000
  46     13.792       63.211           6.364      -12.078       336306.9          707.4    0.6266    0.1460      710.85       64.357      -79.360      -10.255     1.65635     0.00000
  47     17.856       65.442           8.881      -12.645       335829.7          707.4    0.6232    0.1498      711.03       66.656      -78.900      -10.338     1.65397     0.00000
  48     22.694       68.076          11.367      -13.438       335344.7          707.5    0.6203    0.1548      711.37       69.392      -78.376      -10.606     1.65138     0.00000
  49     27.469       70.649          14.475      -14.346       334621.1          707.5    0.6163    0.1598      711.62       72.093      -77.806      -10.926     1.64776     0.00000
  50     32.189       73.211          17.347      -15.140       334091.1          707.5    0.6127    0.1651      711.96       74.762      -77.245      -11.167     1.64499     0.00000
  51     37.531       76.137          20.730      -15.915       333161.8          707.2    0.6089    0.1713      712.03       77.784      -76.591      -11.325     1.64099     0.00000
  52     41.664       78.379          24.448      -16.609       332456.2          707.0    0.6040    0.1765      712.04       80.121      -75.995      -11.465     1.63812     0.00000
  53     46.438       80.967          28.190      -17.422       331595.8          706.5    0.5996    0.1828      711.96       82.821      -75.334      -11.656     1.63485     0.00000
  54     51.594       83.725          32.767      -18.461       330553.1          705.9    0.5941    0.1900      711.77       85.737      -74.558      -11.943     1.63106     0.00000
  55     56.654       86.437          37.769      -19.448       329417.7          705.2    0.5879    0.1977      711.54       88.599      -73.726      -12.188     1.62698     0.00000
  56     61.729       89.196          43.145      -20.262       328154.7          704.4    0.5813    0.2060      711.31       91.470      -72.835      -12.316     1.62239     0.00000
  57     66.692       91.854          49.317      -21.229       326664.1          703.5    0.5736    0.2152      711.03       94.276      -71.848      -12.533     1.61692     0.00000
  58     71.881       94.647          56.160      -22.175       325013.7          702.6    0.5650    0.2256      710.83       97.211      -70.729      -12.689     1.61068     0.00000
  59     76.650       97.218          63.750      -23.025       323019.8          701.6    0.5553    0.2368      710.58       99.909      -69.516      -12.828     1.60296     0.00000
  60     81.553       99.827          72.207      -24.038       320955.1          700.6    0.5444    0.2495      710.54      102.682      -68.126      -13.034     1.59467     0.00000
  61     86.165      102.316          81.521      -24.841       318238.3          699.4    0.5324    0.2636      710.39      105.290      -66.574      -13.143     1.58357     0.00000
  62     89.867      104.323          91.496      -25.447       315548.4          698.3    0.5192    0.2784      710.43      107.383      -64.916      -13.205     1.57234     0.00000
  63     92.925      105.945         102.298      -26.097       312260.7          697.0    0.5048    0.2944      710.40      109.113      -63.071      -13.327     1.55847     0.00000
  64     95.113      107.104         113.674      -26.567       308766.3          695.6    0.4894    0.3114      710.42      110.351      -61.057      -13.414     1.54362     0.00000
  65     96.187      107.723         125.387      -26.594       304914.9          694.1    0.4730    0.3288      710.38      110.958      -58.911      -13.352     1.52720     0.00000
  66     95.285      107.198         137.506      -26.587       300841.5          692.6    0.4549    0.3463      710.31      110.448      -56.665      -13.417     1.50964     0.00000
  67     93.891      106.450         149.422      -26.331       296586.1          691.0    0.4368    0.3640      710.29      109.659      -54.299      -13.379     1.49110     0.00000
  68     90.924      104.873         161.128      -25.714       292101.7          689.5    0.4177    0.3811      710.19      107.981      -51.921      -13.283     1.47140     0.00000
  69     87.371      102.948         172.713      -25.129       287606.7          688.0    0.3982    0.3984      710.27      105.972      -49.420      -13.232     1.45131     0.00000
  70     83.288      100.769         184.042      -24.313       282571.8          686.4    0.3786    0.4158      710.17      103.663      -46.838      -13.098     1.42878     0.00000
  71     78.854       98.398         195.020      -23.444       277640.0          685.1    0.3590    0.4328      710.24      101.155      -44.199      -12.959     1.40638     0.00000
  72     74.922       96.318         205.679      -22.574       272293.9          683.5    0.3401    0.4501      710.22       98.931      -41.458      -12.772     1.38212     0.00000
  73     71.469       94.484         216.181      -21.843       266891.9          682.1    0.3218    0.4676      710.29       96.978      -38.596      -12.628     1.35745     0.00000
  74     69.163       93.340         226.293      -20.991       261227.4          680.6    0.3051    0.4852      710.37       95.674      -35.648      -12.318     1.33151     0.00000
  75     66.401       91.921         235.655      -20.179       255477.4          679.1    0.2890    0.5015      710.38       94.112      -32.916      -12.061     1.30503     0.00000
  76     64.048       90.706         243.463      -19.500       250046.3          678.0    0.2747    0.5150      710.45       92.781      -30.667      -11.842     1.27965     0.00000
  77     60.605       88.947         249.262      -18.405       244930.0          677.2    0.2610    0.5245      710.33       90.834      -29.255      -11.447     1.25561     0.00000
  78     56.031       86.517         253.582      -17.374       240876.8          676.9    0.2475    0.5307      710.50       88.247      -28.598      -11.151     1.23603     0.00000
  79     51.726       84.237         257.414      -16.348       236979.7          676.6    0.2351    0.5363      710.58       85.812      -28.249      -10.821     1.21736     0.00000
  80     47.727       82.134         261.409      -15.303       233258.6          676.2    0.2237    0.5424      710.71       83.550      -27.742      -10.429     1.19962     0.00000
  81     44.733       80.573         265.504      -14.424       229315.7          675.5    0.2145    0.5493      710.68       81.857      -26.828      -10.052     1.18115     0.00000
  82     42.179       79.251         269.074      -13.599       225524.8          674.8    0.2076    0.5555      710.66       80.412      -25.792       -9.661     1.16330     0.00000
  83     40.029       78.149         271.758      -12.821       222041.2          674.3    0.2031    0.5601      710.66       79.196      -24.953       -9.259     1.14671     0.00000
  84     37.807       77.003         273.729      -12.029       218950.7          673.9    0.2002    0.5634      710.69       77.940      -24.429       -8.837     1.13182     0.00000
  85     35.696       75.924         275.135      -11.189       216195.7          673.6    0.1985    0.5656      710.73       76.746      -24.218       -8.360     1.11839     0.00000
  86     33.343       74.689         276.065      -10.422       213735.1          673.3    0.1975    0.5669      710.73       75.415      -24.329       -7.932     1.10627     0.00000
  87     31.395       73.670         276.596       -9.740       211594.3          673.2    0.1976    0.5675      710.79       74.314      -24.678       -7.531     1.09553     0.00000
  88     29.508       72.679         276.722       -9.076       209563.7          673.0    0.1983    0.5675      710.73       73.246      -25.291       -7.126     1.08538     0.00000
  89     28.143       71.990         276.314       -8.337       208061.0          673.1    0.1994    0.5665      710.78       72.474      -26.158       -6.620     1.07749     0.00000
  90     26.229       70.977         275.551       -7.660       206857.1          673.2    0.1990    0.5646      710.70       71.392      -27.282       -6.159     1.07103     0.00000
  91     24.653       70.135         274.701       -7.154       206258.3          673.6    0.1979    0.5624      710.87       70.501      -28.432       -5.827     1.06717     0.00000
  92     22.749       69.115         273.776       -6.515       205496.5          673.9    0.1957    0.5600      710.73       69.423      -29.619       -5.385     1.06286     0.00000
  93     20.653       67.985         272.582       -5.849       205446.2          674.6    0.1924    0.5569      710.97       68.238      -30.803       -4.910     1.06145     0.00000
  94     17.650       66.331         271.353       -5.245       205148.4          675.1    0.1875    0.5533      710.88       66.539      -32.063       -4.520     1.05918     0.00000
  95     15.522       65.153         271.363       -4.856       205939.5          675.9    0.1802    0.5522      711.30       65.336      -32.712       -4.216     1.06200     0.00000
  96     10.948       62.640         269.137       -3.649       206511.1          676.6    0.1741    0.5462      711.09       62.749      -34.472       -3.317     1.06383     0.00000
  97     -4.319       54.061         259.506       -2.105       207965.5          678.4    0.1735    0.5229      710.35       54.115      -39.980       -2.514     1.06842     0.00000
  98    -18.652       45.971         245.646       -1.287       211034.5          681.1    0.1875    0.4921      710.34       46.008      -45.674       -2.093     1.07956     0.00000
  99    -28.405       40.483         239.154       -0.300       213384.8          682.7    0.1934    0.4767      710.56       40.492      -49.521       -0.641     1.08869     0.00000
 100    -27.017       41.274         242.255        0.290       213791.7          682.7    0.1850    0.4827      710.65       41.277      -50.419        0.339     1.09076     0.00000
 101    -23.401       43.320         247.892        0.300       212334.8          681.4    0.1736    0.4945      710.08       43.322      -50.087        0.376     1.08553     0.00000
 102    -21.464       44.415         252.907        0.451       211975.9          680.9    0.1636    0.5044      710.36       44.418      -49.535        0.602     1.08456     0.00000
 103    -20.228       45.114         256.895        0.423       210800.6          679.8    0.1555    0.5125      709.96       45.117      -48.883        0.562     1.08034     0.00000
 104    -19.435       45.561         260.038        0.584       210417.2          679.5    0.1492    0.5187      710.18       45.565      -48.139        0.785     1.07899     0.00000
 105    -20.511       44.953         262.781        0.513       209167.1          678.4    0.1430    0.5241      709.66       44.957      -47.789        0.700     1.07424     0.00000
 106    -18.851       45.891         265.368        0.602       209260.2          678.5    0.1394    0.5293      710.28       45.895      -46.274        0.803     1.07465     0.00000
 107    -20.391       45.022         267.353        0.489       208070.2          677.5    0.1349    0.5332      709.74       45.025      -45.894        0.648     1.07003     0.00000
 108    -18.181       46.272         267.995        0.430       209024.6          678.2    0.1352    0.5345      710.53       46.275      -45.099        0.546     1.07396     0.00000
 109    -25.149       42.330         267.449        0.548       207541.4          677.9    0.1302    0.5322      710.02       42.333      -48.337        0.772     1.06666     0.00000
 110    -28.773       40.282         270.529       -0.366       208974.8          681.1    0.1229    0.5363      713.81       40.284      -47.611       -0.604     1.06908     0.00000
 111    -26.873       41.179         268.544        3.850       208556.1          676.5    0.1257    0.5341      708.64       41.359      -49.690        5.318     1.07416     0.00000
 112    -21.760       44.248         278.341       -0.492       209314.7          678.3    0.1157    0.5533      712.85       44.250      -41.357       -0.637     1.07525     0.00000
 113    -34.678      -13.596         276.263        5.707       209481.5          676.4    0.1168    0.5512      711.34       36.944      -41.103        7.094     1.07903     0.00000
 114     14.621      -45.563         278.766        1.275       206573.8          666.4    0.1680    0.5681      703.05       64.826      -24.913        1.693     1.08020     0.00000
 115     34.472      -58.186         286.844        0.025       207915.7          665.3    0.1883    0.5897      704.87       76.054      -17.684       -0.565     1.08913     0.00000
 116     23.316      -52.536         289.029        0.108       207612.0          664.9    0.1792    0.5911      704.82       69.744      -14.934       -1.257     1.08817     0.00000
 117     12.726      -47.399         291.504        0.644       208726.2          664.8    0.1702    0.5932      705.13       63.755      -10.581       -0.190     1.09415     0.00000
 118      1.686      -41.302         295.224        0.430       209106.0          664.3    0.1621    0.5981      705.43       57.511       -7.390        0.213     1.09690     0.00000
 119     -9.609      -35.493         298.739        0.550       209607.4          664.1    0.1555    0.6028      706.00       51.123       -3.884        0.406     1.09986     0.00000
 120    -20.545      -29.369         301.861        0.462       209776.0          663.8    0.1515    0.6072      706.43       44.938       -0.439        0.400     1.10127     0.00000
 121    -29.776      -23.724         304.867        0.561       209892.5          663.5    0.1491    0.6118      706.85       39.717        2.503        1.415     1.10245     0.00000
 122    -35.831      -18.736         307.890        0.472       209860.6          663.0    0.1503    0.6170      707.27       36.292        4.675        1.246     1.10303     0.00000
 123    -39.736      -14.792         311.196        0.318       209753.0          662.5    0.1545    0.6232      707.80       34.084        6.566        0.639     1.10334     0.00000
 124    -42.555      -11.158         314.856        0.381       209488.8          661.8    0.1606    0.6305      708.27       32.489        8.166        0.451     1.10318     0.00000
 125    -45.656       -7.554         318.514        0.498       209265.0          661.1    0.1667    0.6378      708.82       30.735        9.756       -0.001     1.10315     0.00000
 126    -48.443       -3.569         321.933        0.571       208928.3          660.4    0.1727    0.6447      709.29       29.159       10.846        1.859     1.10255     0.00000
 127    -50.269        0.313         325.116        0.462       208581.4          659.8    0.1790    0.6513      709.83       28.127       11.705        0.579     1.10172     0.00000
 128    -50.849        4.066         328.243        0.152       208167.8          659.1    0.1857    0.6579      710.33       27.798       12.271       -0.818     1.10061     0.00000
 129    -50.737        7.329         331.672        0.100       207748.5          658.3    0.1929    0.6653      710.81       27.862       12.726        0.782     1.09972     0.00000
 130    -50.230       10.490         335.438       -0.084       207272.0          657.4    0.2004    0.6736      711.25       28.149       13.311       -0.101     1.09878     0.00000
 131    -49.287       13.365         338.638       -0.462       206916.7          656.7    0.2069    0.6806      711.75       28.682       13.783       -2.956     1.09807     0.00000
 132    -47.614       15.794         341.022        0.695       206421.0          655.9    0.2121    0.6860      711.96       29.628       13.942        4.370     1.09663     0.00000
 133    -45.527       18.129         343.090        3.020       206144.8          655.4    0.2173    0.6907      712.24       30.809       13.737        9.249     1.09611     0.00000
 134    -42.962       21.358         345.196        4.679       205761.9          654.8    0.2236    0.6957      712.58       32.259       13.491       13.536     1.09507     0.00000
 135    -41.408       24.145         347.046        5.177       205393.7          654.4    0.2291    0.6998      713.09       33.138       13.444       13.746     1.09363     0.00000
 136    -38.674       27.343         348.357        5.146       204954.3          654.3    0.2341    0.7029      713.63       34.684       13.187       11.307     1.09145     0.00000
 137    -35.419       30.442         349.175        5.012       204477.3          654.3    0.2384    0.7049      714.10       36.525       12.894       10.055     1.08890     0.00000
 138    -32.485       33.062         349.882        4.868       204016.1          654.4    0.2423    0.7066      714.57       38.185       12.563        9.194     1.08634     0.00000
 139    -28.315       36.128         350.711        4.627       203530.4          654.5    0.2471    0.7087      715.16       40.543       12.156        8.697     1.08361     0.00000
 140    -23.150       39.563         351.456        5.150       202912.2          654.4    0.2524    0.7110      715.65       43.464       11.681        9.766     1.08033     0.00000
 141    -19.527       41.861         352.108        6.198       202381.1          654.5    0.2565    0.7129      716.07       45.513       11.185        9.956     1.07749     0.00000
 142    -16.556       43.865         352.722        6.778       201946.1          654.5    0.2605    0.7146      716.53       47.194       10.576       10.207     1.07509     0.00000
 143    -13.338       46.060         353.378        7.031       201442.8          654.6    0.2649    0.7164      717.02       49.013       10.279       10.490     1.07234     0.00000
 144    -10.254       48.045         353.838        7.368       200893.3          654.7    0.2690    0.7178      717.53       50.758       10.594       10.132     1.06918     0.00000
 145     -7.547       49.575         354.145        7.688       200362.5          654.8    0.2727    0.7188      717.98       52.289       11.170        8.947     1.06613     0.00000
 146     -4.588       51.212         354.593        7.978       199871.2          654.9    0.2768    0.7202      718.42       53.962       11.729        8.323     1.06342     0.00000
 147     -2.187       52.576         355.064        8.318       199326.5          654.9    0.2808    0.7217      718.79       55.320       12.226        8.120     1.06053     0.00000
 148      0.126       53.896         355.483        8.544       198841.8          654.9    0.2848    0.7230      719.17       56.629       12.682        7.928     1.05795     0.00000
 149      3.028       55.545         355.970        8.779       198304.9          654.8    0.2893    0.7247      719.45       58.270       13.065        7.795     1.05533     0.00000
 150      5.852       57.138         356.486        9.034       197821.7          654.6    0.2937    0.7265      719.70       59.867       13.462        7.737     1.05305     0.00000
 151      9.104       58.935         356.849        9.225       197316.6          654.4    0.2981    0.7282      719.88       61.706       13.771        7.633     1.05073     0.00000
 152     12.692       60.890         357.088        9.572       196834.1          654.1    0.3025    0.7297      719.96       63.736       13.996        7.689     1.04860     0.00000
 153     15.824       62.614         357.217        9.594       196390.3          653.8    0.3063    0.7309      719.96       65.507       14.186        7.509     1.04673     0.00000
 154     20.085       64.983         357.149        9.310       196012.2          653.5    0.3105    0.7320      719.98       67.917       14.245        7.018     1.04512     0.00000
 155     25.137       67.768         356.838        9.238       195478.0          653.2    0.3149    0.7329      719.81       70.774       14.127        6.656     1.04286     0.00000
 156     30.333       70.731         356.273        8.816       195077.3          652.9    0.3192    0.7334      719.65       73.713       13.889        6.080     1.04121     0.00000
 157     37.083       74.553         355.960        8.700       194567.6          652.4    0.3243    0.7348      719.45       77.530       13.602        5.690     1.03923     0.00000
 158     43.780       78.331         355.649        8.784       194057.2          651.9    0.3291    0.7362      719.18       81.318       13.179        5.425     1.03730     0.00000
 159     52.299       83.270         354.815        8.602       193499.1          651.3    0.3355    0.7372      718.89       86.136       12.357        4.966     1.03512     0.00000
 160     61.613       88.666         353.786        8.621       192725.1          650.6    0.3431    0.7385      718.43       91.404       11.373        4.632     1.03213     0.00000
 161     72.737       95.122         352.984        8.570       191996.0          649.8    0.3523    0.7409      718.18       97.695       10.301        4.215     1.02937     0.00000
 162     85.666      102.604         352.750        8.807       190792.8          648.7    0.3638    0.7454      717.87      105.008        9.218        3.956     1.02466     0.00000
 163     99.698      110.688         352.335        9.292       189572.8          647.6    0.3775    0.7502      717.77      112.943        7.933        3.775     1.01977     0.00000
 164    116.482      120.304         351.898        9.903       187860.8          646.1    0.3954    0.7569      717.60      122.437        6.502        3.554     1.01291     0.00000
 165    134.590      130.695         352.551       10.424       185711.9          644.0    0.4164    0.7671      717.63      132.678        5.363        3.296     1.00434     0.00000
 166    154.496      141.996         354.972       11.353       183100.8          641.4    0.4408    0.7822      717.92      143.936        4.625        3.159     0.99416     0.00000
 167    177.292      154.866         359.085       13.192       180043.1          638.3    0.4692    0.8027      718.79      156.829        4.181        3.269     0.98207     0.00000
 168    200.481      167.976         364.152       14.846       176261.2          634.5    0.5002    0.8268      719.75      169.944        4.015        3.374     0.96670     0.00000
 169    222.770      180.371         371.873       16.999       172422.0          630.5    0.5320    0.8552      721.63      182.550        4.295        3.591     0.95089     0.00000
 170    245.180      192.812         378.871       20.638       168653.5          626.1    0.5632    0.8832      723.06      195.224        4.311        4.097     0.93551     0.00000
 171    265.242      204.009         381.672       23.311       164733.5          621.7    0.5898    0.9042      722.88      206.571        3.886        4.401     0.91880     0.00000
 172    289.407      218.001         386.666       22.417       161212.2          614.4    0.6372    0.9400      723.67      220.238        3.423        3.875     0.90711     0.00000
 173    317.136      234.125         390.837       19.518       158133.0          603.3    0.7111    0.9948      725.47      235.920        1.896        2.875     0.90111     0.00000
 174    323.265      237.977         379.895       15.093       156546.7          604.1    0.7130    0.9762      723.33      239.387        0.335        1.987     0.89269     0.00000
 175    344.713      250.272         374.113       12.368       154184.1          598.5    0.7111    0.9780      714.11      251.517       -0.136        1.498     0.88277     0.00000
 176    376.061      268.068         380.702       11.985       151375.5          583.8    0.7611    1.0428      707.15      269.247        0.027        1.482     0.87874     0.00000
 177    393.632      278.181         385.606       11.967       148934.2          575.8    0.8030    1.0853      705.59      279.185        0.093        1.650     0.87352     0.00000
 178    407.233      285.960         378.613       12.085       146581.9          577.4    0.8140    1.0778      707.71      286.877       -1.066        1.768     0.85901     0.00000
 179    416.035      290.911         362.113       11.897       144936.8          579.8    0.8090    1.0497      705.23      291.855       -3.017        1.833     0.84982     0.00000
 180    422.776      294.705         342.448       10.719       142848.4          577.7    0.7980    1.0169      695.86      295.667       -5.118        1.838     0.84275     0.00000
 181    429.600      298.588         325.820        9.628       140281.1          575.6    0.7937    0.9923      688.29      299.527       -6.938        1.709     0.83151     0.00000
 182    441.521      305.288         313.314        9.821       136582.9          570.8    0.8054    0.9866      681.64      306.269       -8.545        1.702     0.81540     0.00000
 183    457.856      314.455         301.290       12.699       133660.5          567.2    0.8231    0.9880      677.90      315.508      -10.154        2.017     0.80308     0.00000
 184    469.421      320.894         287.907       15.377       131591.8          566.0    0.8317    0.9786      674.04      322.049      -11.710        2.275     0.79367     0.00000
 185    479.381      326.432         277.914       18.032       129929.7          562.8    0.8480    0.9797      669.12      327.682      -12.922        2.564     0.78707     0.00000
 186    481.678      327.613         270.753       21.012       130524.4          564.0    0.8488    0.9692      667.57      328.981      -13.421        2.954     0.79221     0.00000
 187    481.501      327.790         258.277       20.817       132527.2          568.8    0.8342    0.9389      665.86      328.881      -14.325        2.980     0.80321     0.00000
 188    487.353      331.279         246.235       20.074       133220.2          571.1    0.8336    0.9217      664.17      332.191      -15.529        2.904     0.80706     0.00000
 189    494.442      335.144         234.434       21.183       132890.7          572.1    0.8395    0.9099      662.49      336.200      -16.989        3.120     0.80503     0.00000
 190    497.762      336.988         222.096       21.778       133172.4          573.6    0.8419    0.8946      660.74      338.078      -18.587        3.239     0.80571     0.00000
 191    500.245      338.453         210.164       21.674       133102.4          574.6    0.8445    0.8811      658.82      339.482      -19.994        3.260     0.80472     0.00000
 192    503.353      340.216         198.258       22.054       132469.8          574.9    0.8509    0.8703      656.65      341.240      -21.385        3.365     0.80117     0.00000
 193    503.981      340.551         186.242       22.750       131792.4          574.9    0.8562    0.8579      654.02      341.595      -22.851        3.529     0.79762     0.00000
 194    501.506      339.174         174.315       22.786       131524.0          575.1    0.8592    0.8430      651.28      340.195      -24.362        3.591     0.79619     0.00000
 195    502.005      339.493         162.151       22.476       130775.5          574.3    0.8674    0.8322      648.26      340.478      -25.846        3.573     0.79308     0.00000
 196    503.298      340.150         150.345       23.834       129261.4          572.8    0.8780    0.8239      644.95      341.209      -27.269        3.830     0.78618     0.00000
 197    497.412      336.749         139.068       24.961       128991.9          572.6    0.8801    0.8076      641.84      337.880      -28.826        4.072     0.78506     0.00000
 198    493.039      334.322         128.313       24.355       128990.7          572.4    0.8839    0.7939      639.15      335.406      -30.277        4.030     0.78556     0.00000
 199    490.639      332.939         118.181       24.908       127751.3          570.9    0.8916    0.7844      635.93      334.049      -31.662        4.194     0.78002     0.00000
 200    481.025      327.488         107.961       25.283       127924.3          570.9    0.8909    0.7659      632.94      328.612      -33.260        4.341     0.78113     0.00000
 201    474.798      324.046          98.582       24.489       127808.7          570.5    0.8937    0.7525      630.22      325.090      -34.617        4.267     0.78122     0.00000
 202    466.600      319.405          88.960       24.799       127064.0          569.4    0.8971    0.7376      626.90      320.453      -36.193        4.418     0.77806     0.00000
 203    446.425      308.044          78.008       24.177       128291.0          570.8    0.8889    0.7067      624.11      309.043      -38.400        4.447     0.78351     0.00000
 204    420.046      293.231          69.333       22.464       130226.3          573.4    0.8720    0.6690      621.79      294.124      -40.685        4.327     0.79169     0.00000
 205    395.612      279.335          64.912       23.076       132068.6          575.2    0.8524    0.6355      619.37      280.304      -42.524        4.692     0.80018     0.00000
 206    379.736      270.214          61.733       24.395       133395.4          575.9    0.8389    0.6139      616.98      271.326      -43.669        5.154     0.80729     0.00000
 207    367.328      263.129          56.779       24.837       133456.7          576.0    0.8329    0.5967      614.63      264.308      -44.737        5.375     0.80768     0.00000
 208    354.027      255.561          50.773       25.011       133089.6          575.9    0.8281    0.5782      612.06      256.785      -46.027        5.570     0.80555     0.00000
 209    337.912      246.378          45.993       25.244       132676.0          576.0    0.8188    0.5568      609.31      247.671      -47.382        5.831     0.80280     0.00000
 210    318.726      235.413          42.756       25.755       133445.1          577.5    0.8048    0.5321      607.88      236.820      -48.784        6.204     0.80525     0.00000
 211    300.326      224.924          41.903       25.906       134443.5          579.9    0.7904    0.5112      608.15      226.413      -49.813        6.515     0.80799     0.00000
 212    290.226      219.061          39.902       26.843       133616.2          580.8    0.7883    0.5025      608.31      220.701      -50.377        6.925     0.80215     0.00000
 213    289.280      217.989          33.672       30.874       132358.8          580.8    0.7989    0.5015      608.23      220.166      -50.928        7.991     0.79490     0.00000
 214    285.741      215.352          24.703       34.910       131690.6          580.2    0.8092    0.4960      606.70      218.164      -51.992        9.092     0.79197     0.00000
 215    282.511      213.394          15.591       35.555       133397.2          581.5    0.8151    0.4893      606.59      216.337      -53.039        9.336     0.80055     0.00000
 216    276.695      209.562           7.740       38.373       132036.4          580.4    0.8186    0.4820      604.08      213.048      -54.115       10.222     0.79367     0.00000
 217    292.477      218.349          64.637       39.951       129777.4          595.0    0.7070    0.4846      618.30      221.974      -48.849       10.203     0.75993     0.00000
 218    291.797      218.140          63.223       38.947       128535.3          594.6    0.7090    0.4831      617.69      221.590      -49.056        9.969     0.75323     0.00000
 219    253.017      195.624          60.315       39.926       131577.7          598.7    0.6829    0.4361      617.66      199.657      -52.320       11.309     0.76578     0.00000
 220    238.377      187.473          58.954       38.453       132534.8          601.2    0.6738    0.4180      618.69      191.377      -53.651       11.361     0.76814     0.00000
 221    227.687      180.989          57.951       39.881       132005.4          601.8    0.6682    0.4053      618.32      185.330      -54.647       12.145     0.76424     0.00000
 222    216.180      174.284          57.461       40.032       132980.4          603.7    0.6607    0.3916      619.16      178.823      -55.673       12.618     0.76748     0.00000
 223    209.738      170.453          55.888       40.416       132776.7          603.9    0.6595    0.3836      618.73      175.180      -56.392       12.992     0.76607     0.00000
 224    203.776      166.810          54.430       41.135       133229.0          604.7    0.6582    0.3760      618.98      171.807      -57.057       13.465     0.76766     0.00000
 225    199.309      164.179          53.077       41.248       133300.5          605.0    0.6579    0.3704      618.93      169.281      -57.583       13.695     0.76761     0.00000
 226    195.839      162.038          50.723       41.702       133569.3          605.3    0.6601    0.3653      618.82      167.318      -58.111       13.996     0.76883     0.00000
 227    191.368      159.427          49.175       41.696       133734.4          605.5    0.6604    0.3597      618.66      164.789      -58.648       14.201     0.76948     0.00000
 228    186.930      156.889          48.862       41.479       134051.0          606.2    0.6583    0.3546      619.00      162.280      -59.064       14.337     0.77044     0.00000
 229    179.582      152.709          48.006       41.028       134322.3          606.7    0.6558    0.3461      618.96      158.124      -59.790       14.547     0.77134     0.00000
 230    170.678      147.796          47.050       39.899       135001.4          607.5    0.6527    0.3357      619.19      153.088      -60.669       14.600     0.77411     0.00000
 231    157.171      140.345          46.138       38.190       135622.1          608.4    0.6478    0.3203      619.17      145.449      -61.987       14.698     0.77659     0.00000
 232    140.865      131.564          44.752       35.300       136662.8          609.4    0.6435    0.3021      619.36      136.227      -63.633       14.370     0.78113     0.00000
 233    120.660      120.560          42.264       32.144       137339.8          610.0    0.6416    0.2802      619.15      124.799      -65.747       13.948     0.78413     0.00000
 234     98.421      107.065          40.460       26.487       138075.2          610.9    0.6400    0.2606      619.47      112.222      -68.080        5.951     0.78715     0.00000
 235     98.269       90.004          42.192       21.486       137894.7          610.7    0.6353    0.2691      619.38      112.135      -67.959        3.092     0.78641     0.00000
 236     97.756       80.257          44.405       23.115       138210.4          610.0    0.6304    0.2788      618.99      111.845      -67.897        5.443     0.78916     0.00000
 237     87.686       79.746          49.881       25.375       138011.2          609.2    0.6169    0.2812      618.47      106.150      -68.773       10.682     0.78899     0.00000
 238     79.004       82.583          53.747       26.243       138376.7          610.1    0.6070    0.2831      619.41      101.240      -69.658       13.714     0.78986     0.00000
 239     95.759      101.055          51.038       29.828       136697.9          609.1    0.6195    0.2914      618.89      110.716      -66.887       13.490     0.78172     0.00000
 240    106.651      109.257          49.671       31.868       135407.5          607.7    0.6279    0.3039      618.12      116.876      -65.331       15.175     0.77609     0.00000
 241    111.014      114.120          45.517       31.895       135638.9          608.3    0.6384    0.3121      619.05      119.344      -64.968       16.667     0.77662     0.00000
 242    120.746      120.175          41.053       32.763       134882.6          607.6    0.6516    0.3211      618.72      124.848      -64.250       15.790     0.77320     0.00000
 243    125.481      122.798          37.858       33.714       134981.6          607.9    0.6588    0.3246      619.12      127.526      -64.059       15.389     0.77341     0.00000
 244    131.987      126.570          35.055       34.192       134393.1          607.5    0.6670    0.3293      618.87      131.205      -63.683       14.911     0.77063     0.00000
 245    134.174      127.754          32.843       34.614       134428.7          607.7    0.6714    0.3300      619.08      132.443      -63.708       14.910     0.77060     0.00000
 246    136.966      129.320          30.420       34.940       134124.0          607.6    0.6769    0.3321      619.05      134.021      -63.652       14.838     0.76900     0.00000
 247    138.924      130.373          28.146       35.320       134120.4          607.9    0.6811    0.3333      619.37      135.129      -63.692       14.845     0.76865     0.00000
 248    141.090      131.551          26.414       35.723       133838.9          607.8    0.6846    0.3344      619.39      136.354      -63.672       14.815     0.76706     0.00000
 249    142.640      132.467          25.611       35.738       133828.3          608.1    0.6861    0.3345      619.66      137.230      -63.669       14.700     0.76669     0.00000
 250    143.859      133.078          24.749       36.136       133502.8          608.0    0.6880    0.3348      619.56      137.920      -63.664       14.795     0.76498     0.00000
 251    143.542      132.847          23.650       36.304       133513.4          608.2    0.6893    0.3341      619.75      137.741      -63.823       14.869     0.76478     0.00000
 252    146.127      134.385          23.555       36.251       133176.1          608.1    0.6903    0.3357      619.78      139.202      -63.679       14.667     0.76297     0.00000
 253    145.998      134.263          23.944       36.428       133059.9          608.2    0.6893    0.3340      619.79      139.130      -63.750       14.746     0.76221     0.00000
 254    146.891      134.725          23.581       36.643       132879.2          608.2    0.6902    0.3348      619.89      139.635      -63.748       14.776     0.76116     0.00000
 255    149.217      136.036          24.018       36.863       132517.5          608.0    0.6902    0.3360      619.79      140.950      -63.633       14.705     0.75936     0.00000
 256    149.146      136.013          25.131       36.793       132337.3          607.9    0.6880    0.3341      619.60      140.910      -63.654       14.681     0.75845     0.00000
 257    150.308      136.677          25.387       36.850       132129.2          607.8    0.6881    0.3349      619.61      141.567      -63.619       14.636     0.75738     0.00000
 258    152.011      137.708          27.139       36.746       131736.7          607.5    0.6857    0.3348      619.33      142.531      -63.474       14.498     0.75551     0.00000
 259    148.818      135.981          29.412       36.208       131809.4          607.7    0.6800    0.3297      619.19      140.725      -63.635       14.484     0.75569     0.00000
 260    147.727      135.327          29.028       36.247       131647.4          607.5    0.6807    0.3300      619.12      140.108      -63.757       14.574     0.75492     0.00000
 261    152.902      138.217          29.438       36.778       130990.2          606.9    0.6826    0.3364      619.01      143.035      -63.404       14.480     0.75187     0.00000
 262    156.974      140.546          32.829       36.986       130357.9          606.5    0.6787    0.3398      618.85      145.337      -62.955       14.340     0.74877     0.00000
 263    158.346      141.336          36.312       37.030       130144.0          606.6    0.6731    0.3405      619.02      146.114      -62.681       14.295     0.74740     0.00000
 264    158.700      141.501          39.037       37.195       129778.5          606.5    0.6685    0.3403      618.92      146.313      -62.529       14.340     0.74542     0.00000
 265    159.094      141.815          42.176       36.873       129622.1          606.5    0.6632    0.3410      619.03      146.536      -62.324       14.206     0.74443     0.00000
 266    161.546      143.217          45.791       36.995       129078.8          606.2    0.6585    0.3443      618.89      147.923      -61.904       14.125     0.74174     0.00000
 267    161.705      143.278          50.078       37.125       128699.6          605.8    0.6513    0.3454      618.62      148.013      -61.621       14.160     0.73997     0.00000
 268    161.763      143.431          55.123       36.664       128359.6          605.4    0.6429    0.3474      618.32      148.046      -61.261       13.981     0.73854     0.00000
 269    161.554      143.329          60.732       36.588       127747.9          604.6    0.6338    0.3499      617.76      147.928      -60.877       13.962     0.73593     0.00000
 270    160.357      142.733          67.026       36.190       127271.0          604.2    0.6229    0.3524      617.58      147.251      -60.507       13.869     0.73361     0.00000
 271    159.124      142.138          73.660       35.696       126608.1          603.9    0.6117    0.3557      617.60      146.553      -60.091       13.747     0.73008     0.00000
 272    157.410      141.263          80.706       35.198       125915.2          603.7    0.5995    0.3596      617.66      145.584      -59.670       13.650     0.72634     0.00000
 273    155.432      140.286          88.238       34.491       125043.4          602.8    0.5867    0.3648      617.25      144.465      -59.183       13.485     0.72221     0.00000
 274    152.319      138.665          96.395       33.701       124166.9          601.6    0.5727    0.3703      616.47      142.705      -58.691       13.350     0.71857     0.00000
 275    149.003      136.970         105.080       32.727       123316.2          600.1    0.5577    0.3773      615.59      140.829      -58.107       13.154     0.71537     0.00000
 276    145.683      135.262         114.073       31.785       122160.2          598.3    0.5426    0.3861      614.54      138.952      -57.430       12.969     0.71074     0.00000
 277    141.831      133.289         123.555       30.643       121070.9          597.1    0.5261    0.3958      614.16      136.773      -56.670       12.721     0.70573     0.00000
 278    137.357      130.960         133.137       29.474       119993.1          596.0    0.5087    0.4061      613.95      134.243      -55.861       12.489     0.70062     0.00000
 279    132.947      128.655         142.594       28.347       118957.5          595.0    0.4912    0.4172      613.89      131.749      -54.982       12.254     0.69563     0.00000
 280    127.937      125.999         151.883       27.223       117659.7          593.7    0.4737    0.4282      613.54      128.915      -54.062       12.052     0.68942     0.00000
 281    121.198      122.336         161.064       26.114       116388.8          592.3    0.4546    0.4383      612.97      125.103      -53.184       11.930     0.68348     0.00000
 282    113.729      118.333         170.162       24.613       115194.4          590.9    0.4344    0.4484      612.33      120.879      -52.223       11.664     0.67805     0.00000
 283    106.269      114.361         179.034       22.967       113807.6          588.9    0.4145    0.4591      611.15      116.660      -51.095       11.314     0.67218     0.00000
 284     98.963      110.440         187.480       21.483       112261.9          586.7    0.3951    0.4700      609.80      112.528      -49.871       10.990     0.66557     0.00000
 285     92.288      106.872         195.511       20.024       110661.3          584.3    0.3766    0.4814      608.26      108.752      -48.540       10.598     0.65884     0.00000
 286     87.901      104.535         202.863       19.016       109056.8          581.5    0.3609    0.4938      606.49      106.271      -47.019       10.286     0.65235     0.00000
 287     84.581      102.752         209.505       18.333       107350.1          578.3    0.3473    0.5059      604.18      104.394      -45.486       10.082     0.64565     0.00000
 288     81.914      101.356         215.068       17.583       105710.5          575.1    0.3358    0.5166      601.76      102.886      -44.095        9.800     0.63924     0.00000
 289     79.177       99.905         219.277       16.901       104139.1          572.6    0.3261    0.5246      599.72      101.338      -43.086        9.546     0.63254     0.00000
 290     75.306       97.830         222.509       16.044       102773.4          570.7    0.3171    0.5298      598.14       99.148      -42.554        9.239     0.62639     0.00000
 291     70.699       95.358         224.844       15.008       101547.9          569.0    0.3094    0.5330      596.68       96.543      -42.556        8.843     0.62079     0.00000
 292     65.650       92.607         226.322       14.119       100444.0          567.5    0.3034    0.5345      595.16       93.687      -43.176        8.528     0.61581     0.00000
 293     60.502       89.808         227.197       13.151        99427.3          566.0    0.2992    0.5349      593.67       90.776      -44.222        8.135     0.61126     0.00000
 294     55.579       87.132         227.379       12.183        98536.0          564.7    0.2971    0.5341      592.32       87.991      -45.625        7.697     0.60727     0.00000
 295     50.660       84.432         227.067       11.396        97769.2          563.6    0.2966    0.5323      591.13       85.209      -47.353        7.369     0.60384     0.00000
 296     46.303       82.047         226.422       10.639        97199.3          562.8    0.2976    0.5299      590.25       82.745      -49.121        7.043     0.60129     0.00000
 297     42.838       80.155         225.533        9.998        96671.6          562.2    0.2999    0.5274      589.52       80.785      -50.778        6.799     0.59887     0.00000
 298     40.065       78.634         224.991        9.530        96279.8          561.8    0.3023    0.5256      589.17       79.217      -52.144        6.668     0.59697     0.00000
 299     38.823       77.985         224.297        9.060        95942.6          561.4    0.3054    0.5243      588.83       78.514      -53.202        6.481     0.59538     0.00000
 300     38.194       77.671         223.052        8.672        95795.7          561.2    0.3086    0.5219      588.47       78.159      -54.068        6.375     0.59473     0.00000
 301     37.193       77.143         221.856        8.288        95824.0          561.4    0.3102    0.5189      588.35       77.592      -54.708        6.237     0.59478     0.00000
 302     36.540       76.822         220.760        7.816        95890.3          561.7    0.3113    0.5159      588.31       77.223      -55.102        5.919     0.59497     0.00000
 303     36.113       76.616         219.421        7.449        96023.5          562.0    0.3121    0.5125      588.27       76.982      -55.403        5.714     0.59547     0.00000
 304     34.643       75.819         217.781        7.049        96215.9          562.5    0.3122    0.5077      588.25       76.151      -55.821        5.492     0.59617     0.00000
 305     33.697       75.325         215.941        6.565        96539.9          563.2    0.3126    0.5027      588.40       75.615      -56.196        5.186     0.59745     0.00000
 306     31.840       74.303         214.078        6.195        96796.2          563.8    0.3124    0.4971      588.37       74.565      -56.677        4.997     0.59844     0.00000
 307     30.473       73.546         213.294        5.970        97247.7          564.6    0.3103    0.4938      588.69       73.792      -56.978        4.823     0.60040     0.00000
 308     27.020       71.650         211.892        5.137        97539.9          565.1    0.3082    0.4886      588.65       71.839      -57.678        4.245     0.60155     0.00000
 309     22.532       69.170         209.105        4.141        98238.4          566.2    0.3100    0.4798      589.07       69.301      -58.332        3.429     0.60458     0.00000
 310     18.312       66.790         203.630        3.915        98658.0          566.9    0.3191    0.4664      588.91       66.914      -59.187        3.223     0.60640     0.00000
 311     16.146       65.554         200.703        4.154        99133.8          567.6    0.3246    0.4586      589.25       65.689      -59.415        3.685     0.60851     0.00000
 312     24.439       70.238         204.481        4.385        99106.8          567.7    0.3207    0.4695      590.00       70.379      -57.610        3.647     0.60829     0.00000
 313     33.327       75.270         210.048        4.470        98496.5          566.9    0.3145    0.4844      590.25       75.406      -55.511        3.455     0.60543     0.00000
 314     39.580       78.816         214.994        4.437        98126.9          566.5    0.3088    0.4967      590.74       78.943      -53.761        3.264     0.60361     0.00000
 315     46.391       82.677         219.458        4.386        97570.9          565.8    0.3051    0.5086      590.94       82.794      -51.893        3.084     0.60102     0.00000
 316     51.770       85.726         223.920        4.335        97078.2          565.2    0.3009    0.5197      591.25       85.837      -50.138        2.938     0.59866     0.00000
 317     58.101       89.320         227.847        4.144        96568.4          564.7    0.2987    0.5302      591.57       89.418      -48.262        2.691     0.59618     0.00000
 318     63.483       92.367         230.999        4.159        95975.6          563.9    0.2976    0.5388      591.60       92.461      -46.686        2.615     0.59331     0.00000
 319     69.163       95.615         233.692        3.335        95553.7          563.3    0.2976    0.5468      591.67       95.674      -45.131        1.990     0.59141     0.00000
 320     75.904       99.368         236.084        4.796        94999.1          562.8    0.2993    0.5546      591.90       99.486      -43.415        2.842     0.58850     0.00000
 321     80.837      102.268         237.264        1.237        94634.8          562.2    0.3014    0.5594      591.71      102.277      -42.306        0.663     0.58690     0.00000
 322     89.773      107.128         238.605        6.536        94331.6          562.7    0.3073    0.5661      592.90      107.331      -40.528        3.541     0.58452     0.00000
 323     98.945      112.457         252.599        3.712        94197.5          552.7    0.2977    0.6014      585.96      112.518      -34.728        1.889     0.59386     0.00000
 324     97.068      111.256         257.260       -6.677        93924.4          552.9    0.2901    0.6096      587.16      111.456      -33.343       -3.428     0.59185     0.00000
 325     57.120       88.741         257.385        4.619        95393.5          556.6    0.2503    0.5907      588.95       88.862      -39.548        3.013     0.59718     0.00000
 326     60.442       90.740         252.600        0.476        95394.9          558.6    0.2601    0.5813      590.04       90.742      -40.714        0.289     0.59506     0.00000
 327     62.066       91.642         250.034        1.730        95149.2          559.6    0.2655    0.5763      590.59       91.660      -41.315        1.097     0.59246     0.00000
 328     64.047       92.770         248.915        1.348        95234.8          560.5    0.2693    0.5745      591.43       92.780      -41.324        0.839     0.59199     0.00000
 329     67.092       94.497         248.807        0.959        94996.6          560.8    0.2728    0.5756      591.89       94.503      -40.800        0.590     0.59019     0.00000
 330     69.286       95.736         249.285        1.188        94968.0          561.3    0.2748    0.5775      592.63       95.744      -40.221        0.727     0.58952     0.00000
 331     72.316       97.452         250.107        0.897        94820.6          561.5    0.2773    0.5805      593.27       97.457      -39.389        0.541     0.58834     0.00000
 332     74.953       98.943         251.218        0.932        94722.8          561.8    0.2793    0.5840      594.00       98.949      -38.525        0.562     0.58743     0.00000
 333     77.910      100.617         252.528        0.830        94589.4          562.0    0.2815    0.5881      594.71      100.621      -37.544        0.498     0.58641     0.00000
 334     80.704      102.197         254.041        0.777        94452.6          562.1    0.2835    0.5926      595.42      102.201      -36.522        0.471     0.58541     0.00000
 335     83.675      103.877         255.757        0.687        94296.3          562.2    0.2857    0.5977      596.16      103.882      -35.405        0.424     0.58434     0.00000
 336     86.940      105.724         257.583        0.706        94124.0          562.3    0.2884    0.6032      596.91      105.728      -34.224        0.436     0.58322     0.00000
 337     90.291      107.617         259.491        0.800        93933.6          562.2    0.2914    0.6089      597.65      107.623      -33.025        0.491     0.58205     0.00000
 338     94.116      109.779         261.626        0.903        93738.7          562.2    0.2950    0.6153      598.43      109.786      -31.727        0.545     0.58090     0.00000
 339     98.263      112.122         263.877        0.955        93495.2          562.0    0.2992    0.6222      599.16      112.132      -30.400        0.576     0.57958     0.00000
 340    102.769      114.669         266.355        1.003        93256.0          561.8    0.3040    0.6297      600.01      114.681      -29.025        0.607     0.57825     0.00000
 341    107.674      117.438         268.763        1.082        92941.3          561.4    0.3095    0.6375      600.65      117.455      -27.730        0.648     0.57671     0.00000
 342    113.368      120.643         271.706        1.478        92645.2          561.2    0.3164    0.6466      601.68      120.675      -26.293        0.822     0.57513     0.00000
 343    118.726      123.632         273.962        2.409        92206.6          560.5    0.3229    0.6544      602.10      123.705      -25.211        1.189     0.57307     0.00000
 344    123.925      126.566         275.228        1.560        92012.6          559.9    0.3292    0.6603      602.24      126.646      -24.565        0.830     0.57250     0.00000
 345    130.412      130.091         277.634       -0.104        91726.6          559.3    0.3378    0.6691      602.93      130.315      -23.573        0.208     0.57129     0.00000
 346    135.306      132.887         280.902       -1.180        91239.2          558.3    0.3455    0.6790      603.46      133.083      -22.426       -0.178     0.56919     0.00000
 347    140.014      135.518         284.339       -2.115        90898.1          557.6    0.3536    0.6890      604.24      135.745      -21.288       -0.519     0.56782     0.00000
 348    145.206      138.258         287.874       -3.685        90509.5          556.8    0.3625    0.6996      605.10      138.682      -20.224       -1.002     0.56620     0.00000
 349    150.154      140.779         291.182       -5.552        90115.1          555.9    0.3713    0.7096      605.87      141.480      -19.330       -1.528     0.56455     0.00000
 350    155.117      143.366         294.462       -7.057        89670.4          555.0    0.3803    0.7197      606.61      144.287      -18.466       -1.917     0.56264     0.00000
 351    160.265      146.182         297.496       -8.055        89207.0          554.0    0.3894    0.7295      607.22      147.199      -17.710       -2.135     0.56067     0.00000
 352    165.461      149.014         300.429       -9.077        88722.9          553.0    0.3989    0.7391      607.87      150.137      -16.983       -2.348     0.55852     0.00000
 353    171.294      152.131         303.172      -10.312        88192.9          552.0    0.4090    0.7488      608.46      153.437      -16.349       -2.580     0.55616     0.00000
 354    176.890      155.067         305.774      -11.697        87666.5          551.0    0.4189    0.7581      609.05      156.602      -15.753       -2.844     0.55375     0.00000
 355    182.663      158.039         308.460      -13.376        87118.7          549.9    0.4293    0.7679      609.55      159.866      -15.183       -3.153     0.55137     0.00000
 356    188.735      161.212         311.165      -15.013        86493.0          548.7    0.4403    0.7781      610.13      163.301      -14.639       -3.433     0.54847     0.00000
 357    195.143      164.568         314.070      -16.646        85843.8          547.3    0.4522    0.7890      610.70      166.925      -14.100       -3.696     0.54556     0.00000
 358    201.643      167.878         316.767      -18.581        85127.9          545.9    0.4643    0.7998      611.26      170.601      -13.646       -3.992     0.54219     0.00000
 359    207.088      170.635         319.935      -20.412        84467.4          544.5    0.4759    0.8109      611.90      173.681      -13.096       -4.305     0.53917     0.00000
 360    215.318      174.915         323.184      -22.527        83619.6          542.8    0.4909    0.8244      612.66      178.335      -12.538       -4.606     0.53516     0.00000
 361    222.090      178.249         327.039      -24.637        82650.6          541.0    0.5054    0.8386      613.45      182.165      -11.979       -4.818     0.53040     0.00000
 362    227.238      180.817         330.973      -26.439        81927.5          539.5    0.5181    0.8515      614.48      185.077      -11.376       -5.093     0.52686     0.00000
 363    233.364      183.798         335.972      -28.458        81014.9          537.1    0.5340    0.8684      615.27      188.541      -10.538       -5.394     0.52281     0.00000
 364    241.184      188.313         338.950      -29.064        80036.9          535.5    0.5489    0.8817      616.32      192.964      -10.234       -5.327     0.51752     0.00000
 365    248.961      192.691         347.546      -29.889        79132.7          532.2    0.5731    0.9092      618.78      197.363       -9.174       -5.379     0.51373     0.00000
 366    245.680      190.887         350.248      -29.423        78773.3          530.9    0.5768    0.9151      618.02      195.507       -8.340       -5.515     0.51264     0.00000
 367    252.851      195.461         345.909      -28.380        78211.1          534.7    0.5740    0.9039      620.28      199.563       -8.599       -5.282     0.50682     0.00000
 368    263.047      201.491         358.841      -27.725        77403.6          527.3    0.6134    0.9514      621.87      205.329       -7.281       -4.934     0.50585     0.00000
 369    257.518      198.662         368.564      -26.591        76864.0          518.6    0.6350    0.9883      617.36      202.202       -5.367       -4.882     0.50998     0.00000
 370    258.726      199.786         367.261      -24.349        76052.4          516.4    0.6315    0.9851      614.47      202.886       -4.945       -4.833     0.50723     0.00000
 371    266.939      204.469         353.752      -23.427        75653.2          520.5    0.6140    0.9487      612.44      207.530       -6.784       -4.509     0.50119     0.00000
 372    293.483      219.582         359.547      -24.283        73969.9          513.4    0.6680    0.9991      613.17      222.543       -6.943       -4.191     0.49318     0.00000
 373    300.046      223.272         371.928      -24.681        72972.5          507.3    0.6978    1.0379      614.29      226.255       -5.481       -4.202     0.49113     0.00000
 374    294.854      220.247         374.998      -24.986        72390.1          498.8    0.7122    1.0650      605.67      223.318       -4.263       -4.541     0.49484     0.00000
 375    292.428      218.858         374.566      -25.568        71656.6          494.4    0.7085    1.0666      599.85      221.947       -3.429       -4.966     0.49584     0.00000
 376    295.713      220.729         372.729      -26.193        70799.3          491.6    0.7057    1.0633      596.22      223.804       -3.060       -5.254     0.49281     0.00000
 377    306.003      226.579         370.328      -26.346        69785.8          488.5    0.7184    1.0703      593.81      229.624       -3.362       -5.275     0.48678     0.00000
 378    318.239      233.470         371.218      -27.461        68936.5          487.1    0.7367    1.0811      595.24      236.545       -3.601       -5.378     0.48009     0.00000
 379    330.713      240.494         367.607      -29.200        68353.1          490.2    0.7450    1.0739      599.28      243.599       -4.417       -5.433     0.47292     0.00000
 380    342.680      247.229         362.946      -30.224        67772.9          491.7    0.7595    1.0733      601.29      250.367       -5.359       -5.274     0.46739     0.00000
 381    351.874      252.513         360.324      -30.289        66934.4          490.5    0.7733    1.0756      600.67      255.567       -5.824       -5.168     0.46223     0.00000
 382    364.307      259.665         356.156      -29.617        66071.9          489.5    0.7893    1.0785      600.29      262.599       -6.514       -4.992     0.45669     0.00000
 383    371.416      263.867         350.449      -27.115        65290.6          486.7    0.7998    1.0796      596.01      266.620       -7.156       -4.620     0.45234     0.00000
 384    375.967      266.398         343.489      -24.431        64673.5          484.3    0.8051    1.0758      591.23      269.194       -7.799       -4.240     0.44881     0.00000
 385    378.220      267.593         338.045      -22.103        64193.8          482.7    0.8092    1.0715      587.97      270.468       -8.363       -3.881     0.44645     0.00000
 386    380.920      268.972         333.018      -19.877        63667.6          480.7    0.8145    1.0702      584.11      271.995       -8.866       -3.482     0.44431     0.00000
 387    388.073      273.214         329.397      -18.449        63000.1          478.2    0.8274    1.0761      581.49      276.041       -9.416       -3.187     0.44136     0.00000
 388    395.003      277.273         325.408      -17.996        62492.5          476.1    0.8398    1.0802      579.52      279.960      -10.037       -3.069     0.43945     0.00000
 389    399.858      280.331         316.059      -17.431        62001.6          475.4    0.8411    1.0668      575.95      282.706      -11.168       -2.931     0.43736     0.00000
 390    405.056      283.425         307.886      -17.462        61476.7          474.5    0.8468    1.0575      573.33      285.646      -12.323       -2.932     0.43489     0.00000
 391    407.106      284.124         303.419      -18.843        60876.9          472.2    0.8579    1.0617      570.13      286.805      -12.912       -3.120     0.43226     0.00000
 392    404.565      282.695         295.889      -21.505        60440.5          472.2    0.8522    1.0446      567.15      285.368      -13.784       -3.310     0.43017     0.00000
 393    404.172      282.495         280.875      -29.256        60674.0          480.2    0.8195    0.9830      569.22      285.146      -15.580       -4.227     0.42917     0.00000
 394    418.715      289.687         269.127      -35.464        60400.8          484.1    0.8285    0.9669      572.29      293.371      -17.206       -4.730     0.42595     0.00000
 395    431.127      297.726         264.170      -31.098        60222.4          483.6    0.8477    0.9718      573.31      300.391      -17.978       -4.077     0.42635     0.00000
 396    430.263      298.052         257.200      -25.800        60929.0          485.5    0.8417    0.9525      572.04      299.902      -18.728       -3.560     0.43245     0.00000
 397    431.446      299.019         249.202      -23.444        61201.2          485.9    0.8428    0.9388      569.98      300.571      -19.664       -3.301     0.43536     0.00000
 398    431.741      299.399         241.058      -21.273        61254.8          485.6    0.8452    0.9264      567.32      300.738      -20.682       -3.052     0.43670     0.00000
 399    430.101      298.644         232.627      -19.376        61545.9          486.0    0.8444    0.9113      564.78      299.811      -21.650       -2.845     0.43918     0.00000
 400    428.157      297.699         224.125      -17.565        61608.4          485.9    0.8443    0.8969      561.96      298.711      -22.687       -2.594     0.44016     0.00000
 401    427.028      297.165         215.932      -16.338        61619.0          485.7    0.8454    0.8841      559.47      298.072      -23.700       -2.428     0.44059     0.00000
 402    425.204      296.243         207.944      -15.079        61535.9          485.4    0.8459    0.8711      556.70      297.041      -24.705       -2.272     0.44055     0.00000
 403    422.704      294.958         200.011      -13.533        61621.4          485.4    0.8454    0.8571      554.22      295.627      -25.736       -2.078     0.44141     0.00000
 404    422.047      294.688         192.423      -12.119        61362.0          484.8    0.8483    0.8466      551.59      295.256      -26.732       -1.882     0.44030     0.00000
 405    417.816      292.387         184.835      -10.602        61427.2          484.7    0.8466    0.8318      548.97      292.862      -27.835       -1.688     0.44104     0.00000
 406    414.531      290.606         177.329       -9.300        61456.0          484.6    0.8461    0.8181      546.55      291.004      -28.886       -1.540     0.44151     0.00000
 407    413.258      289.947         169.883       -7.894        61122.0          483.9    0.8494    0.8078      544.00      290.284      -29.915       -1.328     0.43987     0.00000
 408    408.427      287.276         162.347       -6.306        61096.5          483.7    0.8484    0.7929      541.43      287.552      -31.050       -1.103     0.43997     0.00000
 409    404.811      285.267         154.487       -5.073        61040.9          483.6    0.8492    0.7790      539.09      285.507      -32.182       -0.941     0.43979     0.00000
 410    402.906      284.200         147.223       -3.980        60615.8          482.8    0.8530    0.7687      536.61      284.430      -33.207       -0.769     0.43749     0.00000
 411    396.683      280.687         140.282       -2.945        60673.8          483.0    0.8508    0.7532      534.44      280.910      -34.325       -0.613     0.43783     0.00000
 412    392.542      278.362         133.520       -1.656        60566.5          482.8    0.8515    0.7406      532.31      278.568      -35.337       -0.409     0.43729     0.00000
 413    389.203      276.507         127.200       -0.241        60266.2          482.3    0.8534    0.7301      530.10      276.680      -36.261       -0.171     0.43566     0.00000
 414    386.842      275.185         120.402        1.675        59838.7          481.8    0.8571    0.7203      528.08      275.344      -37.217        0.206     0.43301     0.00000
 415    374.442      268.112         112.529        4.916        59798.9          482.2    0.8512    0.6969      525.44      268.331      -38.814        0.904     0.43234     0.00000
 416    354.495      256.793         104.746        6.345        60568.9          484.1    0.8368    0.6634      523.36      257.050      -40.806        1.282     0.43620     0.00000
 417    340.204      248.802          98.592        5.275        60956.8          485.1    0.8277    0.6389      521.40      248.967      -42.368        1.109     0.43814     0.00000
 418    329.423      242.777          93.888        3.930        61192.6          485.7    0.8207    0.6204      519.85      242.870      -43.551        0.825     0.43925     0.00000
 419    322.016      238.618          88.931        3.041        61010.9          485.7    0.8182    0.6064      518.13      238.681      -44.579        0.639     0.43791     0.00000
 420    312.277      233.114          84.619        3.082        61006.6          486.2    0.8131    0.5898      516.71      233.172      -45.719        0.684     0.43748     0.00000
 421    302.020      227.318          80.910        2.942        61284.6          487.2    0.8065    0.5731      515.90      227.371      -46.816        0.673     0.43859     0.00000
 422    291.188      221.199          78.181        2.271        61520.8          488.3    0.7983    0.5562      515.28      221.245      -47.894        0.557     0.43932     0.00000
 423    276.238      212.753          75.917        0.958        61980.5          489.7    0.7854    0.5342      514.51      212.790      -49.263        0.222     0.44130     0.00000
 424    253.168      199.710          74.965        1.081        62878.9          490.9    0.7712    0.5119      514.08      199.742      -50.330        0.320     0.44670     0.00000
 425    244.335      194.723          75.101        2.166        63718.4          493.1    0.7503    0.4941      513.88      194.746      -51.575        0.672     0.45071     0.00000
 426    245.648      195.485          73.105        1.086        63413.4          492.6    0.7519    0.4935      513.05      195.489      -51.979        0.321     0.44895     0.00000
 427    244.133      194.631          68.953        0.381        62857.1          491.6    0.7576    0.4885      511.49      194.632      -52.752        0.112     0.44588     0.00000
 428    239.744      192.147          65.119        0.914        62717.7          491.0    0.7610    0.4797      510.03      192.150      -53.634        0.274     0.44548     0.00000
 429    236.595      190.368          61.951        0.592        62659.1          490.4    0.7640    0.4726      508.85      190.369      -54.349        0.172     0.44553     0.00000
 430    234.195      189.011          59.318        0.398        62484.7          489.7    0.7669    0.4668      507.57      189.011      -54.931        0.118     0.44496     0.00000
 431    231.377      187.417          57.199        0.100        62422.5          489.3    0.7686    0.4612      506.67      187.418      -55.438        0.027     0.44491     0.00000
 432    227.360      185.146          56.364       -0.201        62349.4          489.3    0.7668    0.4551      506.27      185.146      -55.893       -0.065     0.44433     0.00000
 433    223.015      182.687          55.212       -0.506        62382.3          489.7    0.7652    0.4484      506.17      182.688      -56.413       -0.157     0.44423     0.00000
 434    220.965      181.527          55.857       -0.100        62115.2          489.7    0.7625    0.4471      506.07      181.529      -56.593       -0.058     0.44231     0.00000
