
OVERALL TURBINE PERFORMANCE
============================================================
Blade-jet speed ratio     0.3965
Pitchline loading         2.7099
Total-Total PR            5.0265
Total-Static PR           5.5864
Energy Extraction           342.3371
Corrected Speed           32.5765
Flow function           0.9440

STAGE PERFORMANCE
====================================================================================================
Stage  Location     Alpha1    Alpha2     Beta2     Beta3    Alpha3      Phi       Psi    Reaction
    1       Hub      -2.16      78.08      68.94     -76.15     -40.86    0.3337    1.8782      0.3418
    1      Mean      -3.64      72.54      51.08     -64.31     -17.72    0.6973    1.5795      0.4162
    1       Tip      -5.12      80.10       2.55     -49.32      16.49    0.4884    0.9920      0.4572
    2       Hub     -61.59      73.68       1.83     -67.81     -14.27    0.4511    1.5417      0.3747
    2      Mean     -27.45      64.62      -6.70     -59.55       3.50    0.7021    1.1862      0.4233
    2       Tip      17.03      70.70     -48.29     -54.35      17.69    0.6753    0.8694      0.4861


Span station K = 19

  J       %dVm        Vx(m/s)      Vtheta(m/s)    Vr(m/s)       Pstat(Pa)       Tstat(K)    Mrel      Mabs        T0(K)       Vm(m/s)     Swirl(deg)   Pitch(deg)  Density(kg/m3)     mdot(kg/s)
--------------------------------------------------------------------------------------------------------------------------------------------
   1      2.781       58.130           0.000        0.002       341859.8          707.5    0.5849    0.1117      709.00       58.130      -78.989        0.002     1.68354    12.29566
   2      1.348       57.319          -0.546        0.022       341877.8          707.5    0.5857    0.1102      708.97       57.319      -79.157        0.017     1.68361    12.12156
   3      1.018       57.133          -1.154        0.056       341859.7          707.5    0.5868    0.1099      708.96       57.133      -79.212        0.045     1.68355    12.12770
   4      0.486       56.832          -1.753        0.090       341889.2          707.5    0.5878    0.1095      708.96       56.832      -79.288        0.074     1.68366    12.13214
   5     -0.225       56.429          -2.450        0.122       341907.9          707.5    0.5890    0.1089      708.96       56.430      -79.384        0.100     1.68374    12.13329
   6     -1.086       55.942          -3.315        0.153       341930.8          707.6    0.5905    0.1083      708.96       55.943      -79.501        0.123     1.68383    12.13520
   7     -1.964       55.445          -4.330        0.180       341933.3          707.6    0.5924    0.1078      708.96       55.446      -79.623        0.143     1.68384    12.13423
   8     -2.899       54.916          -5.411        0.206       341936.1          707.6    0.5943    0.1075      708.96       54.918      -79.752        0.159     1.68385    12.13755
   9     -3.828       54.390          -6.487        0.230       341928.3          707.5    0.5963    0.1072      708.95       54.392      -79.879        0.173     1.68383    12.13629
  10     -4.918       53.773          -7.556        0.256       341919.3          707.5    0.5982    0.1069      708.96       53.776      -80.021        0.189     1.68380    12.14186
  11     -6.050       53.132          -8.683        0.282       341915.7          707.5    0.6003    0.1068      708.97       53.136      -80.167        0.205     1.68379    12.14117
  12     -7.310       52.419          -9.931        0.311       341866.9          707.5    0.6026    0.1068      708.96       52.423      -80.327        0.226     1.68361    12.14522
  13     -8.473       51.761         -11.276        0.338       341831.3          707.5    0.6051    0.1073      708.97       51.765      -80.478        0.243     1.68348    12.14407
  14     -9.722       51.053         -12.643        0.362       341753.7          707.4    0.6077    0.1079      708.96       51.059      -80.636        0.258     1.68320    12.14806
  15    -10.879       50.398         -13.942        0.384       341696.1          707.4    0.6102    0.1087      708.97       50.404      -80.782        0.268     1.68298    12.14560
  16    -12.140       49.685         -15.218        0.404       341588.2          707.4    0.6126    0.1096      708.96       49.691      -80.936        0.278     1.68258    12.15056
  17    -13.288       49.035         -16.524        0.423       341502.4          707.3    0.6152    0.1109      708.97       49.042      -81.077        0.282     1.68227    12.14899
  18    -14.513       48.341         -17.959        0.440       341366.5          707.2    0.6180    0.1126      708.97       48.349      -81.225        0.287     1.68177    12.15641
  19    -15.637       47.704         -19.393        0.456       341254.9          707.2    0.6208    0.1146      708.98       47.713      -81.361        0.281     1.68136    12.15501
  20    -16.828       47.030         -20.801        0.470       341099.5          707.1    0.6236    0.1167      708.98       47.040      -81.502        0.281     1.68078    12.16215
  21    -17.879       46.435         -22.021        0.480       340962.2          707.0    0.6261    0.1188      708.99       46.445      -81.624        0.260     1.68028    12.15860
  22    -18.985       45.809         -23.259        0.486       340781.6          706.9    0.6286    0.1210      708.99       45.820      -81.751        0.225     1.67959    12.16711
  23    -19.900       45.291         -24.440        0.490       340621.4          706.8    0.6310    0.1235      708.98       45.303      -81.855        0.119     1.67904    12.16630
  24    -20.882       44.734         -25.582        0.496       340405.3          706.8    0.6334    0.1260      708.98       44.747      -81.965       -0.129     1.67817    12.18051
  25    -21.759       44.053         -28.015        0.452       340228.6          706.6    0.6383    0.1309      709.01       44.251      -82.068       -1.806     1.67770    12.19223
  26    -20.565       43.535         -21.173        0.401       339915.3          706.8    0.6252    0.1191      708.93       44.926      -81.934       -2.004     1.67565    12.23008
  27    -19.579       44.573         -12.590        0.429       340207.9          707.0    0.6089    0.1108      709.05       45.484      -81.755       -2.229     1.67658    12.18199
  28    -14.951       47.900         -11.501        0.479       340308.3          707.0    0.6075    0.1128      709.15       48.101      -81.318       -0.692     1.67714    12.17121
  29     -9.705       51.042         -12.790        0.519       339903.8          706.7    0.6108    0.1205      709.10       51.068      -80.822       -0.383     1.67570    12.16183
  30     -4.599       53.933         -12.958        0.548       339664.1          706.6    0.6120    0.1270      709.12       53.956      -80.337       -0.450     1.67489    12.16838
  31     -1.052       55.938         -12.618        0.575       339327.0          706.4    0.6121    0.1315      709.06       55.962      -80.000       -0.379     1.67371    12.16403
  32      2.402       57.890         -12.707        0.605       339121.4          706.3    0.6130    0.1359      709.10       57.916      -79.680       -0.357     1.67299    12.16857
  33      6.373       60.135         -12.757        0.636       338610.9          706.0    0.6141    0.1407      709.02       60.162      -79.328       -0.376     1.67113    12.16262
  34     10.903       62.695         -13.003        0.671       338275.8          705.8    0.6158    0.1464      709.09       62.723      -78.932       -0.394     1.66989    12.16671
  35     17.736       66.561         -12.643        0.698       337660.6          705.5    0.6168    0.1527      709.07       66.588      -78.336       -0.483     1.66760    12.16309
  36     22.521       69.267         -11.219        0.703       337287.1          705.3    0.6154    0.1564      709.05       69.294      -77.884       -0.527     1.66619    12.17007
  37     25.944       71.202         -10.023        0.709       337028.0          705.1    0.6143    0.1596      709.06       71.230      -77.551       -0.546     1.66525    12.16740
  38     30.326       73.679          -9.465        0.724       336564.5          704.9    0.6147    0.1647      709.07       73.709      -77.158       -0.571     1.66353    12.17154
  39     36.546       77.197          -8.440        0.732       335932.1          704.6    0.6149    0.1706      709.09       77.226      -76.609       -0.623     1.66113    12.16760
  40     41.983       80.272          -6.428        0.719       335401.1          704.3    0.6132    0.1749      709.06       80.302      -76.081       -0.670     1.65910    12.17212
  41     45.545       82.286          -4.511        0.703       335084.3          704.1    0.6111    0.1780      709.05       82.316      -75.697       -0.700     1.65795    12.17060
  42     50.570       85.127          -3.371        0.697       334550.1          703.8    0.6111    0.1836      709.08       85.158      -75.229       -0.731     1.65599    12.17542
  43     57.341       88.958          -0.869        0.663       333716.0          703.4    0.6094    0.1897      709.09       88.988      -74.573       -0.790     1.65272    12.17427
  44     61.002       91.029           2.165        0.604       333271.0          703.2    0.6056    0.1927      709.00       91.058      -74.104       -0.834     1.65106    12.17854
  45     65.758       93.718           3.821        0.579       332975.2          702.9    0.6049    0.1981      709.09       93.748      -73.626       -0.878     1.65019    12.17692
  46     72.454       97.504           6.688        0.527       331794.4          702.3    0.6033    0.2049      709.00       97.535      -72.935       -0.939     1.64557    12.17980
  47     77.127      100.148          10.345        0.439       331260.7          702.1    0.5993    0.2095      709.03      100.178      -72.323       -0.991     1.64350    12.18149
  48     82.768      103.338          13.771        0.356       330590.5          701.7    0.5963    0.2158      709.11      103.369      -71.646       -1.053     1.64094    12.18283
  49     87.391      105.952          17.939        0.246       329713.9          701.4    0.5918    0.2211      709.10      105.983      -70.972       -1.114     1.63730    12.18487
  50     92.082      108.604          21.767        0.142       329181.3          701.2    0.5878    0.2268      709.32      108.636      -70.299       -1.172     1.63503    12.18743
  51     97.558      111.701          26.261        0.017       328049.7          700.6    0.5837    0.2339      709.27      111.734      -69.505       -1.244     1.63058    12.18734
  52    101.897      114.154          31.128       -0.128       327309.5          700.2    0.5782    0.2399      709.24      114.187      -68.727       -1.306     1.62786    12.19145
  53    107.189      117.146          36.023       -0.273       326278.3          699.6    0.5736    0.2476      709.18      117.181      -67.862       -1.370     1.62407    12.19154
  54    112.235      119.999          41.852       -0.445       325089.2          698.9    0.5675    0.2556      709.04      120.034      -66.891       -1.428     1.61970    12.19675
  55    116.879      122.624          47.931       -0.629       323992.0          698.2    0.5610    0.2638      708.96      122.661      -65.888       -1.489     1.61570    12.19768
  56    121.795      125.403          54.514       -0.829       322647.7          697.4    0.5541    0.2730      708.88      125.441      -64.768       -1.553     1.61064    12.20186
  57    126.773      128.217          61.819       -1.045       321151.7          696.6    0.5464    0.2833      708.89      128.256      -63.520       -1.614     1.60480    12.20269
  58    131.804      131.060          69.905       -1.280       319402.3          695.7    0.5380    0.2947      708.93      131.102      -62.114       -1.672     1.59788    12.20725
  59    136.571      133.754          78.839       -1.532       317444.1          694.7    0.5286    0.3073      708.97      133.798      -60.552       -1.730     1.59009    12.20938
  60    141.230      136.387          88.613       -1.794       315233.9          693.6    0.5184    0.3213      709.04      136.433      -58.796       -1.781     1.58128    12.21532
  61    145.415      138.751          99.280       -2.068       312683.1          692.3    0.5073    0.3366      709.07      138.800      -56.846       -1.835     1.57108    12.21779
  62    149.371      140.985         110.700       -2.343       309906.6          690.9    0.4956    0.3533      709.14      141.038      -54.675       -1.889     1.56001    12.22383
  63    152.508      142.754         122.953       -2.616       306701.4          689.2    0.4831    0.3713      709.11      142.812      -52.279       -1.944     1.54721    12.22500
  64    154.940      144.124         135.740       -2.873       303292.0          687.3    0.4702    0.3904      709.07      144.187      -49.664       -1.996     1.53364    12.23216
  65    156.646      145.084         149.030       -3.098       299641.4          685.4    0.4570    0.4105      709.08      145.152      -46.827       -2.043     1.51899    12.23429
  66    157.103      145.337         162.818       -3.281       295536.3          683.2    0.4430    0.4314      708.95      145.411      -43.745       -2.072     1.50240    12.24107
  67    157.098      145.329         176.473       -3.411       291478.0          681.0    0.4295    0.4526      708.94      145.407      -40.515       -2.088     1.48597    12.24512
  68    156.692      145.094         190.248       -3.484       287101.6          678.6    0.4165    0.4745      708.88      145.178      -37.079       -2.087     1.46814    12.24987
  69    156.076      144.740         204.295       -3.497       282430.8          676.2    0.4042    0.4976      708.86      144.829      -33.392       -2.064     1.44899    12.25317
  70    155.414      144.360         218.573       -3.454       277368.7          673.4    0.3930    0.5219      708.81      144.455      -29.473       -2.019     1.42813    12.25676
  71    154.842      144.029         233.059       -3.366       272016.3          670.6    0.3831    0.5472      708.79      144.132      -25.345       -1.953     1.40599    12.25981
  72    154.691      143.937         247.740       -3.250       266316.5          667.5    0.3748    0.5737      708.78      144.046      -21.019       -1.869     1.38233    12.26151
  73    155.030      144.120         262.612       -3.121       260284.1          664.2    0.3686    0.6013      708.77      144.238      -16.519       -1.774     1.35720    12.26315
  74    156.089      144.712         277.526       -3.022       254061.4          660.7    0.3647    0.6299      708.85      144.837      -11.939       -1.690     1.33119    12.26383
  75    157.140      145.300         291.921       -3.050       247669.3          657.2    0.3621    0.6579      708.83      145.431       -7.484       -1.658     1.30430    12.26241
  76    157.547      145.524         304.453       -3.337       241570.6          653.9    0.3594    0.6823      708.65      145.661       -3.532       -1.740     1.27845    12.26143
  77    156.292      144.800         314.161       -3.884       236527.9          651.5    0.3545    0.7003      708.44      144.952       -0.309       -1.958     1.25691    12.25962
  78    153.488      143.194         321.790       -4.445       232774.1          650.0    0.3476    0.7134      708.42      143.366        2.536       -2.209     1.24093    12.25817
  79    150.403      141.444         329.155       -4.726       229685.8          648.7    0.3409    0.7258      708.61      141.621        5.590       -2.322     1.22805    12.25394
  80    148.245      140.234         337.308       -4.665       226209.6          647.0    0.3369    0.7405      708.70      140.401        9.021       -2.253     1.21372    12.24769
  81    147.147      139.623         345.764       -4.456       222144.5          644.8    0.3362    0.7567      708.59      139.780       12.420       -2.123     1.19684    12.24180
  82    146.411      139.206         353.462       -4.316       218088.4          642.6    0.3374    0.7718      708.45      139.363       15.339       -2.070     1.17977    12.23758
  83    145.460      138.653         359.807       -4.311       214557.3          640.7    0.3391    0.7842      708.38      138.825       17.651       -2.122     1.16472    12.23354
  84    144.204      137.923         364.923       -4.368       211615.9          639.3    0.3406    0.7941      708.39      138.115       19.465       -2.225     1.15205    12.22868
  85    142.823      137.122         369.204       -4.393       209106.6          638.1    0.3421    0.8022      708.42      137.334       20.934       -2.318     1.14114    12.22426
  86    141.511      136.367         372.861       -4.348       206858.3          637.0    0.3438    0.8093      708.42      136.592       22.152       -2.368     1.13132    12.21946
  87    140.263      135.652         376.127       -4.237       204845.5          636.1    0.3457    0.8156      708.45      135.886       23.170       -2.384     1.12244    12.21627
  88    139.173      135.023         379.106       -4.103       202897.2          635.1    0.3477    0.8215      708.44      135.270       24.022       -2.400     1.11377    12.21101
  89    138.836      134.817         381.600       -3.975       201205.5          634.3    0.3503    0.8268      708.45      135.079       24.708       -2.401     1.10619    12.20888
  90    138.363      134.537         383.571       -3.880       199936.3          633.6    0.3518    0.8309      708.42      134.812       25.315       -2.369     1.10048    12.20348
  91    137.758      134.180         385.345       -3.816       199079.2          633.2    0.3525    0.8344      708.52      134.469       25.952       -2.342     1.09655    12.20179
  92    136.656      133.542         386.885       -3.792       198174.8          632.7    0.3521    0.8371      708.40      133.846       26.642       -2.330     1.09249    12.19708
  93    136.106      133.222         388.215       -3.764       197765.2          632.6    0.3519    0.8395      708.60      133.535       27.420       -2.270     1.09047    12.20118
  94    134.101      132.075         389.330       -3.775       197091.9          632.4    0.3490    0.8408      708.55      132.401       28.263       -2.274     1.08711    12.19258
  95    134.176      132.127         392.342       -3.737       197537.2          632.4    0.3466    0.8462      709.11      132.444       30.342       -2.084     1.08954    12.20111
  96    130.720      130.141         393.165       -3.888       197903.2          632.6    0.3390    0.8459      708.92      130.489       32.213       -2.164     1.09129    12.18008
  97    117.336      122.413         386.663       -4.607       199864.2          634.6    0.3215    0.8273      708.08      122.919       30.733       -2.937     1.09850    12.19809
  98    102.481      113.739         372.241       -5.519       203743.3          638.7    0.3084    0.7927      707.68      114.518       22.955       -4.159     1.11199    12.18516
  99     93.597      108.605         364.728       -5.849       208086.4          641.8    0.3046    0.7737      708.59      109.493       18.561       -4.590     1.12916    12.21870
 100    100.689      112.831         370.593       -5.180       208653.3          640.6    0.3082    0.7875      709.05      113.504       22.313       -3.337     1.13410    12.18865
 101    108.462      117.378         378.660       -4.367       205968.0          637.8    0.3124    0.8064      708.45      117.900       27.066       -2.380     1.12507    12.19771
 102    111.596      119.202         385.333       -3.801       204770.1          636.3    0.3150    0.8205      708.75      119.673       30.748       -1.977     1.12144    12.18130
 103    115.663      121.550         390.596       -3.305       203167.4          634.6    0.3211    0.8327      708.72      121.973       33.242       -1.635     1.11581    12.18298
 104    118.233      123.037         394.929       -2.853       201918.1          633.3    0.3261    0.8424      708.79      123.426       35.086       -1.388     1.11134    12.17446
 105    121.167      124.727         398.808       -2.401       200518.4          631.9    0.3321    0.8516      708.71      125.086       36.475       -1.138     1.10618    12.17861
 106    122.965      125.760         401.763       -1.991       199531.1          630.8    0.3364    0.8584      708.67      126.103       37.498       -0.943     1.10259    12.17301
 107    124.459      126.613         404.139       -1.610       198748.5          630.0    0.3402    0.8640      708.63      126.948       38.211       -0.774     1.09981    12.17545
 108    125.147      127.004         405.553       -1.267       198335.8          629.4    0.3422    0.8672      708.54      127.337       38.676       -0.641     1.09851    12.16950
 109    125.443      127.172         407.188       -0.905       198112.7          629.0    0.3443    0.8707      708.67      127.504       39.190       -0.506     1.09801    12.17269
 110    125.561      127.235         407.134       -0.611       197840.4          628.8    0.3442    0.8708      708.46      127.571       39.211       -0.403     1.09679    12.16962
 111    124.231      126.737         428.780        4.572       200108.8          621.9    0.3716    0.9167      708.90      126.819       45.595        2.065     1.12118    12.15550
 112    125.231      126.921         428.273      -10.855       200231.5          621.9    0.3716    0.9160      708.80      127.384       45.355       -4.871     1.12181    12.23809
 113     95.284      110.129         421.173       -8.338       202666.3          624.0    0.3378    0.8922      706.80      110.447       48.274       -4.295     1.13156    12.34154
 114     92.451      108.565         421.279       -7.733       202984.1          624.2    0.3361    0.8917      706.98      108.845       48.771       -4.017     1.13288    12.35487
 115     89.424      106.884         421.563       -7.190       202763.3          624.1    0.3348    0.8917      706.86      107.133       49.352       -3.769     1.13190    12.37282
 116     85.943      104.939         422.209       -6.744       202936.8          624.2    0.3339    0.8923      707.10      105.164       50.109       -3.581     1.13268    12.37764
 117     81.990      102.720         423.104       -6.390       202634.9          624.0    0.3333    0.8936      707.12      102.929       51.025       -3.459     1.13138    12.36886
 118     78.144      100.556         424.272       -6.120       202694.8          624.0    0.3334    0.8953      707.50      100.753       51.997       -3.390     1.13166    12.36265
 119     73.906       98.164         425.767       -5.938       202366.9          623.7    0.3341    0.8979      707.77       98.356       53.125       -3.406     1.13023    12.34801
 120     70.144       96.033         427.624       -5.855       202370.5          623.7    0.3361    0.9013      708.40       96.229       54.227       -3.509     1.13029    12.34336
 121     65.852       93.591         429.813       -5.860       201918.8          623.4    0.3387    0.9056      708.89       93.801       55.484       -3.748     1.12832    12.32560
 122     62.086       91.437         432.290       -5.906       201715.2          623.2    0.3424    0.9105      709.65       91.672       56.654       -4.062     1.12752    12.31917
 123     57.687       88.910         434.978       -5.984       201030.9          622.6    0.3467    0.9161      710.21       89.183       57.958       -4.554     1.12457    12.29993
 124     54.168       86.861         437.810       -6.106       200671.2          622.3    0.3519    0.9221      711.06       87.193       59.065       -5.201     1.12311    12.30164
 125     50.227       84.534         440.847       -6.272       199864.4          621.7    0.3578    0.9288      711.76       84.964       60.245       -6.277     1.11964    12.29211
 126     47.608       82.899         444.133       -6.484       199403.6          621.3    0.3649    0.9362      712.78       83.483       61.125       -7.799     1.11779    12.30714
 127     44.628       80.889         447.604       -6.720       198388.4          620.5    0.3726    0.9442      713.58       81.797       62.052      -10.696     1.11342    12.30586
 128     43.868       79.644         450.991       -6.885       197685.0          619.8    0.3806    0.9521      714.51       81.368       62.488      -13.634     1.11059    12.33530
 129     45.279       77.952         455.230       -7.095       196370.1          618.9    0.3905    0.9621      715.53       82.166       62.478      -11.810     1.10489    12.37650
 130     49.934       77.327         460.702       -7.550       195519.9          618.1    0.4035    0.9746      717.41       84.799       61.848      -10.662     1.10131    12.46595
 131     54.111       76.709         463.062       -7.357       194103.2          617.1    0.4102    0.9811      717.61       87.161       61.254       -8.605     1.09514    12.55453
 132     59.000       76.590         458.162       -6.732       192954.2          616.9    0.4023    0.9720      715.60       89.926       60.172       -7.445     1.08892    12.65566
 133     86.892       90.569         445.732       -4.895       194441.1          618.4    0.3894    0.9506      713.34      105.701       54.807       -0.175     1.09426    12.51225
 134     97.769       96.803         434.839       -3.163       194615.3          618.1    0.3753    0.9315      709.62      111.852       51.261        2.276     1.09556    12.47293
 135     96.800       99.468         429.874       -2.565       195582.8          619.0    0.3665    0.9211      708.86      111.304       50.508        2.997     1.09945    12.39115
 136    101.552      104.173         427.123       -2.095       195202.8          618.7    0.3656    0.9176      708.09      113.992       48.962        3.705     1.09759    12.35486
 137    104.699      109.038         424.456       -1.636       195007.3          618.6    0.3641    0.9139      707.59      115.772       47.427        4.821     1.09660    12.29836
 138    112.342      115.521         423.041       -1.274       193864.3          617.5    0.3680    0.9147      706.93      120.095       44.967        5.711     1.09166    12.27673
 139    121.915      122.820         422.500       -1.065       193096.0          616.8    0.3749    0.9174      707.05      125.509       41.607        6.095     1.08835    12.24422
 140    136.756      132.091         419.702       -0.552       191963.6          615.8    0.3822    0.9174      706.09      133.903       37.100        5.880     1.08332    12.23312
 141    141.948      135.586         414.829        0.171       192100.0          616.1    0.3799    0.9089      704.70      136.839       34.225        5.105     1.08374    12.21667
 142    147.330      138.854         411.901        0.604       192444.6          616.4    0.3812    0.9047      704.31      139.883       32.541        4.532     1.08516    12.21168
 143    155.865      143.848         410.727        0.825       191604.6          615.7    0.3883    0.9061      703.87      144.710       31.143        3.955     1.08144    12.20167
 144    166.512      149.948         409.560        1.061       190935.3          615.1    0.3970    0.9086      703.80      150.732       29.744        3.712     1.07843    12.20281
 145    177.005      155.947         406.028        1.569       190217.8          614.5    0.4020    0.9066      702.74      156.666       28.035        3.648     1.07514    12.19595
 146    180.143      157.751         400.772        2.224       190546.6          614.9    0.3984    0.8974      701.29      158.441       26.576        3.693     1.07644    12.19806
 147    184.525      160.269         398.073        2.563       190632.5          615.0    0.4000    0.8941      700.78      160.919       25.587        3.586     1.07682    12.19084
 148    193.883      165.583         395.980        2.864       189735.1          614.3    0.4070    0.8955      700.21      166.212       24.402        3.601     1.07274    12.19177
 149    200.588      169.395         391.385        3.421       189419.3          614.1    0.4084    0.8903      698.93      170.004       23.002        3.674     1.07117    12.18886
 150    203.248      170.903         386.582        3.953       189661.1          614.3    0.4061    0.8827      697.61      171.509       21.770        3.786     1.07226    12.19165
 151    209.705      174.554         383.308        4.346       189379.6          614.0    0.4099    0.8804      696.98      175.160       20.501        3.857     1.07092    12.18873
 152    218.011      179.243         377.121        5.037       188876.8          613.7    0.4126    0.8741      695.32      179.858       18.592        4.030     1.06842    12.19082
 153    210.894      175.217         367.927        5.875       190153.8          615.4    0.3961    0.8513      692.59      175.833       16.931        4.184     1.07356    12.19012
 154    205.135      171.963         366.058        5.951       191391.9          616.2    0.3890    0.8445      692.35      172.576       16.760        4.221     1.07937    12.19144
 155    219.666      180.165         366.489        5.939       189582.5          614.6    0.4069    0.8553      692.83      180.794       15.543        4.251     1.07129    12.18803
 156    236.441      189.633         360.829        6.549       187162.4          612.3    0.4220    0.8580      690.92      190.282       13.173        4.426     1.06032    12.19339
 157    240.680      192.009         352.045        7.319       187312.8          612.5    0.4206    0.8454      688.70      192.679       10.941        4.609     1.06089    12.19435
 158    242.476      193.007         344.055        7.929       187613.9          612.9    0.4180    0.8324      686.62      193.695        8.857        4.733     1.06218    12.19605
 159    246.793      195.440         336.742        8.433       187498.5          612.8    0.4196    0.8231      684.78      196.137        6.877        4.815     1.06167    12.19814
 160    251.222      197.929         328.399        8.962       187056.3          612.5    0.4216    0.8127      682.53      198.641        4.645        4.928     1.05951    12.20091
 161    253.989      199.481         319.352        9.479       186989.1          612.5    0.4222    0.7997      680.20      200.206        2.239        5.015     1.05913    12.20545
 162    256.439      200.862         309.765        9.944       186915.9          612.5    0.4232    0.7858      677.75      201.592       -0.253        5.057     1.05873    12.20793
 163    257.097      201.232         299.851       10.341       186754.6          612.5    0.4231    0.7702      675.03      201.964       -2.829        5.085     1.05787    12.21292
 164    260.544      203.188         290.311       10.638       186565.8          612.4    0.4275    0.7578      672.78      203.914       -5.355        5.064     1.05709    12.21676
 165    265.697      206.112         278.724       10.951       185395.9          611.4    0.4355    0.7450      669.60      206.828       -8.211        5.034     1.05169    12.22028
 166    268.276      207.586         266.085       11.147       184576.5          610.8    0.4419    0.7290      666.27      208.287      -11.217        4.979     1.04792    12.22806
 167    269.555      208.329         253.104       11.219       183793.8          610.2    0.4484    0.7117      662.91      209.010      -14.274        4.896     1.04431    12.23395
 168    269.687      208.426         239.368       11.258       182808.3          609.5    0.4557    0.6928      659.26      209.085      -17.441        4.796     1.03968    12.24259
 169    269.391      208.293         225.942       11.155       181859.9          608.9    0.4640    0.6744      655.84      208.917      -20.459        4.650     1.03527    12.24875
 170    268.429      207.788         212.140       10.946       180640.4          608.0    0.4735    0.6558      652.26      208.373      -23.487        4.482     1.02958    12.25823
 171    266.394      206.682         198.420       10.625       179415.8          607.2    0.4834    0.6367      648.75      207.223      -26.451        4.290     1.02384    12.26715
 172    264.242      205.513         185.176       10.191       178063.6          606.3    0.4942    0.6186      645.32      206.005      -29.217        4.066     1.01760    12.27779
 173    262.982      204.849         171.565        9.720       176492.5          605.0    0.5079    0.6019      641.90      205.292      -31.921        3.837     1.01040    12.28863
 174    261.952      204.315         157.129        9.157       174410.8          603.4    0.5244    0.5858      638.19      204.710      -34.587        3.583     1.00075    12.29868
 175    259.152      202.779         142.721        8.544       172137.5          601.7    0.5406    0.5689      634.37      203.127      -37.204        3.332     0.99009    12.31168
 176    255.659      200.844         129.150        7.988       170050.7          600.2    0.5560    0.5521      630.88      201.151      -39.659        3.106     0.98031    12.32908
 177    252.810      199.272         115.723        7.435       167865.2          598.6    0.5729    0.5366      627.47      199.539      -41.943        2.874     0.97018    12.34525
 178    250.836      198.191         101.726        6.897       165335.5          596.6    0.5926    0.5228      623.94      198.423      -44.115        2.646     0.95846    12.35940
 179    249.122      197.253          87.220        6.301       162390.9          594.2    0.6145    0.5104      620.21      197.453      -46.200        2.409     0.94476    12.37110
 180    247.309      196.260          72.745        5.556       159225.7          591.7    0.6373    0.4991      616.45      196.429      -48.185        2.142     0.92995    12.38246
 181    245.567      195.302          59.010        4.745       155990.6          589.1    0.6597    0.4889      612.81      195.443      -49.972        1.859     0.91479    12.39357
 182    243.380      194.087          46.664        3.974       152938.1          586.7    0.6798    0.4792      609.52      194.206      -51.577        1.592     0.90047    12.40611
 183    240.048      192.217          36.272        3.275       150277.8          584.9    0.6958    0.4687      606.69      192.322      -53.048        1.342     0.88795    12.41903
 184    235.784      189.810          28.166        2.481       148114.2          583.7    0.7070    0.4573      604.46      189.910      -54.336        1.026     0.87779    12.44021
 185    231.198      187.209          21.370        1.622       146372.3          582.9    0.7157    0.4460      602.62      187.317      -55.497        0.660     0.86971    12.46472
 186    227.396      185.057          14.522        1.067       144673.1          581.9    0.7253    0.4363      600.79      185.166      -56.545        0.417     0.86198    12.48620
 187    224.643      183.497           7.345        0.620       142820.6          580.6    0.7367    0.4290      598.89      183.609      -57.487        0.220     0.85359    12.50234
 188    222.536      182.298           0.177        0.218       140751.4          579.1    0.7490    0.4238      596.89      182.418      -58.357        0.028     0.84411    12.51860
 189    220.873      181.359          -6.444        0.099       138581.0          577.5    0.7608    0.4203      594.98      181.477      -59.130       -0.057     0.83402    12.53080
 190    219.775      180.737         -12.217       -0.056       136551.1          576.1    0.7715    0.4182      593.35      180.856      -59.765       -0.170     0.82450    12.53942
 191    219.087      180.339         -16.859       -0.413       134758.2          574.9    0.7804    0.4175      592.05      180.467      -60.250       -0.369     0.81600    12.54307
 192    217.511      179.441         -20.270       -0.757       133247.5          573.9    0.7864    0.4167      591.03      179.575      -60.698       -0.542     0.80868    12.54705
 193    215.342      178.206         -23.088       -1.080       132086.0          573.3    0.7909    0.4157      590.32      178.349      -61.156       -0.671     0.80290    12.54938
 194    213.559      177.189         -25.421       -1.269       131089.0          572.8    0.7946    0.4155      589.86      177.340      -61.542       -0.712     0.79778    12.55346
 195    211.770      176.179         -26.517       -1.322       130300.7          572.7    0.7960    0.4160      589.74      176.329      -61.841       -0.704     0.79348    12.55527
 196    208.750      174.478         -26.644       -1.234       129792.5          572.7    0.7946    0.4152      589.76      174.620      -62.151       -0.615     0.79047    12.55812
 197    206.720      173.343         -26.917       -1.022       129716.8          573.1    0.7939    0.4146      590.08      173.473      -62.335       -0.457     0.78956    12.55882
 198    203.779      171.690         -26.746       -0.847       129323.4          573.1    0.7919    0.4125      589.92      171.809      -62.598       -0.351     0.78728    12.55745
 199    201.939      170.659         -26.337       -0.647       129450.2          573.6    0.7898    0.4111      590.29      170.769      -62.672       -0.236     0.78739    12.55871
 200    198.223      168.562         -25.498       -0.304       129242.4          573.8    0.7858    0.4068      590.20      168.666      -62.951       -0.074     0.78589    12.55413
 201    197.828      168.332         -26.899        0.150       130010.2          574.5    0.7875    0.4026      590.51      168.443      -62.983        0.203     0.78959    12.56569
 202    192.309      165.130         -25.098        1.075       130328.6          575.4    0.7803    0.3922      590.62      165.322      -63.336        1.019     0.79043    12.55599
 203    170.047      152.205         -13.196        3.028       132080.2          579.3    0.7439    0.3762      593.38      152.731      -64.405        2.928     0.79565    12.59370
 204    146.247      138.263           6.371        4.625       134984.4          584.7    0.6923    0.3764      598.80      139.270      -65.039        5.181     0.80506    12.60553
 205    130.103      129.089          17.313        4.851       137683.4          588.4    0.6611    0.3750      602.50      130.140      -65.660        5.546     0.81521    12.66970
 206    138.421      134.005          10.629        4.339       138190.2          588.2    0.6769    0.3665      601.58      134.844      -64.834        3.772     0.81835    12.60295
 207    150.097      140.394          -0.103        5.040       136256.0          585.5    0.7030    0.3555      598.07      141.448      -64.460        3.363     0.81104    12.57647
 208    156.826      143.655          -9.368        7.181       135513.9          584.1    0.7237    0.3467      596.12      145.254      -64.644        3.993     0.80866    12.53190
 209    166.524      148.294         -17.857       10.871       133947.8          581.7    0.7454    0.3471      593.70      150.738      -64.440        5.023     0.80279    12.50484
 210    175.005      151.678         -26.023       16.059       132889.8          579.7    0.7660    0.3505      591.89      155.535      -64.358        6.504     0.79923    12.48270
 211    185.196      155.498         -33.263       22.683       131694.2          577.4    0.7861    0.3597      590.14      161.299      -64.054        8.188     0.79517    12.47198
 212    195.303      158.843         -38.302       29.835       130826.3          575.6    0.8020    0.3708      589.00      167.015      -63.614        9.818     0.79237    12.49773
 213    204.308      161.827         -40.666       36.238       130161.7          574.6    0.8119    0.3809      588.60      172.108      -63.088       11.205     0.78976    12.53854
 214    208.869      163.660         -40.003       39.217       129856.1          574.7    0.8128    0.3850      589.00      174.688      -62.693       11.951     0.78770    12.57814
 215    208.445      164.599         -37.348       37.749       129785.7          575.5    0.8068    0.3829      589.62      174.448      -62.524       11.757     0.78620    12.58057
 216    209.463      165.860         -36.047       36.841       130029.5          576.2    0.8044    0.3835      590.37      175.023      -62.340       11.373     0.78665    12.56808
 217    199.874      169.563         -54.184        3.584       132210.0          570.6    0.8371    0.3811      584.42      169.601      -64.301        1.211     0.80730    12.20449
 218    200.547      169.948         -54.203       -3.376       132160.5          570.4    0.8376    0.3819      584.24      169.981      -64.252       -1.138     0.80733    19.37675
 219    181.725      159.260         -55.257       -4.579       133489.5          571.6    0.8295    0.3608      584.01      159.336      -65.751       -1.676     0.81373    19.35969
 220    177.599      156.916         -56.297       -4.826       133750.5          571.6    0.8295    0.3570      583.74      157.002      -66.129       -1.800     0.81535    19.37487
 221    172.072      153.775         -57.247       -5.089       134039.7          571.7    0.8287    0.3516      583.51      153.877      -66.610       -1.950     0.81694    19.36824
 222    166.490      150.601         -58.198       -5.329       134391.6          571.9    0.8280    0.3462      583.39      150.719      -67.098       -2.106     0.81878    19.37957
 223    160.322      147.090         -59.122       -5.609       134646.2          572.0    0.8271    0.3403      583.20      147.231      -67.632       -2.302     0.82009    12.23398
 224    154.254      143.630         -60.046       -5.910       134962.1          572.3    0.8263    0.3347      583.11      143.799      -68.160       -2.524     0.82167    12.24239
 225    147.881      139.989         -61.012       -6.292       135192.2          572.4    0.8256    0.3290      582.97      140.195      -68.718       -2.814     0.82283    12.24054
 226    141.801      136.504         -62.235       -6.699       135459.7          572.6    0.8258    0.3241      582.93      136.756      -69.265       -3.142     0.82414    12.25250
 227    135.602      132.936         -63.688       -7.173       135619.1          572.8    0.8266    0.3196      582.83      133.250      -69.833       -3.554     0.82494    12.25228
 228    129.699      129.523         -65.302       -7.638       135773.9          572.8    0.8280    0.3160      582.78      129.912      -70.382       -4.011     0.82573    12.26424
 229    123.698      126.042         -66.912       -8.056       135815.2          572.9    0.8296    0.3128      582.69      126.517      -70.938       -4.522     0.82593    12.26598
 230    118.071      122.763         -68.640       -8.404       135858.1          572.9    0.8317    0.3105      582.67      123.335      -71.465       -5.064     0.82612    12.28295
 231    112.607      119.555         -70.692       -8.735       135789.5          572.8    0.8348    0.3095      582.60      120.245      -71.985       -5.702     0.82583    12.29516
 232    107.639      116.613         -73.278       -8.984       135716.0          572.7    0.8394    0.3104      582.59      117.435      -72.472       -6.388     0.82553    12.32831
 233    103.001      113.785         -76.430       -9.323       135504.6          572.4    0.8456    0.3133      582.58      114.812      -72.937       -7.351     0.82459    12.34638
 234     98.763      111.137         -79.756       -9.496       135263.5          572.2    0.8523    0.3177      582.64      112.415      -73.363       -8.458     0.82347    12.37405
 235     94.998      108.625         -83.483       -9.499       134828.7          571.8    0.8604    0.3240      582.70      110.285      -73.751       -9.991     0.82142    12.40025
 236     92.375      106.704         -85.829       -9.053       134349.0          571.4    0.8658    0.3287      582.64      108.802      -74.015      -11.179     0.81904    12.45442
 237     91.847      104.374         -92.690       -8.945       133751.7          570.0    0.8820    0.3442      582.42      108.503      -74.166      -12.558     0.81735    12.51838
 238     92.874      102.764         -76.476       -7.849       132827.1          570.7    0.8472    0.3119      581.39      109.084      -73.923      -11.038     0.81061    12.55805
 239     98.267      108.071         -50.769       -6.699       133796.8          572.6    0.7936    0.2866      582.37      112.134      -72.899       -9.764     0.81364    12.42929
 240    109.510      116.148         -47.586       -6.608       134252.0          573.0    0.7897    0.2950      583.17      118.493      -71.845       -7.394     0.81596    12.39750
 241    120.124      123.715         -50.558       -6.348       133834.0          572.2    0.7991    0.3103      582.99      124.496      -70.880       -5.419     0.81450    12.33707
 242    130.248      129.687         -52.004       -6.072       133403.5          571.6    0.8056    0.3257      583.03      130.222      -69.936       -4.207     0.81274    12.31746
 243    140.003      135.327         -52.480       -5.748       132929.4          571.0    0.8103    0.3379      583.01      135.739      -69.039       -3.362     0.81073    12.29656
 244    148.312      140.091         -52.302       -5.423       132523.9          570.5    0.8133    0.3472      583.03      140.439      -68.266       -2.840     0.80894    12.29832
 245    154.581      143.656         -51.854       -5.175       132156.7          570.1    0.8153    0.3536      582.98      143.984      -67.684       -2.558     0.80731    12.28811
 246    160.688      147.115         -51.996       -4.951       131782.5          569.7    0.8186    0.3608      583.02      147.438      -67.158       -2.344     0.80561    12.28969
 247    167.785      151.159         -52.805       -4.697       131262.5          569.1    0.8239    0.3692      582.99      151.452      -66.628       -2.062     0.80323    12.27844
 248    175.377      155.496         -52.995       -4.397       130805.2          568.6    0.8279    0.3770      583.04      155.745      -66.061       -1.750     0.80110    12.27843
 249    181.490      158.976         -52.125       -4.133       130396.8          568.1    0.8293    0.3820      582.99      159.203      -65.574       -1.535     0.79916    12.27116
 250    185.737      161.380         -51.491       -3.914       130146.9          567.9    0.8304    0.3857      583.04      161.605      -65.236       -1.418     0.79797    12.27501
 251    191.367      164.583         -51.444       -3.633       129708.9          567.4    0.8336    0.3919      583.08      164.789      -64.847       -1.232     0.79587    12.26871
 252    198.181      168.467         -50.261       -3.295       129240.7          566.9    0.8350    0.3979      583.14      168.643      -64.329       -1.002     0.79358    12.26941
 253    201.746      170.491         -47.976       -3.051       128958.2          566.6    0.8329    0.3995      583.03      170.659      -63.995       -0.891     0.79218    12.26359
 254    205.701      172.732         -46.900       -2.792       128745.2          566.4    0.8333    0.4035      583.20      172.896      -63.679       -0.787     0.79114    12.26556
 255    212.864      176.810         -44.873       -2.398       128154.7          565.8    0.8339    0.4099      583.22      176.947      -63.118       -0.575     0.78818    12.26011
 256    216.117      178.654         -41.543       -2.075       127916.4          565.6    0.8297    0.4110      583.14      178.787      -62.721       -0.463     0.78697    12.26534
 257    219.953      180.829         -39.592       -1.740       127752.4          565.5    0.8287    0.4146      583.38      180.957      -62.371       -0.341     0.78611    12.26108
 258    227.051      184.859         -36.855       -1.288       127067.9          564.8    0.8286    0.4213      583.31      184.971      -61.759       -0.156     0.78274    12.26306
 259    232.666      188.044         -33.571       -0.886       126694.0          564.3    0.8266    0.4260      583.40      188.147      -61.227       -0.011     0.78088    12.25980
 260    238.883      191.567         -28.683       -0.504       126309.5          564.1    0.8219    0.4302      583.56      191.663      -60.541        0.129     0.77881    12.26211
 261    236.914      190.445         -22.718       -0.305       126390.4          564.4    0.8096    0.4246      583.27      190.549      -60.254        0.171     0.77899    12.26131
 262    237.282      190.644         -21.528       -0.052       126719.8          564.6    0.8080    0.4256      583.65      190.758      -60.142        0.225     0.78077    12.26618
 263    249.419      197.525         -18.894        0.553       125421.3          563.1    0.8131    0.4404      583.70      197.622      -59.246        0.447     0.77441    12.26049
 264    256.854      201.737         -11.458        1.141       124380.4          561.9    0.8067    0.4469      583.22      201.827      -58.294        0.607     0.76917    12.26691
 265    257.807      202.273          -5.358        1.527       124653.5          562.4    0.7968    0.4462      583.66      202.366      -57.783        0.691     0.77039    12.26289
 266    261.324      204.260           0.708        1.927       124242.0          562.0    0.7898    0.4498      583.64      204.355      -57.107        0.780     0.76829    12.26586
 267    264.316      205.948           7.636        2.331       123913.5          561.7    0.7812    0.4531      583.71      206.047      -56.381        0.865     0.76658    12.26665
 268    267.523      207.757          14.843        2.743       123490.5          561.2    0.7725    0.4575      583.72      207.861      -55.576        0.951     0.76445    12.27108
 269    270.833      209.625          23.231        3.173       123012.7          560.8    0.7624    0.4627      583.79      209.733      -54.639        1.036     0.76200    12.27269
 270    272.193      210.387          32.336        3.605       122528.9          560.3    0.7499    0.4665      583.68      210.502      -53.702        1.109     0.75954    12.27786
 271    272.900      210.780          41.301        3.986       122230.1          559.9    0.7373    0.4704      583.75      210.902      -52.785        1.165     0.75809    12.28095
 272    275.766      212.392          51.481        4.380       121507.1          559.1    0.7256    0.4786      583.74      212.523      -51.576        1.204     0.75456    12.28529
 273    277.438      213.327          63.347        4.850       120573.3          558.0    0.7112    0.4875      583.54      213.469      -50.181        1.255     0.74992    12.29104
 274    276.942      213.033          75.008        5.275       119873.6          557.2    0.6953    0.4948      583.50      213.188      -48.826        1.297     0.74646    12.29905
 275    275.553      212.234          86.980        5.597       119139.6          556.4    0.6786    0.5027      583.43      212.402      -47.404        1.302     0.74282    12.30475
 276    274.430      211.586          99.411        5.842       118223.0          555.3    0.6620    0.5127      583.37      211.767      -45.787        1.293     0.73826    12.31350
 277    272.346      210.394         111.971        6.007       117196.9          554.2    0.6450    0.5232      583.24      210.589      -44.093        1.267     0.73313    12.32022
 278    269.065      208.524         124.556        6.127       116202.3          553.1    0.6269    0.5338      583.12      208.733      -42.335        1.236     0.72817    12.33180
 279    265.596      206.551         136.767        6.206       115164.7          552.0    0.6093    0.5450      583.01      206.771      -40.509        1.215     0.72303    12.34128
 280    261.852      204.426         149.067        6.276       113990.1          550.6    0.5920    0.5573      582.83      204.654      -38.565        1.207     0.71722    12.36153
 281    258.067      202.282         161.432        6.124       112701.7          549.2    0.5750    0.5709      582.67      202.513      -36.480        1.148     0.71080    12.36225
 282    254.183      200.083         173.743        5.764       111247.8          547.6    0.5587    0.5855      582.47      200.316      -34.269        1.027     0.70350    12.37976
 283    250.447      197.965         186.272        5.464       109687.8          545.9    0.5430    0.6016      582.37      198.203      -31.883        0.925     0.69559    12.38702
 284    247.123      196.077         199.119        5.219       107906.3          544.0    0.5283    0.6197      582.28      196.323      -29.270        0.844     0.68649    12.39878
 285    244.359      194.505         212.124        4.898       105971.7          541.9    0.5151    0.6395      582.28      194.760      -26.453        0.743     0.67654    12.40938
 286    242.061      193.200         225.136        4.381       103884.2          539.8    0.5035    0.6606      582.36      193.460      -23.480        0.595     0.66571    12.42042
 287    239.856      191.950         238.111        3.641       101650.7          537.4    0.4931    0.6825      582.42      192.213      -20.390        0.388     0.65403    12.43064
 288    238.328      191.080         250.576        2.658        99402.1          535.2    0.4846    0.7045      582.61      191.349      -17.282        0.114     0.64220    12.44252
 289    235.761      189.606         261.549        1.460        97184.2          533.1    0.4759    0.7235      582.66      189.897      -14.503       -0.247     0.63035    12.45202
 290    230.509      186.570         269.361       -0.011        95366.1          532.0    0.4650    0.7344      582.65      186.927      -12.584       -0.775     0.62036    12.46795
 291    222.748      182.073         273.792       -1.485        94249.4          532.0    0.4519    0.7367      582.85      182.538      -11.598       -1.418     0.61385    12.48756
 292    213.886      176.966         276.995       -2.473        93582.2          532.6    0.4380    0.7359      583.26      177.525      -10.918       -1.974     0.60973    12.51312
 293    206.306      172.633         280.728       -3.011        92964.4          533.1    0.4257    0.7373      583.81      173.238       -9.934       -2.334     0.60596    12.53883
 294    200.397      169.265         284.857       -3.388        92126.8          533.2    0.4162    0.7410      584.25      169.896       -8.730       -2.604     0.60108    12.56382
 295    195.201      166.277         288.653       -3.803        91266.2          533.1    0.4091    0.7449      584.69      166.957       -7.685       -2.933     0.59603    12.58835
 296    190.418      163.478         291.587       -4.347        90453.2          533.1    0.4041    0.7477      585.08      164.252       -6.958       -3.390     0.59116    12.61122
 297    186.156      160.944         293.672       -4.920        89735.6          533.1    0.4012    0.7492      585.43      161.842       -6.515       -3.904     0.58680    12.63816
 298    182.260      158.623         295.380       -5.338        89060.3          533.1    0.3995    0.7504      585.73      159.638       -6.256       -4.382     0.58265    12.66538
 299    180.081      157.317         296.794       -5.568        88458.2          533.0    0.4000    0.7522      586.05      158.406       -6.018       -4.682     0.57893    12.69839
 300    178.636      156.491         298.073       -5.704        88011.4          532.9    0.4000    0.7541      586.30      157.589       -5.721       -4.736     0.57612    12.72733
 301    177.049      155.599         299.450       -5.783        87725.5          533.0    0.3986    0.7558      586.65      156.691       -5.401       -4.743     0.57415    12.75416
 302    175.206      154.554         300.561       -5.895        87412.5          533.1    0.3964    0.7569      586.84      155.649       -5.122       -4.756     0.57204    12.77331
 303    173.449      153.547         301.174       -6.042        87348.3          533.5    0.3936    0.7567      587.20      154.655       -4.907       -4.768     0.57119    12.79491
 304    170.139      151.645         300.992       -6.223        87300.2          533.9    0.3887    0.7540      587.23      152.783       -4.945       -4.843     0.57045    12.80641
 305    167.314      150.028         300.262       -6.406        87679.9          534.9    0.3835    0.7500      587.67      151.186       -4.947       -4.811     0.57189    12.82697
 306    161.946      146.940         298.674       -6.630        87951.4          535.8    0.3749    0.7427      587.56      148.149       -5.385       -4.937     0.57281    12.83539
 307    158.793      145.086         298.864       -6.927        88839.7          537.0    0.3652    0.7399      588.16      146.366       -4.938       -4.901     0.57735    12.86299
 308    151.357      140.516         296.236       -8.015        89435.1          538.6    0.3519    0.7290      588.14      142.160       -5.952       -5.683     0.57966    12.86462
 309    133.986      129.702         289.259       -9.849        90467.4          541.7    0.3382    0.7043      588.63      132.336       -9.718       -7.843     0.58293    12.91413
 310    124.008      122.947         279.978      -11.466        91421.8          544.5    0.3414    0.6796      589.19      126.693      -13.206       -9.641     0.58590    12.92928
 311    116.950      118.441         273.841      -12.397        92064.6          546.3    0.3436    0.6630      589.57      122.701      -15.411      -10.627     0.58787    12.97035
 312    119.984      120.751         276.058      -12.568        92248.6          546.4    0.3400    0.6684      590.08      124.417      -14.207       -9.662     0.58873    18.86936
 313    124.032      123.436         279.929      -12.691        91706.2          545.5    0.3346    0.6779      589.74      126.707      -12.597       -8.819     0.58638    18.85541
 314    125.525      124.380         283.542      -12.936        91646.1          545.3    0.3282    0.6854      590.13      127.551      -11.332       -8.538     0.58614    18.82028
 315    128.690      126.259         287.135      -13.332        91236.5          544.6    0.3239    0.6940      590.11      129.340       -9.648       -8.219     0.58431    18.79929
 316    130.429      127.249         290.785      -13.716        91072.9          544.3    0.3191    0.7020      590.43      130.324       -8.039       -8.106     0.58365    18.76866
 317    133.418      128.938         294.391      -14.184        90715.5          543.5    0.3167    0.7107      590.51      132.015       -6.152       -7.956     0.58214    18.75118
 318    135.791      130.226         297.862      -14.700        90493.5          543.0    0.3146    0.7188      590.77      133.357       -4.345       -7.920     0.58127    18.72807
 319    138.742      131.881         301.260      -15.081        90141.0          542.2    0.3142    0.7273      590.85      135.026       -2.499       -7.800     0.57985    18.72029
 320    141.266      133.309         304.598      -15.332        89925.1          541.6    0.3142    0.7354      591.09      136.454       -0.732       -7.674     0.57910    18.70858
 321    144.020      134.878         307.461      -15.495        89619.2          540.9    0.3155    0.7427      591.20      138.011        0.795       -7.514     0.57786    18.71226
 322    147.374      136.689         310.521      -16.097        89340.0          540.2    0.3181    0.7509      591.37      139.908        2.380       -7.515     0.57684    18.70812
 323    170.856      153.147         338.079        3.570        89907.7          527.9    0.3513    0.8259      587.89      153.189       14.026        1.335     0.59338    17.81267
 324    170.011      152.474         338.094       -8.493        89966.7          528.0    0.3503    0.8255      587.86      152.710       14.073       -3.183     0.59374    12.12710
 325    151.160      141.882         342.462       -6.820        90500.0          528.8    0.3305    0.8250      588.78      142.049       16.897       -2.741     0.59626    12.12692
 326    147.824      140.032         343.359       -5.936        90725.1          529.2    0.3273    0.8251      589.20      140.163       17.491       -2.409     0.59735    12.12598
 327    145.107      138.516         344.386       -5.314        90578.9          529.0    0.3252    0.8263      589.19      138.626       18.101       -2.174     0.59658    12.12535
 328    141.814      136.668         345.566       -4.816        90742.7          529.2    0.3225    0.8273      589.60      136.763       18.837       -1.993     0.59740    12.12760
 329    138.455      134.774         346.853       -4.479        90631.6          529.1    0.3201    0.8288      589.68      134.864       19.647       -1.882     0.59683    12.12519
 330    135.258      132.967         348.245       -4.256        90762.1          529.2    0.3181    0.8305      590.14      133.055       20.504       -1.817     0.59749    12.12988
 331    131.674      130.935         349.751       -4.106        90687.0          529.1    0.3160    0.8325      590.35      131.028       21.479       -1.791     0.59710    12.12817
 332    128.531      129.148         351.301       -4.057        90825.1          529.3    0.3146    0.8347      590.89      129.251       22.439       -1.808     0.59781    12.13581
 333    124.683      126.956         352.948       -4.088        90734.5          529.2    0.3130    0.8372      591.17      127.074       23.561       -1.878     0.59734    12.13423
 334    121.334      125.040         354.687       -4.206        90813.5          529.3    0.3122    0.8400      591.71      125.181       24.677       -1.995     0.59776    12.14189
 335    117.206      122.676         356.600       -4.387        90658.2          529.0    0.3113    0.8433      592.03      122.846       26.023       -2.174     0.59696    12.13908
 336    113.852      120.741         358.589       -4.651        90698.7          529.1    0.3116    0.8469      592.64      120.949       27.293       -2.408     0.59719    12.14827
 337    109.737      118.364         360.761       -4.951        90526.3          528.8    0.3121    0.8511      593.07      118.621       28.801       -2.717     0.59632    12.14777
 338    106.475      116.456         362.888       -5.320        90550.4          528.8    0.3138    0.8553      593.76      116.776       30.132       -3.101     0.59650    12.16046
 339    102.230      113.966         365.259       -5.738        90314.3          528.4    0.3157    0.8603      594.25      114.376       31.767       -3.650     0.59531    12.16050
 340     98.812      111.907         367.660       -6.208        90239.1          528.2    0.3192    0.8656      594.98      112.443       33.206       -4.379     0.59500    12.17342
 341     94.389      109.202         370.384       -6.736        89871.9          527.7    0.3233    0.8720      595.54      109.941       34.989       -5.591     0.59312    12.17438
 342     91.343      107.059         373.318       -7.354        89694.3          527.4    0.3298    0.8792      596.41      108.219       36.336       -7.660     0.59234    12.19834
 343     89.460      104.440         377.695       -8.104        89204.5          526.6    0.3401    0.8901      597.47      107.153       37.602      -10.670     0.58996    12.23447
 344     93.246      102.252         377.771       -8.000        88736.7          526.1    0.3431    0.8919      597.40      109.294       36.640       -7.612     0.58738    12.30862
 345    117.099      119.467         368.167       -7.104        88540.2          526.2    0.3430    0.8776      595.65      122.785       30.104       -2.801     0.58571    12.23670
 346    129.814      129.026         361.164       -6.355        87863.6          524.7    0.3429    0.8684      592.97      129.977       21.404        1.986     0.58275    12.22545
 347    138.958      134.439         357.731       -6.037        87807.8          524.7    0.3486    0.8641      592.36      135.148       15.460        0.734     0.58248    12.19921
 348    148.487      139.918         353.937       -5.677        87454.8          524.1    0.3548    0.8601      591.15      140.537       12.892        0.505     0.58064    12.19499
 349    151.305      141.560         351.074       -5.278        87560.5          524.4    0.3557    0.8548      590.53      142.131       12.019        0.283     0.58115    12.18090
 350    157.402      145.023         349.465       -5.110        87243.7          523.9    0.3620    0.8547      590.02      145.579       10.940        0.291     0.57953    12.18231
 351    162.774      148.062         348.146       -4.945        86964.6          523.4    0.3684    0.8549      589.67      148.618        9.926        0.344     0.57811    12.17402
 352    171.198      152.828         346.866       -4.845        86491.7          522.6    0.3782    0.8573      589.36      153.382        8.713        0.462     0.57566    12.17475
 353    180.722      158.242         344.216       -4.612        86073.7          522.0    0.3871    0.8574      588.74      158.768        7.329        0.618     0.57345    12.16749
 354    185.171      160.798         340.083       -4.102        85912.6          521.8    0.3886    0.8515      587.47      161.285        6.234        0.730     0.57257    12.16928
 355    186.897      161.793         337.408       -3.688        86024.5          522.0    0.3890    0.8467      586.92      162.261        5.566        0.803     0.57317    12.16477
 356    192.964      165.227         335.785       -3.475        85609.6          521.3    0.3961    0.8478      586.38      165.692        4.746        0.910     0.57104    12.16641
 357    199.925      169.175         333.258       -3.170        85259.0          520.8    0.4034    0.8475      585.78      169.629        3.734        1.044     0.56919    12.16342
 358    204.897      172.004         329.568       -2.713        84973.8          520.4    0.4073    0.8437      584.70      172.441        2.607        1.201     0.56765    12.16468
 359    207.129      173.277         326.462       -2.248        84971.2          520.4    0.4087    0.8389      583.95      173.704        1.759        1.317     0.56766    12.16151
 360    213.190      176.710         324.286       -1.956        84597.8          519.8    0.4159    0.8394      583.38      177.132        0.954        1.429     0.56572    12.16120
 361    220.177      180.671         320.667       -1.547        84173.5          519.1    0.4233    0.8379      582.44      181.083       -0.201        1.584     0.56344    12.15932
 362    222.948      182.250         316.418       -0.989        84013.8          518.9    0.4252    0.8318      581.19      182.651       -1.255        1.714     0.56260    12.16036
 363    226.931      184.505         313.534       -0.568        83877.8          518.7    0.4297    0.8294      580.57      184.903       -2.078        1.832     0.56194    12.15818
 364    234.354      188.706         309.673       -0.149        83312.1          517.7    0.4387    0.8286      579.46      189.102       -3.239        1.977     0.55891    12.15771
 365    238.227      190.903         304.983        0.404        83078.3          517.4    0.4427    0.8232      578.19      191.292       -4.394        2.110     0.55767    12.15677
 366    242.934      193.569         300.795        0.893        82818.2          517.0    0.4483    0.8194      577.18      193.954       -5.434        2.227     0.55630    12.15523
 367    247.701      196.268         295.887        1.424        82430.0          516.4    0.4542    0.8149      575.78      196.650       -6.623        2.355     0.55422    12.15424
 368    251.902      198.648         290.969        1.967        82166.4          516.0    0.4596    0.8098      574.54      199.026       -7.765        2.468     0.55284    12.15373
 369    256.759      201.396         285.641        2.530        81771.2          515.3    0.4663    0.8050      573.10      201.773       -8.992        2.590     0.55072    12.15212
 370    260.559      203.548         279.875        3.145        81439.4          514.9    0.4719    0.7986      571.56      203.922      -10.255        2.705     0.54894    12.15180
 371    264.444      205.745         274.100        3.729        81109.4          514.4    0.4780    0.7924      570.08      206.120      -11.526        2.816     0.54717    12.14949
 372    268.707      208.156         267.714        4.287        80671.2          513.7    0.4852    0.7859      568.34      208.531      -12.859        2.905     0.54482    12.14810
 373    272.405      210.246         260.970        4.846        80266.6          513.1    0.4922    0.7785      566.55      210.622      -14.249        2.997     0.54265    12.14590
 374    275.991      212.272         253.701        5.419        79820.0          512.4    0.4998    0.7704      564.61      212.650      -15.712        3.081     0.54024    12.14539
 375    279.307      214.144         245.910        5.992        79348.9          511.7    0.5078    0.7615      562.55      214.525      -17.249        3.162     0.53771    12.14330
 376    282.623      216.015         237.603        6.562        78816.1          510.9    0.5168    0.7521      560.34      216.401      -18.858        3.237     0.53483    12.14208
 377    285.840      217.831         228.804        7.104        78225.7          510.0    0.5266    0.7424      557.99      218.220      -20.505        3.297     0.53166    12.13983
 378    288.860      219.536         219.428        7.615        77569.4          509.0    0.5374    0.7322      555.49      219.928      -22.223        3.351     0.52810    12.13828
 379    291.467      221.007         209.494        8.095        76853.0          507.9    0.5490    0.7213      552.83      221.403      -24.010        3.393     0.52420    12.13567
 380    293.867      222.364         199.277        8.520        76087.5          506.7    0.5614    0.7102      550.09      222.760      -25.789        3.414     0.52006    12.13373
 381    295.665      223.380         188.783        8.902        75275.1          505.4    0.5743    0.6987      547.27      223.777      -27.591        3.428     0.51563    12.13118
 382    297.016      224.146         178.327        9.224        74439.9          504.2    0.5875    0.6872      544.45      224.541      -29.331        3.422     0.51107    12.12962
 383    298.016      224.715         167.907        9.469        73589.0          502.9    0.6010    0.6759      541.70      225.107      -31.029        3.404     0.50640    12.12722
 384    298.384      224.928         157.469        9.661        72690.8          501.6    0.6146    0.6642      538.89      225.315      -32.711        3.372     0.50144    12.12584
 385    298.535      225.020         147.484        9.817        71819.4          500.3    0.6280    0.6531      536.26      225.400      -34.264        3.332     0.49663    12.12446
 386    298.570      225.045         137.683        9.942        70924.1          499.0    0.6418    0.6426      533.66      225.420      -35.746        3.291     0.49169    12.12314
 387    298.351      224.928         127.675       10.003        69979.5          497.6    0.6562    0.6322      531.00      225.297      -37.253        3.239     0.48647    12.12216
 388    298.269      224.893         117.808        9.964        68974.9          496.0    0.6713    0.6225      528.35      225.250      -38.647        3.156     0.48090    12.12098
 389    297.698      224.580         108.089        9.873        67944.5          494.5    0.6862    0.6132      525.74      224.927      -40.025        3.073     0.47517    12.12198
 390    296.797      224.077          98.562        9.778        66932.5          493.1    0.7010    0.6039      523.24      224.417      -41.359        2.996     0.46947    12.12103
 391    294.931      223.029          89.864        9.644        65931.3          491.7    0.7139    0.5945      520.86      223.362      -42.606        2.913     0.46384    12.12275
 392    292.091      221.431          82.005        9.462        65123.7          490.7    0.7245    0.5842      518.86      221.756      -43.837        2.819     0.45923    12.12332
 393    287.863      219.053          75.919        9.182        64395.4          490.0    0.7311    0.5741      517.12      219.364      -44.887        2.696     0.45508    12.12269
 394    281.104      215.240          70.865        8.848        63938.7          489.8    0.7335    0.5618      515.72      215.542      -46.078        2.586     0.45243    12.12723
 395    275.208      211.914          65.540        8.540        63553.2          489.6    0.7372    0.5489      514.44      212.207      -47.303        2.466     0.45019    12.12777
 396    270.862      209.466          61.183        8.221        63028.9          489.3    0.7411    0.5388      513.17      209.749      -48.195        2.317     0.44726    12.13303
 397    265.424      206.400          57.612        7.888        62729.9          489.2    0.7427    0.5291      512.24      206.674      -49.079        2.191     0.44553    12.13864
 398    260.045      203.364          54.058        7.626        62419.9          489.0    0.7445    0.5196      511.28      203.631      -49.996        2.088     0.44374    12.14535
 399    255.321      200.699          51.003        7.387        62079.1          488.8    0.7462    0.5116      510.38      200.960      -50.790        1.986     0.44178    12.15349
 400    250.691      198.087          48.334        7.167        61844.5          488.7    0.7472    0.5042      509.71      198.341      -51.534        1.892     0.44037    12.16255
 401    245.997      195.437          46.038        6.946        61627.3          488.7    0.7477    0.4971      509.09      195.686      -52.253        1.793     0.43907    12.17011
 402    241.375      192.827          44.254        6.733        61457.7          488.7    0.7473    0.4907      508.59      193.072      -52.895        1.694     0.43803    12.17748
 403    237.089      190.407          42.820        6.513        61348.7          488.8    0.7465    0.4849      508.22      190.648      -53.469        1.595     0.43732    12.18459
 404    232.953      188.070          41.541        6.324        61246.5          488.8    0.7456    0.4797      507.87      188.309      -54.022        1.504     0.43665    12.19186
 405    229.034      185.856          40.482        6.155        61173.6          488.9    0.7445    0.4749      507.58      186.093      -54.525        1.428     0.43616    12.19708
 406    225.378      183.789          39.733        6.032        61077.8          488.9    0.7430    0.4708      507.29      184.025      -54.981        1.371     0.43554    12.20231
 407    222.438      182.128          39.041        5.921        61076.2          489.1    0.7420    0.4673      507.20      182.362      -55.332        1.326     0.43542    12.20874
 408    219.401      180.408          38.252        5.869        61011.3          489.1    0.7411    0.4639      506.97      180.644      -55.757        1.296     0.43499    12.21325
 409    217.611      179.395          37.938        5.811        60972.3          489.1    0.7404    0.4622      506.86      179.632      -55.971        1.264     0.43472    12.21744
 410    215.030      177.935          38.274        5.716        60959.1          489.2    0.7377    0.4598      506.77      178.172      -56.162        1.241     0.43457    12.21927
 411    212.972      176.774          38.128        5.620        61182.6          489.7    0.7362    0.4570      507.05      177.009      -56.331        1.245     0.43570    12.22542
 412    209.664      174.905          39.136        5.465        61046.9          489.5    0.7319    0.4548      506.69      175.137      -56.621        1.199     0.43496    12.22083
 413    210.914      175.618          38.415        5.370        61386.1          490.2    0.7337    0.4520      507.17      175.844      -56.341        1.216     0.43671    12.23478
 414    207.129      173.479          36.866        5.323        61588.7          490.6    0.7336    0.4426      506.88      173.703      -57.079        1.225     0.43781    12.22485
 415    188.085      162.723          42.694        4.569        62456.6          492.5    0.7086    0.4290      507.87      162.933      -58.514        0.846     0.44221    12.24579
 416    169.942      152.410          56.492        3.277        63537.4          495.2    0.6682    0.4335      510.90      152.672      -58.664       -0.276     0.44726    12.24842
 417    157.258      145.150          66.580        1.904        64742.7          497.7    0.6374    0.4372      513.81      145.498      -58.068       -1.170     0.45311    12.27905
 418    165.472      149.825          62.462        1.874        65307.5          498.4    0.6495    0.4325      514.13      150.144      -56.860       -0.485     0.45625    12.25069
 419    174.682      155.090          54.099        2.240        64410.3          496.1    0.6717    0.4229      510.96      155.352      -57.068        0.101     0.45230    12.24667
 420    178.075      157.022          45.815        2.560        64183.5          495.2    0.6895    0.4116      509.21      157.272      -57.933        0.411     0.45160    12.24152
 421    182.962      159.820          38.828        3.066        63535.0          493.6    0.7068    0.4056      507.12      160.035      -58.291        0.776     0.44862    12.23851
 422    186.062      161.543          33.032        3.761        63259.0          492.5    0.7205    0.4021      505.82      161.789      -58.630        1.162     0.44764    12.25028
 423    189.048      163.276          29.469        2.770        62878.8          491.5    0.7299    0.4005      504.64      163.477      -58.717        0.743     0.44591    12.22785
 424    191.444      164.428          22.927       -1.500        62560.8          490.5    0.7449    0.3980      503.45      164.833      -59.168       -0.929     0.44462    12.27974
 425    193.144      165.626          18.573        4.178        62094.3          489.1    0.7552    0.3944      501.79      165.794      -59.464        1.431     0.44259    12.15488
 426    196.264      167.230          15.657        8.015        61805.0          487.7    0.7638    0.3954      500.42      167.559      -59.460        2.890     0.44174    12.14085
 427    199.015      168.706          13.458        9.170        61758.0          486.7    0.7706    0.3971      499.57      169.115      -59.412        3.257     0.44221    12.12769
 428    201.054      169.900          11.197        8.584        61702.5          485.8    0.7771    0.3985      498.73      170.268      -59.449        3.019     0.44261    12.13062
 429    202.299      170.671           9.414        7.493        61697.0          485.0    0.7821    0.3995      497.91      170.972      -59.508        2.621     0.44333    12.12895
 430    203.556      171.442           8.484        6.326        61805.6          484.4    0.7852    0.4009      497.39      171.683      -59.485        2.199     0.44464    12.13240
 431    204.343      171.934           7.936        5.135        61992.6          484.1    0.7871    0.4019      497.16      172.128      -59.464        1.775     0.44622    12.12976
 432    205.557      172.660           7.248        4.083        62153.5          483.8    0.7895    0.4034      496.96      172.815      -59.418        1.393     0.44763    12.13305
 433    207.024      173.517           6.438        2.898        62265.6          483.4    0.7924    0.4052      496.60      173.645      -59.360        0.971     0.44885    12.12690
 434    210.485      175.492           5.677        2.334        62115.3          482.7    0.7967    0.4097      496.24      175.602      -59.134        0.771     0.44836    12.13186
