  -0.034113   -0.017096   -0.000080    0.035406    0.041572    0.047738    0.076597    0.088438
   0.095347    0.104970    0.150862    0.158508    0.164182    0.198214    0.213504    0.230519
   0.316332    0.316147    0.316210    0.324541    0.324316    0.323842    0.321962    0.320764
   0.319547    0.317844    0.310562    0.310093    0.309618    0.309496    0.309553    0.309616
  -0.000080   0.035406   0.316210   0.324541  LEADING AND TRAILING EDGE COORDINATES
  -0.034113   -0.017096   -0.000080    0.035406    0.041572    0.047738    0.076597    0.088438
   0.095347    0.104970    0.150862    0.158508    0.164182    0.198214    0.213504    0.230519
   0.316332    0.316147    0.316210    0.324541    0.324316    0.323842    0.321962    0.320764
   0.319547    0.317844    0.310562    0.310093    0.309618    0.309496    0.309553    0.309616
   0.047738   0.076597   0.323842   0.321962  LEADING AND TRAILING EDGE COORDINATES
  -0.034113   -0.017096   -0.000080    0.035406    0.041572    0.047738    0.076597    0.088438
   0.095347    0.104970    0.150862    0.158508    0.164182    0.198214    0.213504    0.230519
   0.316332    0.316147    0.316210    0.324541    0.324316    0.323842    0.321962    0.320764
   0.319547    0.317844    0.310562    0.310093    0.309618    0.309496    0.309553    0.309616
   0.104970   0.150862   0.317844   0.310562  LEADING AND TRAILING EDGE COORDINATES
  -0.034113   -0.017096   -0.000080    0.035406    0.041572    0.047738    0.076597    0.088438
   0.095347    0.104970    0.150862    0.158508    0.164182    0.198214    0.213504    0.230519
   0.316332    0.316147    0.316210    0.324541    0.324316    0.323842    0.321962    0.320764
   0.319547    0.317844    0.310562    0.310093    0.309618    0.309496    0.309553    0.309616
   0.164182   0.198214   0.309618   0.309496  LEADING AND TRAILING EDGE COORDINATES
