  -0.033952   -0.017183    0.000325    0.035590    0.041262    0.047675    0.076778    0.088861
   0.095273    0.103902    0.152726    0.158893    0.165552    0.196871    0.213887    0.230657
   0.344159    0.344221    0.344535    0.344666    0.344688    0.344215    0.343329    0.343623
   0.343647    0.344176    0.345848    0.345374    0.344902    0.345019    0.345082    0.345145
   0.000325   0.035590   0.344535   0.344666  LEADING AND TRAILING EDGE COORDINATES
  -0.033952   -0.017183    0.000325    0.035590    0.041262    0.047675    0.076778    0.088861
   0.095273    0.103902    0.152726    0.158893    0.165552    0.196871    0.213887    0.230657
   0.344159    0.344221    0.344535    0.344666    0.344688    0.344215    0.343329    0.343623
   0.343647    0.344176    0.345848    0.345374    0.344902    0.345019    0.345082    0.345145
   0.047675   0.076778   0.344215   0.343329  LEADING AND TRAILING EDGE COORDINATES
  -0.033952   -0.017183    0.000325    0.035590    0.041262    0.047675    0.076778    0.088861
   0.095273    0.103902    0.152726    0.158893    0.165552    0.196871    0.213887    0.230657
   0.344159    0.344221    0.344535    0.344666    0.344688    0.344215    0.343329    0.343623
   0.343647    0.344176    0.345848    0.345374    0.344902    0.345019    0.345082    0.345145
   0.103902   0.152726   0.344176   0.345848  LEADING AND TRAILING EDGE COORDINATES
  -0.033952   -0.017183    0.000325    0.035590    0.041262    0.047675    0.076778    0.088861
   0.095273    0.103902    0.152726    0.158893    0.165552    0.196871    0.213887    0.230657
   0.344159    0.344221    0.344535    0.344666    0.344688    0.344215    0.343329    0.343623
   0.343647    0.344176    0.345848    0.345374    0.344902    0.345019    0.345082    0.345145
   0.165552   0.196871   0.344902   0.345019  LEADING AND TRAILING EDGE COORDINATES
