  -0.034040   -0.017023    0.000486    0.035278    0.041197    0.047855    0.077202    0.084352
   0.094950    0.102588    0.154098    0.161495    0.167414    0.195774    0.201667    0.206351
   0.372730    0.372545    0.372610    0.365783    0.365805    0.365830    0.365691    0.366463
   0.368490    0.370506    0.380884    0.381160    0.381182    0.381040    0.381062    0.381328
   0.000486   0.035278   0.372610   0.365783  LEADING AND TRAILING EDGE COORDINATES
  -0.034040   -0.017023    0.000486    0.035278    0.041197    0.047855    0.077202    0.084352
   0.094950    0.102588    0.154098    0.161495    0.167414    0.195774    0.201667    0.206351
   0.372730    0.372545    0.372610    0.365783    0.365805    0.365830    0.365691    0.366463
   0.368490    0.370506    0.380884    0.381160    0.381182    0.381040    0.381062    0.381328
   0.047855   0.077202   0.365830   0.365691  LEADING AND TRAILING EDGE COORDINATES
  -0.034040   -0.017023    0.000486    0.035278    0.041197    0.047855    0.077202    0.084352
   0.094950    0.102588    0.154098    0.161495    0.167414    0.195774    0.201667    0.206351
   0.372730    0.372545    0.372610    0.365783    0.365805    0.365830    0.365691    0.366463
   0.368490    0.370506    0.380884    0.381160    0.381182    0.381040    0.381062    0.381328
   0.102588   0.154098   0.370506   0.380884  LEADING AND TRAILING EDGE COORDINATES
  -0.034040   -0.017023    0.000486    0.035278    0.041197    0.047855    0.077202    0.084352
   0.094950    0.102588    0.154098    0.161495    0.167414    0.195774    0.201667    0.206351
   0.372730    0.372545    0.372610    0.365783    0.365805    0.365830    0.365691    0.366463
   0.368490    0.370506    0.380884    0.381160    0.381182    0.381040    0.381062    0.381328
   0.167414   0.195774   0.381182   0.381040  LEADING AND TRAILING EDGE COORDINATES
