  -0.034040   -0.017023    0.000486    0.003940    0.007149    0.010111    0.013073    0.016282
   0.018997    0.021711    0.024179    0.028372    0.031826    0.035278    0.038238    0.041197
   0.372730    0.372545    0.372610    0.371878    0.370896    0.370161    0.369179    0.368197
   0.367462    0.366975    0.366487    0.366254    0.365770    0.365783    0.365794    0.365805
   0.000486   0.035278   0.372610   0.365783  LEADING AND TRAILING EDGE COORDINATES
   0.043416    0.045636    0.047855    0.050568    0.053774    0.057227    0.059693    0.061666
   0.064625    0.068078    0.071284    0.073503    0.075476    0.077202    0.080407    0.084352
   0.365814    0.365822    0.365830    0.365840    0.365852    0.365617    0.365626    0.365633
   0.365644    0.365657    0.365669    0.365677    0.365685    0.365691    0.365951    0.366463
   0.047855   0.077202   0.365830   0.365691  LEADING AND TRAILING EDGE COORDINATES
   0.088542    0.094950    0.102588    0.107023    0.112197    0.116878    0.121068    0.124764
   0.128213    0.134622    0.140291    0.145468    0.149659    0.154098    0.157796    0.161495
   0.366976    0.368490    0.370506    0.372013    0.373523    0.374783    0.375792    0.376800
   0.377807    0.378824    0.379839    0.380355    0.380619    0.380884    0.381147    0.381160
   0.102588   0.154098   0.370506   0.380884  LEADING AND TRAILING EDGE COORDINATES
   0.163468    0.165441    0.167414    0.170126    0.172099    0.174072    0.176785    0.179744
   0.183197    0.186650    0.189116    0.191335    0.193801    0.195774    0.213530    0.230546
   0.381168    0.381175    0.381182    0.381193    0.381200    0.381207    0.381217    0.381228
   0.380993    0.381006    0.381015    0.381023    0.381032    0.381040    0.381106    0.380921
   0.167414   0.195774   0.381182   0.381040  LEADING AND TRAILING EDGE COORDINATES
