
OVERALL TURBINE PERFORMANCE
============================================================
Blade-jet speed ratio     0.3962
Pitchline loading         3.1518
Total-Total PR            4.9700
Total-Static PR           5.6018
Energy Extraction           402.9360
Corrected Speed           32.5748
Flow function           0.9511

STAGE PERFORMANCE
====================================================================================================
Stage  Location     Alpha1    Alpha2     Beta2     Beta3    Alpha3      Phi       Psi    Reaction
    1       Hub      -2.40      78.08     -77.04     -77.27     -38.18    0.3297    0.8278      0.3582
    1      Mean      -3.88      72.47      44.21     -66.37     -16.29    0.6261    1.6469      0.4251
    1       Tip      -5.37      79.36     -83.19     -51.18      24.51    0.4686    0.3194      0.4672
    2       Hub     -53.87      73.33      -1.63     -69.74     -22.60    0.4450    1.3817      0.3989
    2      Mean     -20.02      64.32     -10.53     -59.84      -0.63    0.6937    1.1643      0.4587
    2       Tip      26.59      70.12     -50.75     -55.43      12.31    0.6834    0.8364      0.5251


Span station K = 1

  J       %dVm        Vx(m/s)      Vtheta(m/s)    Vr(m/s)       Pstat(Pa)       Tstat(K)    Mrel      Mabs        T0(K)       Vm(m/s)     Swirl(deg)   Pitch(deg)  Density(kg/m3)     mdot(kg/s)
--------------------------------------------------------------------------------------------------------------------------------------------
   1      5.707       55.794           0.000       -0.030       342101.6          707.6    0.5379    0.1072      709.00       55.794      -78.502       -0.031     1.68445              0.000
   2    -10.240       47.356           0.015       -1.395       342746.1          708.1    0.5346    0.0910      709.11       47.376      -80.198       -1.686     1.68646              0.000
   3    -13.823       45.484          -0.310       -0.334       342535.6          708.1    0.5346    0.0874      709.05       45.485      -80.592       -0.420     1.68539              0.000
   4    -17.881       43.337          -0.642       -0.728       342633.3          708.3    0.5345    0.0834      709.10       43.343      -81.037       -0.961     1.68558              0.000
   5    -21.317       41.529          -1.045       -0.258       342728.5          708.4    0.5347    0.0800      709.13       41.530      -81.417       -0.355     1.68581              0.000
   6    -24.608       39.792          -1.568       -0.223       342727.1          708.4    0.5352    0.0769      709.13       39.793      -81.785       -0.321     1.68568              0.000
   7    -27.771       38.124          -2.205       -0.025       342831.6          708.5    0.5359    0.0740      709.17       38.124      -82.142       -0.038     1.68599              0.000
   8    -30.588       36.636          -2.901        0.138       342849.4          708.6    0.5369    0.0715      709.17       36.636      -82.461        0.217     1.68597              0.000
   9    -33.474       35.113          -3.604        0.245       342883.7          708.6    0.5379    0.0692      709.19       35.113      -82.787        0.399     1.68603              0.000
  10    -35.948       33.805          -4.322        0.400       342946.5          708.7    0.5390    0.0673      709.23       33.807      -83.067        0.680     1.68618              0.000
  11    -38.607       32.400          -5.109        0.475       342954.1          708.7    0.5402    0.0655      709.24       32.404      -83.367        0.840     1.68614              0.000
  12    -41.103       31.081          -5.994        0.573       343034.4          708.8    0.5417    0.0642      709.29       31.086      -83.649        1.060     1.68639              0.000
  13    -44.038       29.530          -6.933        0.643       343000.8          708.8    0.5433    0.0628      709.28       29.537      -83.976        1.255     1.68622              0.000
  14    -46.892       28.022          -7.830        0.709       343062.6          708.8    0.5448    0.0617      709.30       28.031      -84.292        1.469     1.68647              0.000
  15    -49.995       26.383          -8.663        0.753       342985.5          708.8    0.5463    0.0607      709.28       26.393      -84.631        1.667     1.68613              0.000
  16    -52.582       25.016          -9.548        0.779       343037.2          708.9    0.5478    0.0605      709.40       25.028      -84.913        1.821     1.68610              0.000
  17    -55.343       23.557         -10.520        0.805       342953.2          709.0    0.5495    0.0607      709.49       23.571      -85.212        2.025     1.68550              0.000
  18    -57.895       22.208         -11.458        0.823       343012.7          708.8    0.5513    0.0614      709.36       22.224      -85.485        2.307     1.68616              0.000
  19    -61.026       20.553         -12.196        0.834       342906.5          708.3    0.5529    0.0619      708.85       20.571      -85.816        3.138     1.68688              0.000
  20    -62.675       19.061         -12.989        0.818       342932.5          708.6    0.5543    0.0631      709.19       19.701      -85.993        4.315     1.68625              0.000
  21    -62.221       17.644         -14.030        0.754       342786.3          710.1    0.5556    0.0649      710.75       19.940      -85.957        1.137     1.68193              0.000
  22    -62.085       17.008         -15.142        0.550       342813.5          710.2    0.5577    0.0670      710.86       20.012      -85.955       -2.233     1.68189              0.000
  23    -62.430       16.993         -15.616        0.288       342683.8          704.1    0.5612    0.0681      704.80       19.830      -86.000       -4.157     1.69609              0.000
  24    -62.830       17.604         -15.154        0.279       342719.9          692.1    0.5657    0.0675      692.76       19.619      -86.054       -5.519     1.72839              0.000
  25    -63.483       17.731         -12.229        0.410       342580.4          679.8    0.5656    0.0617      680.38       19.274      -86.120       -5.199     1.76408              0.000
  26    -64.821       16.946          -5.284        1.537       342653.8          672.2    0.5545    0.0535      672.73       18.568      -86.232       -0.762     1.78715              0.000
  27    -60.267       20.100          -1.032        3.363       342760.5          670.8    0.5467    0.0626      671.39       20.972      -85.704        7.200     1.79102              0.000
  28    -55.201       23.150          -1.157        4.211       342646.6          672.4    0.5466    0.0691      673.10       23.645      -85.147       10.398     1.78554              0.000
  29    -50.873       25.518          -2.421        4.535       342455.0          672.7    0.5495    0.0747      673.52       25.930      -84.686        9.493     1.78405              0.000
  30    -47.591       27.192          -3.016        5.035       342319.1          672.1    0.5514    0.0787      672.95       27.662      -84.344        9.872     1.78604              0.000
  31    -44.003       29.016          -3.399        5.583       342250.8          671.6    0.5528    0.0829      672.56       29.556      -83.967       10.449     1.78775              0.000
  32    -39.928       31.121          -3.823        6.040       342006.6          670.8    0.5547    0.0872      671.82       31.707      -83.550       10.522     1.78968              0.000
  33    -36.316       32.977          -4.076        6.486       341874.6          669.6    0.5563    0.0919      670.75       33.614      -83.194       10.761     1.79371              0.000
  34    -31.324       35.544          -3.964        7.080       341668.5          668.2    0.5574    0.0980      669.50       36.248      -82.693       10.933     1.79872              0.000
  35    -26.287       38.146          -2.824        7.627       341407.5          666.4    0.5567    0.1029      667.75       38.907      -82.174       10.994     1.80516              0.000
  36    -22.902       39.855          -1.426        8.187       341253.5          664.2    0.5555    0.1065      665.61       40.693      -81.794       11.300     1.81330              0.000
  37    -18.897       41.908          -0.576        8.696       341115.2          661.8    0.5557    0.1114      663.41       42.807      -81.365       11.414     1.82211              0.000
  38    -14.447       44.184           0.187        9.284       340791.3          659.1    0.5563    0.1173      660.88       45.156      -80.897       11.575     1.83177              0.000
  39     -8.468       47.219           1.739       10.185       340626.9          656.1    0.5559    0.1237      657.98       48.312      -80.267       11.903     1.84461              0.000
  40     -3.937       49.522           3.733       10.850       340223.8          652.7    0.5546    0.1286      654.76       50.704      -79.743       12.076     1.85728              0.000
  41     -0.278       51.383           5.238       11.375       340180.8          649.8    0.5539    0.1333      652.01       52.634      -79.322       12.196     1.86998              0.000
  42      4.965       54.045           6.550       12.151       339667.6          646.8    0.5541    0.1398      649.14       55.402      -78.759       12.365     1.88082              0.000
  43     10.699       56.948           8.980       13.038       339457.9          643.3    0.5525    0.1462      645.84       58.429      -78.108       12.573     1.89572              0.000
  44     15.164       59.190          11.683       13.799       338968.2          639.1    0.5505    0.1517      641.87       60.785      -77.534       12.767     1.91211              0.000
  45     19.876       61.552          13.314       14.619       338932.6          635.5    0.5505    0.1583      638.45       63.272      -76.999       12.991     1.93006              0.000
  46     26.196       64.744          15.921       15.615       338171.9          632.0    0.5492    0.1659      635.21       66.608      -76.275       13.192     1.94355              0.000
  47     31.175       67.211          18.905       16.587       337854.4          628.8    0.5468    0.1721      632.27       69.236      -75.630       13.441     1.95767              0.000
  48     37.084       70.229          21.882       17.377       337245.8          625.3    0.5450    0.1795      629.05       72.355      -74.900       13.471     1.97169              0.000
  49     41.345       72.309          25.547       18.324       336752.7          621.5    0.5415    0.1855      625.47       74.604      -74.256       13.749     1.98805              0.000
  50     46.821       75.034          28.636       19.335       336292.0          617.6    0.5397    0.1932      621.84       77.494      -73.522       13.940     2.00581              0.000
  51     52.383       77.805          32.545       20.345       335419.4          613.4    0.5369    0.2013      618.03       80.430      -72.722       14.135     2.02255              0.000
  52     57.626       80.387          36.644       21.398       334805.9          609.6    0.5335    0.2092      614.47       83.197      -71.897       14.332     2.03986              0.000
  53     63.240       83.198          40.733       22.357       333846.7          605.5    0.5307    0.2179      610.79       86.160      -71.035       14.458     2.05658              0.000
  54     68.793       85.899          45.658       23.591       332992.4          601.3    0.5267    0.2271      607.07       89.091      -70.070       14.721     2.07480              0.000
  55     74.794       88.873          50.664       24.717       331788.1          596.9    0.5231    0.2371      603.13       92.259      -69.014       14.876     2.09264              0.000
  56     80.471       91.707          56.186       25.707       330619.8          592.3    0.5189    0.2475      599.06       95.255      -67.907       14.968     2.11254              0.000
  57     86.663       94.750          62.402       26.943       329119.6          587.4    0.5142    0.2595      594.83       98.523      -66.634       15.138     2.13224              0.000
  58     92.928       97.846          69.098       28.170       327355.8          582.5    0.5093    0.2721      590.67      101.830      -65.236       15.325     2.15028              0.000
  59     98.418      100.496          76.310       29.454       325307.3          578.0    0.5038    0.2844      586.90      104.728      -63.782       15.605     2.16359              0.000
  60    104.084      103.275          84.171       30.603       323031.7          574.2    0.4976    0.2977      584.05      107.718      -62.126       15.733     2.16907              0.000
  61    108.963      105.695          92.750       31.504       320027.8          570.8    0.4902    0.3114      581.75      110.294      -60.316       15.813     2.16474              0.000
  62    113.246      107.790         102.016       32.390       317022.7          568.2    0.4818    0.3259      580.35      112.554      -58.311       15.938     2.15511              0.000
  63    116.648      109.522         112.042       32.869       313126.8          565.8    0.4725    0.3414      579.32      114.350      -56.079       15.914     2.13786              0.000
  64    118.343      110.341         122.671       33.253       309203.8          563.8    0.4615    0.3572      578.85      115.244      -53.680       15.981     2.11797              0.000
  65    119.831      111.115         133.595       33.407       304788.5          562.1    0.4504    0.3743      578.73      116.030      -51.024       15.946     2.09396              0.000
  66    119.368      110.936         144.889       33.152       299913.2          560.6    0.4378    0.3915      578.85      115.785      -48.216       15.862     2.06636              0.000
  67    118.452      110.494         156.016       32.942       295048.8          559.6    0.4251    0.4091      579.49      115.302      -45.252       15.832     2.03682              0.000
  68    117.115      109.931         167.022       32.360       289658.2          558.7    0.4126    0.4271      580.29      114.596      -42.149       15.660     2.00325              0.000
  69    114.806      108.888         178.055       31.580       284186.0          558.2    0.3995    0.4453      581.46      113.377      -38.901       15.456     1.96789              0.000
  70    112.578      107.826         189.169       31.020       278196.8          557.6    0.3871    0.4644      582.67      112.201      -35.443       15.360     1.92974              0.000
  71    110.662      107.021         200.235       30.152       271920.2          557.1    0.3754    0.4843      584.08      111.190      -31.817       15.070     1.88911              0.000
  72    107.898      105.806         211.284       29.079       265124.9          556.6    0.3638    0.5043      585.62      109.731      -28.094       14.757     1.84366              0.000
  73    105.214      104.535         222.307       28.359       258327.0          556.4    0.3530    0.5246      587.37      108.315      -24.281       14.615     1.79777              0.000
  74    103.536      103.954         233.299       27.074       250984.8          555.7    0.3437    0.5461      588.82      107.429      -20.445       13.996     1.75017              0.000
  75    101.159      102.995         243.539       25.702       243468.0          554.8    0.3343    0.5664      589.83      106.174      -16.869       13.401     1.70281              0.000
  76     98.571      101.819         251.038       24.787       236202.2          553.7    0.3264    0.5818      590.16      104.808      -14.272       13.142     1.65880              0.000
  77     93.812       99.612         254.216       23.218       229984.5          553.1    0.3175    0.5881      589.82      102.296      -13.233       12.639     1.62145              0.000
  78     86.523       96.078         253.777       21.407       225696.0          553.4    0.3064    0.5865      589.45       98.449      -13.511       12.126     1.59407              0.000
  79     79.090       92.426         252.262       19.754       222458.2          554.1    0.2946    0.5828      589.14       94.526      -14.300       11.686     1.57126              0.000
  80     72.891       89.425         251.719       18.116       219293.8          554.3    0.2834    0.5816      588.69       91.254      -14.728       11.131     1.54867              0.000
  81     68.088       87.111         252.085       16.758       215674.6          553.8    0.2747    0.5829      587.86       88.719      -14.638       10.615     1.52454              0.000
  82     63.989       85.142         251.931       15.522       212029.2          553.1    0.2690    0.5837      586.92       86.555      -14.648       10.092     1.49992              0.000
  83     59.691       83.072         250.254       14.206       208831.2          552.8    0.2655    0.5814      586.08       84.287      -15.283        9.496     1.47607              0.000
  84     55.071       80.796         247.418       13.025       206324.6          553.0    0.2632    0.5767      585.49       81.849      -16.429        8.970     1.45444              0.000
  85     51.098       78.873         244.240       11.747       204159.1          553.2    0.2617    0.5713      584.97       79.752      -17.692        8.308     1.43390              0.000
  86     46.905       76.802         241.344       10.610       202132.4          553.4    0.2595    0.5663      584.41       77.538      -18.843        7.724     1.41401              0.000
  87     44.135       75.457         239.030        9.634       200348.1          553.7    0.2578    0.5627      584.09       76.076      -19.764        7.154     1.39544              0.000
  88     41.304       74.081         237.188        8.569       198267.8          553.6    0.2553    0.5599      583.46       74.582      -20.528        6.497     1.37543              0.000
  89     39.089       72.999         235.669        7.729       196690.0          553.6    0.2526    0.5577      582.99       73.413      -21.229        5.969     1.35872              0.000
  90     37.003       71.979         234.180        6.873       194878.3          553.1    0.2497    0.5554      581.98       72.312      -22.052        5.387     1.34203              0.000
  91     35.012       71.008         232.756        5.943       193899.5          552.7    0.2460    0.5526      581.12       71.261      -22.966        4.738     1.33149              0.000
  92     32.504       69.738         231.377        5.213       192791.2          552.2    0.2411    0.5492      580.05       69.938      -24.060        4.250     1.32116              0.000
  93     30.336       68.650         229.626        4.333       192655.0          552.7    0.2356    0.5443      579.87       68.793      -25.442        3.590     1.31661              0.000
  94     24.665       65.689         226.505        3.798       192590.7          553.4    0.2295    0.5342      579.51       65.800      -28.041        3.280     1.31738              0.000
  95     19.069       62.721         222.721        3.813       194654.9          555.3    0.2263    0.5209      580.36       62.846      -30.833        3.400     1.33411              0.000
  96      9.884       57.982         215.313        1.044       196133.9          557.1    0.2309    0.4975      580.70       57.998      -34.898        1.045     1.33906              0.000
  97    -13.599       45.578         198.843       -1.296       197887.0          562.2    0.2455    0.4509      583.22       45.603      -41.751       -1.325     1.32901              0.000
  98    -29.263       37.318         180.018       -0.551       200467.0          573.7    0.2687    0.4042      592.43       37.336      -47.239       -0.496     1.30788              0.000
  99    -37.206       33.100         171.953       -1.121       201496.4          586.7    0.2712    0.3832      604.13       33.144      -50.957       -2.882     1.27148              0.000
 100    -34.811       34.356         176.636       -1.582       202140.7          598.6    0.2515    0.3901      615.81       34.408      -52.426       -2.995     1.23871              0.000
 101    -29.514       37.167         184.981       -1.470       201139.3          608.0    0.2289    0.4044      625.63       37.203      -53.017       -2.376     1.20443              0.000
 102    -26.082       38.965         192.894       -1.856       201051.8          615.8    0.2094    0.4172      634.15       39.015      -53.555       -2.817     1.18155              0.000
 103    -22.568       40.826         199.529       -1.798       200043.9          620.5    0.1949    0.4284      639.66       40.870      -53.771       -2.549     1.16153              0.000
 104    -19.840       42.250         204.683       -2.179       199820.1          624.2    0.1851    0.4367      644.06       42.310      -53.862       -3.033     1.14968              0.000
 105    -19.068       42.668         208.374       -1.995       198757.5          626.2    0.1784    0.4425      646.59       42.717      -54.238       -2.669     1.13735              0.000
 106    -17.116       43.682         211.027       -2.336       198979.7          628.9    0.1754    0.4464      649.70       43.747      -54.050       -3.135     1.13122              0.000
 107    -19.137       42.616         213.005       -2.232       197835.7          630.4    0.1720    0.4488      651.52       42.680      -54.626       -1.826     1.11944              0.000
 108    -17.027       43.086         214.286       -1.823       198877.8          634.1    0.1712    0.4497      655.43       43.794      -54.111       -0.220     1.11489              0.000
 109    -16.919       41.495         212.564       -4.078       197777.0          637.1    0.1734    0.4441      658.08       43.851      -55.363       -6.759     1.09834              0.000
 110    -26.716       32.050         212.438        2.915       198696.6          641.0    0.1666    0.4395      661.76       38.680      -57.909        7.290     1.09452              0.000
 111    -75.012       11.214         249.317       -6.943       201137.1          635.0    0.0702    0.5066      662.11       13.189      -67.593      -27.762     1.10370              0.000
 112    -69.422       15.447         244.458       -4.676       200958.7          618.9    0.0827    0.5035      644.99       16.140      -66.346      -16.158     1.13142              0.000
 113    -45.470       -5.059         232.955        2.684       201493.2          606.9    0.1198    0.4883      631.24       28.782      -56.520        7.580     1.15699              0.000
 114     13.295      -35.223         214.003        1.562       199303.6          587.5    0.2007    0.4699      609.59       59.799      -45.626        0.517     1.18301              0.000
 115     39.697      -49.035         221.962        3.376       199930.1          588.6    0.2195    0.4946      613.40       73.734      -35.658        2.684     1.18441              0.000
 116     36.791      -47.226         224.638        2.673       199869.5          592.8    0.2169    0.4967      618.28       72.200      -31.347        2.001     1.17533              0.000
 117     31.683      -45.533         224.798        2.641       201104.6          595.3    0.2159    0.4945      620.84       69.504      -29.159        2.423     1.17759              0.000
 118     29.290      -44.344         228.145        3.048       201286.0          596.8    0.2149    0.5000      623.22       68.241      -25.206        3.279     1.17551              0.000
 119     28.290      -44.304         232.873        2.782       201908.0          598.5    0.2150    0.5086      626.10       67.713      -21.451        2.041     1.17580              0.000
 120     26.108      -43.146         237.968        2.949       202101.1          599.8    0.2156    0.5177      628.74       66.562      -17.655        2.730     1.17425              0.000
 121     25.155      -42.459         243.065        2.720       202427.7          601.2    0.2180    0.5270      631.43       66.059      -14.020        1.759     1.17352              0.000
 122     23.752      -41.119         248.147        2.684       202524.7          602.2    0.2211    0.5363      633.89       65.318      -10.700        1.843     1.17196              0.000
 123     21.746      -39.610         253.088        2.367       202631.1          603.3    0.2245    0.5451      636.32       64.259       -7.745        1.452     1.17049              0.000
 124     18.107      -36.889         257.830        2.057       202674.6          604.3    0.2273    0.5532      638.61       62.338       -4.982        1.595     1.16880              0.000
 125     13.073      -33.654         262.436        1.690       202718.0          605.1    0.2298    0.5608      640.72       59.682       -2.245        1.184     1.16740              0.000
 126      7.724      -29.626         267.012        1.297       202743.4          605.8    0.2325    0.5684      642.64       56.858        0.499        1.178     1.16626              0.000
 127      1.844      -25.455         271.903        0.762       202663.4          606.2    0.2362    0.5768      644.42       53.755        3.353        0.265     1.16502              0.000
 128     -4.963      -20.326         276.754        0.078       202579.1          606.4    0.2404    0.5853      646.00       50.162        6.269       -1.171     1.16419              0.000
 129    -12.659      -14.323         281.524       -0.895       202364.1          606.4    0.2440    0.5936      647.39       46.100        9.178       -2.554     1.16290              0.000
 130    -20.586       -6.951         284.739       -2.020       202154.0          606.3    0.2461    0.5990      648.22       41.916       11.620       -5.081     1.16187              0.000
 131    -27.518        0.714         286.472       -2.783       201809.8          606.1    0.2458    0.6017      648.46       38.257       13.554       -8.034     1.16029              0.000
 132    -30.908        7.733         286.512       -2.827       201524.2          605.2    0.2452    0.6016      647.69       36.468       13.644       -5.711     1.16031              0.000
 133    -17.711       13.872         276.478       -2.465       200821.8          603.7    0.2508    0.5832      644.13       43.433        1.961       -2.725     1.15922              0.000
 134    -11.162       19.627         265.141       -2.244       200056.0          602.9    0.2564    0.5612      640.92       46.890       -9.200       -2.369     1.15636              0.000
 135    -11.976       24.257         259.736       -2.656       199791.4          603.3    0.2517    0.5499      639.98       46.461      -15.254       -4.042     1.15395              0.000
 136    -14.167       27.797         254.194       -2.732       199656.7          603.7    0.2510    0.5383      638.98       45.304      -21.972       -5.627     1.15247              0.000
 137    -15.903       31.609         249.746       -2.942       199348.8          603.9    0.2552    0.5293      638.19       44.388      -28.021       -7.546     1.15045              0.000
 138    -14.624       35.904         246.552       -3.205       198845.1          603.8    0.2610    0.5233      637.55       45.063      -30.073       -8.747     1.14773              0.000
 139    -11.077       40.427         243.946       -3.407       198321.0          603.6    0.2676    0.5189      637.10       46.935      -30.861       -9.279     1.14498              0.000
 140     -4.558       45.520         241.370       -3.645       197803.2          603.5    0.2742    0.5151      636.69       50.376      -31.681       -8.080     1.14222              0.000
 141      2.677       50.495         237.494       -3.755       197406.8          603.6    0.2773    0.5087      635.93       54.194      -32.248       -7.226     1.13988              0.000
 142      5.509       52.909         233.216       -3.835       197364.5          603.9    0.2757    0.5004      635.11       55.689      -32.458       -6.594     1.13904              0.000
 143      9.543       55.814         230.433       -3.923       197382.5          604.3    0.2770    0.4956      634.86       57.819      -32.161       -5.969     1.13854              0.000
 144     14.641       59.128         227.967       -4.192       196916.3          604.2    0.2803    0.4922      634.40       60.509      -32.384       -5.792     1.13596              0.000
 145     19.878       62.442         224.316       -4.043       196886.1          604.5    0.2816    0.4862      633.87       63.273      -32.949       -6.046     1.13532              0.000
 146     22.826       64.397         219.661       -3.849       196734.2          604.9    0.2799    0.4778      633.08       64.829      -33.496       -7.025     1.13376              0.000
 147     24.589       65.432         215.614       -4.002       197015.7          605.5    0.2788    0.4701      632.65       65.760      -33.757       -5.586     1.13437              0.000
 148     28.179       67.328         211.567       -4.057       196789.2          605.5    0.2804    0.4634      631.81       67.654      -34.476       -4.683     1.13308              0.000
 149     30.537       68.572         206.408       -3.897       196879.0          605.7    0.2807    0.4541      630.75       68.899      -35.630       -4.180     1.13338              0.000
 150     31.596       69.097         201.226       -3.730       196791.2          605.5    0.2804    0.4449      629.36       69.458      -36.595       -3.733     1.13322              0.000
 151     32.632       69.627         196.470       -3.608       196916.2          604.8    0.2820    0.4369      627.73       70.005      -37.558       -3.412     1.13491              0.000
 152     34.960       70.861         191.161       -3.547       196679.3          603.5    0.2850    0.4288      625.38       71.234      -38.994       -3.282     1.13571              0.000
 153     33.839       70.227         186.121       -3.594       196654.2          602.3    0.2855    0.4204      623.18       70.642      -40.164       -3.040     1.13747              0.000
 154     34.564       70.589         181.607       -3.462       196567.2          600.5    0.2892    0.4145      620.59       71.025      -40.957       -2.601     1.14011              0.000
 155     36.963       71.700         176.255       -3.470       196206.5          597.4    0.2956    0.4082      616.74       72.291      -42.537       -2.114     1.14333              0.000
 156     38.910       72.197         170.865       -3.323       196142.8          594.1    0.3025    0.4017      612.59       73.318      -45.051       -1.645     1.14884              0.000
 157     39.916       72.621         166.660       -3.147       196183.1          591.4    0.3086    0.3968      609.34       73.850      -46.342       -1.575     1.15403              0.000
 158     39.078       72.550         163.655       -3.250       196215.8          590.2    0.3122    0.3933      607.80       73.407      -46.759       -1.655     1.15653              0.000
 159     38.908       72.690         160.969       -3.491       196109.0          590.1    0.3162    0.3907      607.52       73.318      -46.972       -1.796     1.15598              0.000
 160     39.688       73.115         157.816       -3.732       195835.9          590.5    0.3215    0.3876      607.67       73.729      -47.574       -1.849     1.15342              0.000
 161     41.097       73.825         154.541       -3.375       195639.1          591.2    0.3275    0.3844      608.00       74.473      -48.262       -1.511     1.15091              0.000
 162     44.244       75.557         151.564       -3.039       195382.2          591.7    0.3348    0.3828      608.37       76.134      -48.454       -1.398     1.14822              0.000
 163     47.740       77.511         148.828       -3.166       194980.3          592.1    0.3424    0.3816      608.69       77.979      -48.498       -1.702     1.14489              0.000
 164     52.933       80.329         146.088       -3.522       194642.3          592.6    0.3512    0.3812      609.16       80.720      -48.458       -2.122     1.14175              0.000
 165     59.205       83.662         143.096       -4.171       193969.4          592.9    0.3609    0.3808      609.37       84.031      -48.490       -2.673     1.13713              0.000
 166     66.598       87.601         140.165       -4.473       193434.6          593.2    0.3713    0.3808      609.62       87.933      -48.459       -2.955     1.13336              0.000
 167     75.692       92.445         136.484       -4.427       192441.0          593.2    0.3838    0.3808      609.54       92.733      -48.537       -2.938     1.12750              0.000
 168     85.212       97.494         131.664       -4.315       191474.1          593.4    0.3981    0.3798      609.50       97.757      -48.868       -2.830     1.12157              0.000
 169     95.264      102.807         126.400       -4.370       190181.7          593.2    0.4134    0.3790      609.15      103.063      -49.216       -2.792     1.11435              0.000
 170    104.736      107.810         120.534       -4.570       188715.0          592.8    0.4290    0.3778      608.52      108.062      -49.730       -2.835     1.10651              0.000
 171    114.367      112.908         114.030       -4.742       187030.1          592.1    0.4457    0.3770      607.66      113.146      -50.264       -2.858     1.09782              0.000
 172    124.108      118.045         106.637       -5.247       184969.1          591.1    0.4640    0.3766      606.49      118.287      -50.849       -3.059     1.08741              0.000
 173    132.558      122.491          98.341       -5.835       182645.6          589.8    0.4830    0.3760      605.05      122.748      -51.578       -3.294     1.07577              0.000
 174    140.181      126.510          89.269       -6.356       180131.7          588.3    0.5030    0.3758      603.29      126.771      -52.394       -3.452     1.06345              0.000
 175    146.644      129.902          79.573       -7.072       177380.8          586.3    0.5239    0.3756      601.19      130.182      -53.282       -3.677     1.05016              0.000
 176    150.855      132.113          69.254       -7.432       174509.3          584.2    0.5446    0.3747      598.84      132.405      -54.302       -3.753     1.03627              0.000
 177    154.125      133.839          59.014       -7.528       171651.0          582.1    0.5651    0.3743      596.51      134.131      -55.275       -3.715     1.02239              0.000
 178    156.944      135.301          48.773       -8.060       168734.7          579.9    0.5858    0.3744      594.14      135.619      -56.266       -3.867     1.00825              0.000
 179    158.746      136.240          37.689       -8.360       165662.9          577.5    0.6078    0.3742      591.60      136.570      -57.404       -3.922     0.99329              0.000
 180    160.152      137.005          26.274       -8.130       162221.4          574.8    0.6308    0.3751      588.79      137.312      -58.477       -3.744     0.97647              0.000
 181    160.372      137.136          15.743       -7.996       158976.8          572.3    0.6516    0.3754      586.14      137.428      -59.517       -3.622     0.96054              0.000
 182    158.205      135.990           6.654       -8.042       156361.3          570.4    0.6681    0.3717      583.84      136.284      -60.645       -3.604     0.94772              0.000
 183    153.673      133.616          -0.181       -7.665       154452.5          569.2    0.6787    0.3639      581.97      133.892      -61.742       -3.430     0.93856              0.000
 184    148.889      131.116          -5.242       -7.097       153305.5          568.7    0.6855    0.3543      580.71      131.367      -62.731       -3.170     0.93321              0.000
 185    144.069      128.574          -9.875       -6.906       152223.5          568.2    0.6915    0.3439      579.46      128.823      -63.737       -3.061     0.92834              0.000
 186    140.588      126.734         -14.873       -6.882       151159.1          567.6    0.6993    0.3348      578.29      126.986      -64.673       -3.004     0.92359              0.000
 187    138.552      125.650         -19.813       -7.038       149648.8          566.6    0.7082    0.3287      576.94      125.911      -65.424       -3.024     0.91665              0.000
 188    136.250      124.436         -24.627       -7.109       148151.0          565.7    0.7167    0.3236      575.64      124.696      -66.166       -3.040     0.90969              0.000
 189    135.377      123.963         -29.653       -7.399       146577.0          564.6    0.7264    0.3197      574.36      124.235      -66.837       -3.172     0.90228              0.000
 190    135.133      123.814         -34.078       -7.818       144952.2          563.5    0.7355    0.3167      573.08      124.106      -67.356       -3.373     0.89471              0.000
 191    135.322      123.912         -37.190       -8.003       143727.0          562.7    0.7421    0.3150      572.25      124.206      -67.710       -3.493     0.88892              0.000
 192    135.158      123.801         -39.831       -8.347       142609.3          562.1    0.7475    0.3131      571.62      124.119      -68.076       -3.679     0.88332              0.000
 193    135.553      123.971         -41.757       -8.419       141809.7          562.1    0.7516    0.3116      571.54      124.328      -68.309       -3.672     0.87888              0.000
 194    136.727      124.516         -43.497       -8.409       141039.0          562.0    0.7556    0.3112      571.56      124.948      -68.438       -3.632     0.87442              0.000
 195    137.723      124.989         -45.698       -8.374       140112.8          561.8    0.7605    0.3117      571.37      125.474      -68.577       -3.592     0.86929              0.000
 196    138.819      125.561         -47.472       -8.402       139035.6          561.3    0.7646    0.3129      571.01      126.052      -68.652       -3.591     0.86346              0.000
 197    138.686      125.497         -48.441       -8.451       138576.0          561.4    0.7664    0.3127      571.11      125.982      -68.724       -3.638     0.86053              0.000
 198    138.176      125.211         -48.944       -8.571       138203.5          561.5    0.7668    0.3118      571.13      125.713      -68.801       -3.711     0.85821              0.000
 199    136.436      124.283         -48.968       -8.843       138070.8          561.5    0.7661    0.3100      571.02      124.794      -68.894       -3.882     0.85735              0.000
 200    133.019      122.556         -48.054       -8.688       137873.8          561.4    0.7627    0.3071      570.65      122.990      -69.060       -3.871     0.85641              0.000
 201    132.165      122.141         -48.452       -9.062       138110.5          561.2    0.7633    0.3058      570.32      122.540      -69.116       -4.153     0.85803              0.000
 202    125.049      118.444         -47.876       -8.310       138519.4          560.8    0.7595    0.2993      569.54      118.784      -69.475       -3.957     0.86090              0.000
 203    108.960      110.067         -41.549       -6.175       140781.0          562.3    0.7395    0.2864      570.19      110.292      -69.980       -3.168     0.87234              0.000
 204     88.543       99.301         -30.957       -5.609       144382.8          564.8    0.7081    0.2682      571.80       99.515      -70.767       -3.211     0.89025              0.000
 205     74.532       91.896         -28.560       -6.249       148528.4          567.4    0.6938    0.2424      573.09       92.120      -72.660       -3.815     0.91137              0.000
 206     78.600       94.007         -35.262       -6.937       148916.5          566.2    0.7081    0.2342      571.52       94.268      -73.020       -4.149     0.91584              0.000
 207     84.354       97.026         -43.276       -7.296       145977.5          562.4    0.7278    0.2386      567.87       97.304      -73.072       -4.268     0.90419              0.000
 208     83.694       96.658         -49.934       -7.556       144486.7          560.4    0.7418    0.2398      565.86       96.956      -73.536       -4.440     0.89829              0.000
 209     82.306       95.894         -55.074       -7.923       143129.7          558.8    0.7526    0.2418      564.29       96.223      -73.922       -4.689     0.89246              0.000
 210     80.625       94.967         -59.341       -8.363       142241.8          557.8    0.7612    0.2440      563.36       95.336      -74.261       -5.003     0.88854              0.000
 211     77.683       93.373         -62.323       -8.745       141443.0          557.0    0.7668    0.2445      562.56       93.784      -74.630       -5.325     0.88479              0.000
 212     75.061       91.885         -64.117       -9.723       141187.8          556.8    0.7696    0.2442      562.34       92.399      -74.913       -6.010     0.88350              0.000
 213     71.452       89.841         -65.093      -10.850       140664.7          556.3    0.7707    0.2422      561.75       90.495      -75.240       -6.838     0.88100              0.000
 214     69.892       88.959         -64.910      -11.265       141314.2          557.0    0.7691    0.2405      562.38       89.671      -75.353       -7.161     0.88395              0.000
 215     68.558       87.952         -63.617      -13.397       140970.5          557.0    0.7656    0.2375      562.24       88.967      -75.407       -8.564     0.88183              0.000
 216     62.335       84.941         -62.575      -11.245       141504.2          557.9    0.7606    0.2303      562.81       85.682      -75.877       -7.471     0.88379              0.000
 217     47.176       76.360         -60.042      -14.268       143948.0          560.0    0.7490    0.2121      564.21       77.681      -77.053      -10.408     0.89563              0.000
 218     53.196       79.567         -59.323      -14.398       143614.9          559.7    0.7493    0.2167      564.10       80.859      -76.514      -10.096     0.89401              0.000
 219     52.429       79.425         -55.802      -12.823       143594.4          559.8    0.7414    0.2121      564.04       80.454      -76.450       -9.050     0.89376              0.000
 220     44.896       75.236         -53.795      -13.725       143288.8          559.6    0.7348    0.2029      563.52       76.478      -77.009      -10.184     0.89213              0.000
 221     38.807       72.165         -53.019      -12.644       143740.9          560.1    0.7310    0.1966      563.76       73.264      -77.501       -9.790     0.89421              0.000
 222     34.669       69.956         -52.916      -12.593       143521.0          559.9    0.7297    0.1932      563.45       71.080      -77.854      -10.055     0.89317              0.000
 223     29.378       67.218         -53.303      -12.040       143833.5          560.1    0.7289    0.1896      563.63       68.287      -78.330      -10.005     0.89468              0.000
 224     24.891       64.910         -54.061      -11.492       143719.6          560.0    0.7297    0.1878      563.47       65.919      -78.750       -9.891     0.89418              0.000
 225     18.280       61.451         -55.240      -11.010       143847.2          560.1    0.7309    0.1854      563.54       62.430      -79.370      -10.012     0.89481              0.000
 226     11.383       57.901         -56.818      -10.182       143815.7          560.0    0.7333    0.1847      563.52       58.789      -80.021       -9.791     0.89469              0.000
 227      2.400       53.220         -58.794       -9.423       143773.9          560.0    0.7367    0.1848      563.52       54.048      -80.858       -9.825     0.89456              0.000
 228     -8.349       47.662         -61.125       -8.256       143680.6          559.8    0.7413    0.1874      563.51       48.374      -81.836       -8.947     0.89425              0.000
 229    -10.418       39.173         -63.502       -6.392       143430.4          559.4    0.7466    0.1930      563.43       47.283      -82.035        0.376     0.89325              0.000
 230      9.238       26.593         -65.684       -3.559       143043.9          558.7    0.7536    0.2063      563.30       57.657      -80.373        1.227     0.89196              0.000
 231     31.805       13.375         -68.110       -1.709       142437.2          557.6    0.7635    0.2285      563.16       69.568      -78.501        1.126     0.89000              0.000
 232     43.674        6.261         -71.184       -1.783       142009.1          556.7    0.7736    0.2497      563.22       75.833      -77.504       -0.005     0.88876              0.000
 233     43.701        5.865         -74.084       -2.476       141671.0          556.0    0.7807    0.2626      563.15       75.848      -77.443       -0.595     0.88770              0.000
 234     37.447        9.711         -76.992       -3.625       141478.8          555.5    0.7864    0.2699      563.02       72.547      -77.874       -2.807     0.88725              0.000
 235     27.792       16.271         -80.079       -5.212       141209.9          555.0    0.7919    0.2748      562.83       67.451      -78.601       -4.869     0.88634              0.000
 236     19.892       24.381         -85.616       -7.005       140829.0          554.4    0.8031    0.2844      562.88       63.281      -79.275       -7.771     0.88497              0.000
 237     22.318       32.577         -92.045       -8.888       140256.2          553.3    0.8177    0.2988      563.06       64.561      -79.286       -7.944     0.88293              0.000
 238     26.254       41.289         -76.494       -9.450       138997.9          552.6    0.7846    0.2661      560.26       66.638      -78.983       -6.791     0.87600              0.000
 239     20.985       45.155         -54.614      -10.763       141200.8          554.4    0.7354    0.2293      560.83       63.857      -79.281       -6.830     0.88712              0.000
 240     22.419       53.203         -48.496      -11.771       141115.4          554.1    0.7232    0.2344      560.84       64.615      -79.275      -10.418     0.88696              0.000
 241     26.677       63.451         -49.331      -13.083       140322.7          553.9    0.7266    0.2388      560.92       66.862      -79.147      -13.704     0.88225              0.000
 242     35.590       69.743         -46.814      -14.386       140057.8          554.2    0.7226    0.2515      561.53       71.566      -78.318      -15.885     0.88010              0.000
 243     47.381       76.228         -44.029      -15.085       139535.0          554.0    0.7189    0.2630      561.72       77.790      -77.066      -12.300     0.87710              0.000
 244     56.896       81.156         -41.717      -16.157       139282.4          554.0    0.7160    0.2707      562.02       82.812      -76.003      -11.760     0.87546              0.000
 245     65.477       85.646         -39.742      -16.931       138944.0          553.9    0.7139    0.2772      562.12       87.341      -75.000      -11.329     0.87357              0.000
 246     74.553       90.397         -38.332      -17.632       138639.1          553.8    0.7134    0.2832      562.30       92.131      -74.013      -11.060     0.87180              0.000
 247     81.284       93.865         -36.881      -18.455       138279.7          553.5    0.7124    0.2868      562.24       95.684      -73.241      -11.039     0.86986              0.000
 248     88.314       97.586         -35.887      -18.782       138079.4          553.5    0.7126    0.2909      562.40       99.394      -72.497      -10.761     0.86867              0.000
 249     97.045      102.127         -35.433      -19.597       137532.6          553.1    0.7149    0.2975      562.38      104.003      -71.662      -10.712     0.86579              0.000
 250    104.566      106.012         -34.498      -20.416       137251.0          553.0    0.7155    0.3017      562.49      107.973      -70.950      -10.733     0.86418              0.000
 251    110.533      109.095         -32.641      -21.076       136919.0          552.8    0.7140    0.3042      562.44      111.122      -70.318      -10.759     0.86234              0.000
 252    115.530      111.660         -32.176      -21.719       136718.4          552.8    0.7149    0.3070      562.55      113.760      -69.864      -10.814     0.86116              0.000
 253    122.132      115.184         -31.357      -21.834       136324.8          552.5    0.7159    0.3103      562.56      117.244      -69.330      -10.572     0.85897              0.000
 254    126.889      117.625         -29.477      -22.452       136052.3          552.4    0.7141    0.3121      562.54      119.755      -68.853      -10.634     0.85744              0.000
 255    132.473      120.508         -28.132      -23.077       135757.8          552.2    0.7138    0.3155      562.63      122.703      -68.361      -10.670     0.85579              0.000
 256    137.518      123.170         -25.590      -23.322       135405.1          552.0    0.7110    0.3175      562.55      125.365      -67.839      -10.565     0.85383              0.000
 257    141.455      125.181         -23.102      -23.885       135209.0          552.0    0.7078    0.3191      562.61      127.443      -67.393      -10.634     0.85267              0.000
 258    146.695      127.903         -20.917      -24.376       134813.0          551.7    0.7060    0.3226      562.61      130.209      -66.881      -10.628     0.85050              0.000
 259    152.374      130.879         -18.143      -24.775       134420.8          551.4    0.7035    0.3264      562.64      133.206      -66.304      -10.565     0.84834              0.000
 260    157.963      133.795         -14.621      -25.224       134040.4          551.2    0.6996    0.3296      562.67      136.156      -65.678      -10.534     0.84620              0.000
 261    160.760      135.223         -10.265      -25.623       133821.1          551.2    0.6926    0.3296      562.62      137.633      -65.181      -10.584     0.84486              0.000
 262    162.864      136.296          -6.484      -25.928       133714.3          551.2    0.6864    0.3298      562.70      138.743      -64.768      -10.616     0.84411              0.000
 263    166.786      138.383          -2.256      -26.031       133367.2          551.0    0.6807    0.3325      562.70      140.813      -64.189      -10.516     0.84215              0.000
 264    170.183      140.132           2.436      -26.437       133020.8          550.8    0.6739    0.3348      562.69      142.606      -63.588      -10.549     0.84021              0.000
 265    173.223      141.714           7.366      -26.702       132732.5          550.7    0.6667    0.3372      562.74      144.211      -62.995      -10.540     0.83855              0.000
 266    176.675      143.535          13.220      -26.877       132344.9          550.5    0.6582    0.3403      562.77      146.033      -62.262      -10.489     0.83634              0.000
 267    177.407      143.916          19.604      -26.943       132066.7          550.4    0.6471    0.3409      562.70      146.419      -61.655      -10.489     0.83473              0.000
 268    178.837      144.703          26.136      -26.839       131892.7          550.4    0.6363    0.3432      562.87      147.174      -60.941      -10.399     0.83359              0.000
 269    180.151      145.349          33.221      -27.153       131335.8          550.0    0.6251    0.3466      562.74      147.867      -60.175      -10.486     0.83058              0.000
 270    180.651      145.671          41.534      -26.865       131062.2          549.9    0.6113    0.3502      562.93      148.132      -59.308      -10.370     0.82893              0.000
 271    181.546      146.171          50.648      -26.758       130404.6          549.5    0.5967    0.3557      562.88      148.604      -58.233      -10.316     0.82534              0.000
 272    180.378      145.563          60.284      -26.652       129946.4          549.2    0.5800    0.3605      562.93      147.987      -57.174      -10.325     0.82281              0.000
 273    179.130      144.995          70.612      -26.089       129313.9          548.7    0.5625    0.3671      562.95      147.329      -55.934      -10.172     0.81941              0.000
 274    176.701      143.753          81.191      -25.749       128593.9          548.3    0.5443    0.3743      563.00      146.047      -54.633      -10.145     0.81545              0.000
 275    173.037      141.916          92.880      -25.021       127844.4          547.8    0.5237    0.3828      563.17      144.112      -53.176      -10.036     0.81129              0.000
 276    169.359      140.063         104.518      -24.340       126872.1          547.1    0.5035    0.3929      563.21      142.171      -51.464       -9.910     0.80601              0.000
 277    162.904      136.735         116.290      -23.568       125814.5          546.3    0.4814    0.4023      563.13      138.764      -49.807       -9.882     0.80041              0.000
 278    156.900      133.711         127.399      -22.442       125012.6          545.8    0.4607    0.4129      563.43      135.595      -47.929       -9.620     0.79586              0.000
 279    145.083      127.633         135.165      -20.949       123531.0          544.8    0.4449    0.4158      563.02      129.358      -46.731       -9.416     0.78780              0.000
 280    130.907      120.219         148.429      -19.811       122895.5          544.7    0.4165    0.4253      563.73      121.876      -45.139       -9.857     0.78362              0.000
 281    131.507      120.635         162.622      -19.263       120909.3          543.3    0.3920    0.4504      563.86      122.192      -41.326       -9.339     0.77294              0.000
 282    128.439      119.122         171.430      -18.464       118491.1          541.4    0.3793    0.4655      563.22      120.573      -38.208       -8.989     0.76018              0.000
 283    119.007      114.228         182.398      -17.496       117534.5          540.8    0.3600    0.4798      563.98      115.595      -35.317       -8.940     0.75431              0.000
 284    114.537      111.956         194.297      -16.740       115250.1          539.0    0.3422    0.5006      563.85      113.236      -31.347       -8.706     0.74205              0.000
 285    108.651      108.914         205.502      -16.059       113162.7          537.5    0.3256    0.5198      563.92      110.129      -27.284       -8.584     0.73052              0.000
 286    104.204      106.652         216.379      -15.315       110866.6          535.8    0.3114    0.5400      563.98      107.782      -22.828       -8.340     0.71782              0.000
 287    100.696      104.856         226.491      -14.807       108362.5          534.0    0.3004    0.5598      563.92      105.930      -18.232       -8.178     0.70391              0.000
 288     97.651      103.303         236.642      -14.330       105828.6          532.2    0.2918    0.5801      564.01      104.323      -13.508       -8.011     0.68964              0.000
 289     96.435      102.712         246.851      -13.938       103026.0          530.1    0.2866    0.6017      564.04      103.681       -8.704       -7.815     0.67381              0.000
 290     95.207      102.100         255.591      -13.654       100155.7          528.2    0.2830    0.6204      563.89      103.033       -4.516       -7.668     0.65741              0.000
 291     92.088      100.501         260.967      -13.207        97863.5          527.2    0.2776    0.6307      563.79      101.386       -1.634       -7.484     0.64386              0.000
 292     86.230       97.463         262.840      -12.599        96345.0          527.2    0.2683    0.6319      563.78       98.295       -0.034       -7.296     0.63445              0.000
 293     79.360       93.906         263.201      -11.845        95400.5          527.7    0.2575    0.6296      563.95       94.669        0.816       -7.054     0.62821              0.000
 294     73.589       90.915         264.255      -11.231        94355.2          527.9    0.2484    0.6296      564.00       91.623        1.771       -6.862     0.62161              0.000
 295     69.242       88.665         266.291      -10.749        93096.4          527.6    0.2421    0.6327      563.95       89.328        3.317       -6.717     0.61402              0.000
 296     65.421       86.695         267.968      -10.245        91837.5          527.0    0.2382    0.6355      563.71       87.312        4.782       -6.550     0.60659              0.000
 297     60.696       84.239         268.218       -9.774        90902.3          526.8    0.2348    0.6348      563.45       84.817        5.436       -6.437     0.60094              0.000
 298     54.815       81.194         267.240       -9.084        90264.0          527.0    0.2311    0.6307      563.40       81.714        5.120       -6.224     0.59659              0.000
 299     49.324       78.330         266.135       -8.604        89827.5          527.8    0.2278    0.6263      563.92       78.815        4.399       -6.098     0.59281              0.000
 300     47.933       77.519         265.953       -9.088        89221.7          527.6    0.2285    0.6262      563.73       78.081        4.125       -6.354     0.58923              0.000
 301     50.469       78.795         266.852       -9.464        88252.4          525.2    0.2330    0.6313      561.91       79.420        4.539       -6.381     0.58578              0.000
 302     52.620       79.994         267.667       -9.162        87221.6          522.2    0.2367    0.6362      559.34       80.555        4.936       -6.164     0.58276              0.000
 303     53.565       80.545         267.815       -8.788        86432.6          519.5    0.2386    0.6392      556.83       81.054        5.208       -5.931     0.58090              0.000
 304     54.131       80.840         267.166       -8.765        85819.2          517.1    0.2394    0.6401      554.39       81.352        5.270       -5.957     0.57969              0.000
 305     53.048       80.297         265.764       -8.446        85535.9          515.6    0.2371    0.6384      552.42       80.781        5.409       -5.836     0.57956              0.000
 306     47.368       77.449         262.111       -7.009        85828.2          515.3    0.2284    0.6281      550.73       77.783        4.536       -5.289     0.58184              0.000
 307     38.094       72.593         257.638       -6.007        87018.7          516.8    0.2148    0.6123      550.44       72.888        3.264       -4.975     0.58858              0.000
 308     26.376       66.521         251.827       -4.635        88181.2          517.7    0.2054    0.5930      549.48       66.703        0.858       -4.011     0.59565              0.000
 309     17.890       62.120         243.078       -3.151        89296.0          517.4    0.2131    0.5700      547.56       62.224       -3.105       -2.819     0.60357              0.000
 310      9.956       57.908         231.389       -3.206        90284.8          516.5    0.2299    0.5421      544.98       58.036       -7.628       -3.051     0.61168              0.000
 311      3.109       54.289         226.066       -3.229        91257.5          516.6    0.2350    0.5272      544.08       54.422      -10.757       -3.476     0.61816              0.000
 312      8.467       57.137         230.873       -3.342        91387.3          517.4    0.2254    0.5399      545.28       57.251       -9.927       -3.328     0.61772              0.000
 313     14.368       60.255         237.163       -3.467        90754.2          517.6    0.2140    0.5556      546.30       60.365       -8.283       -3.257     0.61287              0.000
 314     17.628       61.973         242.800       -3.595        90550.3          518.7    0.2034    0.5679      548.14       62.086       -7.036       -3.344     0.60999              0.000
 315     20.862       63.684         247.924       -3.596        90025.5          519.3    0.1945    0.5795      549.50       63.793       -5.284       -3.256     0.60557              0.000
 316     22.758       64.673         252.691       -3.819        89777.6          520.0    0.1864    0.5893      551.01       64.793       -3.666       -3.519     0.60284              0.000
 317     23.716       65.186         257.041       -3.697        89323.7          520.3    0.1792    0.5983      552.00       65.299       -1.638       -3.350     0.59933              0.000
 318     24.590       65.641         260.922       -3.860        89225.7          520.9    0.1738    0.6060      553.32       65.760        0.202       -3.511     0.59781              0.000
 319     23.684       65.135         263.915       -4.182        88789.5          521.0    0.1683    0.6116      553.89       65.282        1.730       -3.923     0.59470              0.000
 320     22.193       64.433         266.978       -2.656        88975.9          521.7    0.1640    0.6168      555.23       64.495        3.491       -2.302     0.59497              0.000
 321     22.273       64.073         267.755       -7.568        88619.6          521.8    0.1625    0.6180      555.37       64.537        3.426       -7.025     0.59246              0.000
 322     10.817       58.314         270.938        4.064        88652.3          522.9    0.1505    0.6208      556.91       58.491        6.191        4.184     0.59140              0.000
 323    -39.334       31.479         279.400       -5.861        89955.7          518.3    0.0756    0.6316      552.70       32.020       17.945      -10.373     0.60476              0.000
 324    -28.899       33.090         285.300      -17.703        90417.7          519.7    0.0917    0.6454      555.69       37.528       23.440      -25.254     0.60626              0.000
 325     -4.494       50.341         259.438       -0.258        89659.2          519.8    0.1223    0.5946      550.58       50.409      -16.960        0.839     0.60099              0.000
 326    -15.403       44.319         254.063       -5.125        89412.1          521.9    0.1149    0.5796      551.22       44.652      -25.748       -7.326     0.59698              0.000
 327    -21.558       41.260         250.457       -3.118        89744.4          524.0    0.1131    0.5695      552.53       41.403      -31.678       -3.976     0.59670              0.000
 328    -26.752       38.477         247.569       -3.137        89498.4          525.0    0.1135    0.5621      552.84       38.661      -36.875       -3.946     0.59397              0.000
 329    -33.506       34.860         245.648       -3.386        89700.3          526.4    0.1131    0.5565      553.84       35.097      -41.865       -5.529     0.59368              0.000
 330    -37.874       31.805         242.968       -2.639        89611.5          527.8    0.1176    0.5498      554.65       32.791      -45.196       -2.180     0.59161              0.000
 331    -39.605       26.816         239.092       -2.332        89678.9          528.9    0.1260    0.5406      555.05       31.877      -46.621       -1.263     0.59078              0.000
 332    -29.824       20.232         238.402       -0.889        89624.8          527.7    0.1330    0.5405      553.82       37.040      -38.293        1.541     0.59180              0.000
 333    -15.907       11.449         243.948        0.023        89562.5          524.6    0.1391    0.5564      552.15       44.385      -26.355        2.775     0.59492              0.000
 334     -1.010        2.830         249.978        0.277        89443.2          521.8    0.1550    0.5742      551.05       52.249      -17.956        1.977     0.59743              0.000
 335     10.258       -4.053         252.509        0.091        89359.5          519.8    0.1727    0.5837      550.15       58.196      -14.881        1.611     0.59915              0.000
 336     17.556       -8.367         254.149       -0.192        89317.3          518.3    0.1865    0.5904      549.39       62.048      -13.019        1.175     0.60069              0.000
 337     20.498      -10.520         256.542       -0.595        89353.9          517.1    0.1959    0.5975      549.08       63.600      -11.065        0.310     0.60233              0.000
 338     20.949      -10.826         259.623       -1.086        89420.3          516.2    0.2023    0.6052      549.06       63.838       -8.658        0.070     0.60394              0.000
 339     18.448       -9.581         263.466       -1.723        89531.7          515.4    0.2067    0.6138      549.35       62.518       -5.916       -1.019     0.60562              0.000
 340     13.534       -6.758         267.926       -2.724        89630.3          514.8    0.2098    0.6232      549.90       59.925       -2.580       -2.748     0.60704              0.000
 341      5.146       -1.884         272.956       -4.374        89757.2          514.4    0.2112    0.6330      550.77       55.497        1.504       -5.974     0.60836              0.000
 342     -5.699        5.142         277.440       -6.002        89813.3          514.2    0.2109    0.6413      551.62       49.773        6.148      -11.350     0.60901              0.000
 343    -16.175       13.910         280.413       -7.013        89828.2          513.8    0.2083    0.6465      551.95       44.244       10.278      -15.135     0.60950              0.000
 344    -18.964       22.085         282.956       -7.935        89784.4          513.7    0.2095    0.6515      552.52       42.772       11.090      -15.552     0.60941              0.000
 345     -9.789       30.516         277.201       -7.704        89260.2          513.3    0.2184    0.6400      551.21       47.614       -0.498      -11.263     0.60628              0.000
 346     -8.301       36.381         269.484       -6.663        88979.2          512.9    0.2319    0.6232      549.46       48.400      -10.003       -9.919     0.60485              0.000
 347     -6.008       42.023         267.957       -6.756        88728.9          512.6    0.2405    0.6207      549.20       49.610      -12.992      -11.218     0.60345              0.000
 348     -1.008       48.124         267.843       -6.759        88322.6          512.2    0.2498    0.6220      549.19       52.250      -14.960      -12.556     0.60112              0.000
 349      6.531       54.297         268.211       -6.751        87929.6          511.9    0.2591    0.6249      549.38       56.229      -15.560      -13.338     0.59884              0.000
 350     17.191       60.834         269.145       -6.793        87398.1          511.4    0.2703    0.6299      549.66       61.855      -15.811      -11.858     0.59576              0.000
 351     31.242       68.545         269.405       -6.897        86946.5          511.2    0.2817    0.6340      550.13       69.271      -16.209       -8.892     0.59288              0.000
 352     42.448       74.587         266.924       -6.600        86567.3          511.0    0.2855    0.6318      549.54       75.186      -16.783       -7.218     0.59051              0.000
 353     48.342       77.790         264.074       -6.228        86625.4          511.3    0.2848    0.6269      549.16       78.297      -16.566       -6.125     0.59056              0.000
 354     55.168       81.447         262.732       -6.367        86419.0          511.2    0.2886    0.6263      548.98       81.900      -16.511       -5.672     0.58924              0.000
 355     62.657       85.451         261.636       -6.416        86168.6          511.1    0.2944    0.6266      548.92       85.853      -16.653       -5.294     0.58767              0.000
 356     72.244       90.562         259.855       -6.231        85849.1          510.9    0.3015    0.6266      548.71       90.913      -17.260       -4.871     0.58572              0.000
 357     79.926       94.657         256.492       -5.914        85642.9          510.8    0.3048    0.6224      548.04       94.967      -17.995       -4.461     0.58436              0.000
 358     84.151       96.906         252.980       -5.776        85574.7          510.9    0.3053    0.6167      547.32       97.197      -18.455       -4.185     0.58381              0.000
 359     89.250       99.620         250.666       -5.781        85450.2          510.9    0.3091    0.6141      547.01       99.889      -18.859       -4.011     0.58296              0.000
 360     96.908      103.680         247.840       -5.741        85137.9          510.6    0.3153    0.6120      546.48      103.931      -19.639       -3.873     0.58109              0.000
 361    101.359      106.048         243.541       -5.456        85018.9          510.7    0.3171    0.6052      545.57      106.280      -20.638       -3.640     0.58027              0.000
 362    104.306      107.624         239.503       -5.100        84967.7          510.7    0.3182    0.5985      544.75      107.836      -21.341       -3.348     0.57987              0.000
 363    108.558      109.879         236.382       -5.052        84815.4          510.6    0.3226    0.5946      544.19      110.080      -22.027       -3.263     0.57895              0.000
 364    113.879      112.702         231.906       -4.785        84577.9          510.4    0.3277    0.5887      543.25      112.888      -23.310       -3.106     0.57757              0.000
 365    117.238      114.489         226.787       -4.381        84458.9          510.3    0.3309    0.5806      542.17      114.661      -24.521       -2.865     0.57685              0.000
 366    120.186      116.055         221.745       -4.114        84362.9          510.3    0.3344    0.5726      541.18      116.217      -25.670       -2.725     0.57625              0.000
 367    121.533      116.775         216.102       -3.707        84250.5          510.2    0.3365    0.5628      539.89      116.928      -26.992       -2.527     0.57561              0.000
 368    122.893      117.491         210.995       -3.559        84213.8          510.2    0.3401    0.5541      538.94      117.646      -28.176       -2.466     0.57539              0.000
 369    125.050      118.633         204.974       -3.255        84006.0          509.9    0.3454    0.5444      537.63      118.785      -29.797       -2.359     0.57425              0.000
 370    125.588      118.918         198.223       -2.676        83901.0          509.8    0.3493    0.5324      536.19      119.068      -31.407       -2.097     0.57368              0.000
 371    125.544      118.894         191.964       -2.189        83810.5          509.7    0.3538    0.5213      534.92      119.045      -32.870       -1.884     0.57323              0.000
 372    126.534      119.410         185.311       -1.837        83606.6          509.4    0.3604    0.5105      533.49      119.568      -34.399       -1.748     0.57220              0.000
 373    126.460      119.363         178.068       -1.571        83397.8          508.9    0.3673    0.4984      531.85      119.529      -36.122       -1.643     0.57126              0.000
 374    126.811      119.544         170.475       -0.948        83195.6          508.3    0.3759    0.4864      530.09      119.714      -37.788       -1.346     0.57051              0.000
 375    127.700      120.001         162.661       -0.486        82878.0          507.3    0.3864    0.4753      528.00      120.183      -39.348       -1.129     0.56943              0.000
 376    128.153      120.224         154.635       -0.152        82601.4          505.9    0.3980    0.4642      525.65      120.422      -40.979       -0.984     0.56889              0.000
 377    129.162      120.746         146.439        0.363        82251.9          504.1    0.4114    0.4539      522.95      120.955      -42.549       -0.764     0.56830              0.000
 378    130.023      121.202         138.456        0.762        81868.0          502.1    0.4255    0.4445      520.09      121.409      -44.008       -0.594     0.56772              0.000
 379    131.211      121.839         130.525        1.094        81412.6          499.8    0.4406    0.4361      517.17      122.036      -45.353       -0.430     0.56680              0.000
 380    132.622      122.595         122.449        1.375        80856.0          497.4    0.4566    0.4284      514.13      122.781      -46.648       -0.278     0.56534              0.000
 381    133.955      123.307         114.574        1.483        80231.5          495.1    0.4726    0.4217      511.18      123.485      -47.846       -0.203     0.56339              0.000
 382    135.057      123.894         106.865        1.792        79551.8          492.8    0.4886    0.4157      508.38      124.066      -48.982       -0.041     0.56095              0.000
 383    137.206      125.030          99.108        2.237        78788.8          490.6    0.5056    0.4114      505.78      125.201      -49.991        0.179     0.55780              0.000
 384    139.348      126.166          91.357        2.339        77908.9          488.5    0.5228    0.4079      503.26      126.331      -50.943        0.251     0.55375              0.000
 385    141.137      127.115          83.612        2.530        77039.2          486.5    0.5399    0.4047      500.95      127.275      -51.893        0.373     0.54956              0.000
 386    143.961      128.604          75.685        2.926        76059.4          484.5    0.5583    0.4032      498.71      128.766      -52.738        0.580     0.54459              0.000
 387    147.272      130.350          67.387        3.194        74948.4          482.4    0.5778    0.4027      496.41      130.514      -53.563        0.717     0.53873              0.000
 388    150.386      131.992          58.950        3.414        73787.4          480.4    0.5977    0.4028      494.16      132.157      -54.356        0.835     0.53246              0.000
 389    153.198      133.472          50.549        3.650        72583.3          478.2    0.6174    0.4032      491.90      133.642      -55.134        0.962     0.52587              0.000
 390    156.229      135.068          42.084        3.842        71365.3          476.1    0.6377    0.4040      489.67      135.241      -55.896        1.074     0.51913              0.000
 391    159.200      136.630          34.137        4.161        70092.4          474.0    0.6572    0.4063      487.50      136.809      -56.472        1.242     0.51203              0.000
 392    162.042      138.124          25.706        4.426        68799.9          471.8    0.6773    0.4083      485.28      138.309      -57.223        1.376     0.50472              0.000
 393    165.635      140.025          17.069        4.366        67430.0          469.5    0.6986    0.4103      483.02      140.206      -57.908        1.390     0.49690              0.000
 394    167.668      141.098           9.989        4.456        66134.3          467.5    0.7158    0.4118      480.97      141.279      -58.440        1.481     0.48948              0.000
 395    168.163      141.352           4.278        4.735        65234.8          466.2    0.7284    0.4107      479.47      141.540      -59.029        1.656     0.48427              0.000
 396    167.701      141.109           0.078        4.652        64458.8          465.2    0.7371    0.4072      478.16      141.296      -59.555        1.704     0.47985              0.000
 397    164.991      139.681          -2.814        4.560        64022.8          464.7    0.7414    0.4006      477.28      139.866      -60.180        1.766     0.47745              0.000
 398    162.921      138.589          -5.245        4.588        63670.9          464.4    0.7451    0.3941      476.58      138.773      -60.759        1.865     0.47555              0.000
 399    161.451      137.822          -7.715        4.429        63232.9          463.9    0.7495    0.3884      475.78      137.998      -61.305        1.863     0.47316              0.000
 400    160.653      137.406         -10.221        4.427        62806.5          463.5    0.7544    0.3839      475.07      137.576      -61.791        1.899     0.47077              0.000
 401    160.993      137.590         -12.707        4.485        62331.2          462.9    0.7599    0.3813      474.39      137.756      -62.157        1.937     0.46805              0.000
 402    161.179      137.699         -14.964        4.282        61845.7          462.3    0.7647    0.3789      473.71      137.854      -62.498        1.862     0.46521              0.000
 403    160.890      137.558         -16.864        4.104        61418.4          461.9    0.7683    0.3761      473.10      137.701      -62.835        1.808     0.46267              0.000
 404    160.786      137.511         -18.263        3.998        61083.4          461.6    0.7709    0.3736      472.67      137.646      -63.103        1.786     0.46064              0.000
 405    160.353      137.291         -19.345        3.890        60815.1          461.4    0.7726    0.3708      472.32      137.418      -63.352        1.764     0.45897              0.000
 406    159.733      136.967         -20.213        3.989        60596.9          461.2    0.7736    0.3679      472.05      137.090      -63.599        1.826     0.45759              0.000
 407    159.955      137.091         -20.915        3.915        60368.9          461.1    0.7750    0.3662      471.82      137.208      -63.743        1.809     0.45612              0.000
 408    158.616      136.394         -21.200        3.689        60198.1          461.0    0.7744    0.3629      471.57      136.501      -63.999        1.731     0.45501              0.000
 409    158.542      136.361         -20.970        3.573        60190.3          461.1    0.7736    0.3612      471.69      136.462      -64.041        1.693     0.45483              0.000
 410    155.692      134.864         -19.725        3.435        60092.0          461.1    0.7689    0.3568      471.41      134.958      -64.265        1.661     0.45418              0.000
 411    156.213      135.141         -18.699        3.436        60491.5          462.0    0.7664    0.3551      472.19      135.233      -64.103        1.640     0.45633              0.000
 412    153.456      133.694         -17.652        3.372        60292.0          461.7    0.7623    0.3501      471.62      133.778      -64.275        1.607     0.45518              0.000
 413    157.507      135.835         -20.643        3.527        60767.2          461.8    0.7704    0.3493      471.68      135.916      -64.266        1.598     0.45854              0.000
 414    152.955      133.400         -14.726        3.249        60727.5          462.9    0.7560    0.3474      472.73      133.513      -63.803        1.552     0.45722              0.000
 415    105.633      108.374          18.656        1.598        61949.5          470.0    0.6609    0.3591      481.28      108.536      -56.578        2.333     0.45959              0.000
 416     79.201       86.921          47.158        0.481        63956.7          474.4    0.6204    0.3827      488.90       94.585      -47.034       -0.945     0.46953              0.000
 417     56.871       79.863          37.558        0.276        65431.7          475.8    0.5866    0.3329      485.97       82.799      -63.967       -2.014     0.47864              0.000
 418     69.624       89.502           9.501        0.457        66008.8          472.8    0.6496    0.2732      479.05       89.530      -70.459        0.009     0.48595              0.000
 419     88.139       99.291          -7.653        0.687        65183.9          468.1    0.6970    0.2643      473.76       99.302      -69.868        0.316     0.48496              0.000
 420     94.859      102.843         -16.488        0.214        64727.9          466.2    0.7198    0.2626      471.66      102.849      -69.968        0.062     0.48367              0.000
 421    101.156      106.169         -22.175        0.048        63982.8          464.5    0.7358    0.2666      470.14      106.173      -69.821       -0.001     0.47984              0.000
 422    103.062      107.176         -27.318        0.132        63524.6          463.5    0.7483    0.2681      469.07      107.179      -70.018        0.078     0.47754              0.000
 423    102.239      106.739         -31.888        0.499        63002.9          462.2    0.7588    0.2680      467.74      106.745      -70.400        0.290     0.47496              0.000
 424    101.190      106.184         -36.382        0.723        62837.2          461.5    0.7689    0.2698      467.08      106.191      -70.765        0.415     0.47447              0.000
 425    107.717      109.630         -41.188       -0.934        62300.3          460.2    0.7832    0.2798      466.21      109.636      -70.502       -0.473     0.47169              0.000
 426    119.303      115.750         -44.280       -0.281        61794.3          459.0    0.7960    0.2959      465.67      115.751      -69.700       -0.136     0.46910              0.000
 427    123.259      117.837         -46.585        0.525        61437.3          458.1    0.8035    0.3029      465.15      117.839      -69.498        0.251     0.46723              0.000
 428    122.589      117.484         -48.181        0.283        61503.5          458.2    0.8068    0.3037      465.21      117.485      -69.642        0.135     0.46771              0.000
 429    121.941      117.142         -48.944        0.492        61616.1          458.4    0.8080    0.3036      465.45      117.144      -69.738        0.239     0.46833              0.000
 430    120.779      116.529         -48.880        0.469        61741.1          458.8    0.8070    0.3020      465.79      116.530      -69.832        0.230     0.46886              0.000
 431    119.015      115.598         -48.173        0.516        61896.0          459.3    0.8043    0.2990      466.15      115.599      -69.941        0.255     0.46954              0.000
 432    117.711      114.910         -47.417        0.506        62075.0          459.8    0.8016    0.2965      466.50      114.911      -70.010        0.252     0.47043              0.000
 433    116.230      114.128         -46.906        0.536        62219.1          460.1    0.7995    0.2942      466.77      114.129      -70.107        0.269     0.47115              0.000
 434    118.688      115.426         -47.303        0.457        62115.3          460.3    0.8014    0.2973      467.03      115.427      -69.925        0.227     0.47024              0.000
