
OVERALL TURBINE PERFORMANCE
============================================================
Blade-jet speed ratio     0.3962
Pitchline loading         3.1518
Total-Total PR            4.9700
Total-Static PR           5.6018
Energy Extraction           402.9360
Corrected Speed           32.5748
Flow function           0.9511

STAGE PERFORMANCE
====================================================================================================
Stage  Location     Alpha1    Alpha2     Beta2     Beta3    Alpha3      Phi       Psi    Reaction
    1       Hub      -2.40      78.08     -77.04     -77.27     -38.18    0.3297    0.8278      0.3582
    1      Mean      -3.88      72.47      44.21     -66.37     -16.29    0.6261    1.6469      0.4251
    1       Tip      -5.37      79.36     -83.19     -51.18      24.51    0.4686    0.3194      0.4672
    2       Hub     -53.87      73.33      -1.63     -69.74     -22.60    0.4450    1.3817      0.3989
    2      Mean     -20.02      64.32     -10.53     -59.84      -0.63    0.6937    1.1643      0.4587
    2       Tip      26.59      70.12     -50.75     -55.43      12.31    0.6834    0.8364      0.5251


Span station K = 37

  J       %dVm        Vx(m/s)      Vtheta(m/s)    Vr(m/s)       Pstat(Pa)       Tstat(K)    Mrel      Mabs        T0(K)       Vm(m/s)     Swirl(deg)   Pitch(deg)  Density(kg/m3)     mdot(kg/s)
--------------------------------------------------------------------------------------------------------------------------------------------
   1      4.939       55.388           0.000        0.025       342132.6          707.7    0.6301    0.1065      709.00       55.388      -80.275        0.025     1.68457              0.000
   2     -8.294       48.391          -0.663        1.123       342555.1          708.1    0.6291    0.0930      709.08       48.404      -81.499        1.327     1.68571              0.000
   3    -11.540       46.689          -1.380        0.393       342422.5          708.1    0.6301    0.0899      709.05       46.690      -81.814        0.482     1.68496              0.000
   4    -15.106       44.802          -2.080        0.759       342472.2          708.2    0.6309    0.0864      709.09       44.808      -82.156        0.969     1.68496              0.000
   5    -18.191       43.178          -2.847        0.459       342555.4          708.3    0.6320    0.0836      709.13       43.180      -82.454        0.607     1.68514              0.000
   6    -21.165       41.608          -3.724        0.456       342529.1          708.3    0.6333    0.0810      709.12       41.610      -82.744        0.626     1.68491              0.000
   7    -23.936       40.146          -4.697        0.341       342620.0          708.4    0.6348    0.0788      709.17       40.148      -83.015        0.485     1.68517              0.000
   8    -26.644       38.718          -5.685        0.222       342596.6          708.4    0.6364    0.0769      709.17       38.718      -83.279        0.325     1.68498              0.000
   9    -29.274       37.330          -6.640        0.137       342655.4          708.5    0.6380    0.0752      709.20       37.330      -83.534        0.207     1.68515              0.000
  10    -31.893       35.948          -7.598        0.029       342638.8          708.5    0.6396    0.0737      709.20       35.948      -83.786        0.039     1.68503              0.000
  11    -34.468       34.588          -8.666       -0.049       342678.4          708.5    0.6414    0.0727      709.23       34.589      -84.034       -0.090     1.68513              0.000
  12    -37.072       33.214          -9.876       -0.146       342644.6          708.5    0.6435    0.0721      709.23       33.214      -84.283       -0.269     1.68497              0.000
  13    -39.755       31.797         -11.139       -0.207       342648.0          708.6    0.6458    0.0718      709.25       31.798      -84.539       -0.400     1.68495              0.000
  14    -42.582       30.305         -12.318       -0.273       342597.3          708.5    0.6479    0.0718      709.24       30.306      -84.803       -0.557     1.68474              0.000
  15    -45.167       28.940         -13.425       -0.319       342582.7          708.5    0.6499    0.0722      709.25       28.941      -85.043       -0.678     1.68469              0.000
  16    -47.666       27.620         -14.583       -0.363       342506.2          708.5    0.6520    0.0731      709.27       27.623      -85.274       -0.815     1.68433              0.000
  17    -50.004       26.385         -15.815       -0.403       342473.7          708.6    0.6543    0.0745      709.38       26.389      -85.489       -1.014     1.68400              0.000
  18    -52.626       25.001         -16.982       -0.441       342370.7          708.5    0.6565    0.0761      709.36       25.005      -85.725       -1.352     1.68363              0.000
  19    -55.080       23.704         -17.894       -0.465       342326.3          708.1    0.6584    0.0776      708.98       23.710      -85.944       -2.020     1.68442              0.000
  20    -56.529       22.447         -18.728       -0.449       342199.9          707.8    0.6602    0.0791      708.70       22.945      -86.075       -2.254     1.68456              0.000
  21    -55.640       21.564         -19.693       -0.408       342146.2          708.9    0.6615    0.0811      709.86       23.414      -86.008        0.225     1.68167              0.000
  22    -54.946       21.032         -20.944       -0.283       342004.8          710.7    0.6630    0.0836      711.70       23.780      -85.959        1.969     1.67684              0.000
  23    -54.081       21.156         -21.823       -0.058       341944.5          708.6    0.6658    0.0860      709.70       24.237      -85.895        4.297     1.68137              0.000
  24    -53.443       21.718         -21.547        0.076       341772.2          699.1    0.6703    0.0864      700.17       24.573      -85.854        5.898     1.70447              0.000
  25    -52.247       22.654         -18.503        0.241       341693.4          685.5    0.6719    0.0822      686.54       25.205      -85.753        7.093     1.74220              0.000
  26    -52.112       23.044          -9.592        0.046       341527.1          671.4    0.6614    0.0677      672.23       25.276      -85.708        5.347     1.78347              0.000
  27    -51.452       24.448          -2.898       -0.344       341856.2          664.1    0.6512    0.0718      664.93       25.624      -85.603        2.084     1.80681              0.000
  28    -49.618       26.153          -1.959       -0.657       341852.9          663.5    0.6496    0.0772      664.41       26.592      -85.434        1.205     1.80875              0.000
  29    -47.495       27.677          -3.557       -0.726       341869.2          664.0    0.6527    0.0796      665.00       27.713      -85.253        1.200     1.80762              0.000
  30    -46.667       28.128          -4.942       -0.719       341693.1          664.4    0.6554    0.0814      665.35       28.150      -85.189        0.568     1.80599              0.000
  31    -46.141       28.315          -5.338       -2.418       341895.8          664.3    0.6562    0.0821      665.29       28.428      -85.155       -3.726     1.80766              0.000
  32    -40.270       31.193          -5.167       -4.510       341673.8          663.3    0.6571    0.0875      664.43       31.527      -84.642       -7.281     1.81012              0.000
  33    -35.730       33.540          -4.654       -5.024       341383.9          662.0    0.6574    0.0925      663.21       33.923      -84.246       -7.766     1.81363              0.000
  34    -31.818       35.591          -4.074       -5.273       341239.8          660.5    0.6574    0.0975      661.84       35.987      -83.904       -7.824     1.81878              0.000
  35    -27.247       37.956          -3.531       -5.774       340968.8          658.9    0.6578    0.1034      660.38       38.400      -83.508       -8.096     1.82421              0.000
  36    -22.009       40.668          -2.449       -6.332       340749.2          657.1    0.6573    0.1091      658.77       41.165      -83.050       -8.355     1.83088              0.000
  37    -17.643       42.912          -0.938       -6.898       340471.8          655.1    0.6560    0.1138      656.81       43.469      -82.648       -8.708     1.83832              0.000
  38    -13.576       45.012           0.294       -7.361       340321.2          653.1    0.6553    0.1187      654.95       45.616      -82.274       -8.927     1.84615              0.000
  39     -8.694       47.541           1.383       -7.860       339949.3          651.0    0.6551    0.1247      653.04       48.192      -81.839       -9.085     1.85335              0.000
  40     -3.215       50.362           3.145       -8.530       339697.7          648.7    0.6539    0.1306      650.90       51.084      -81.341       -9.345     1.86253              0.000
  41      1.137       52.598           5.264       -9.084       339329.3          645.8    0.6522    0.1354      648.14       53.382      -80.910       -9.523     1.87337              0.000
  42      5.326       54.748           6.671       -9.619       339178.2          643.1    0.6518    0.1410      645.61       55.593      -80.515       -9.694     1.88533              0.000
  43     11.625       58.009           8.762      -10.277       338652.1          640.4    0.6506    0.1480      643.19       58.917      -79.932       -9.796     1.89509              0.000
  44     15.361       59.912          11.367      -10.832       338353.9          637.5    0.6479    0.1524      640.42       60.889      -79.519       -9.967     1.90690              0.000
  45     20.168       62.346          13.247      -11.629       338118.9          634.5    0.6472    0.1587      637.62       63.426      -79.049      -10.308     1.92038              0.000
  46     26.349       65.521          15.813      -12.398       337459.6          631.1    0.6458    0.1662      634.56       66.689      -78.439      -10.459     1.93344              0.000
  47     30.730       67.767          18.697      -12.967       337052.7          627.9    0.6433    0.1718      631.57       69.001      -77.949      -10.554     1.94739              0.000
  48     35.809       70.343          21.513      -13.763       336626.2          625.0    0.6411    0.1783      628.87       71.682      -77.403      -10.793     1.96010              0.000
  49     40.778       72.841          24.904      -14.652       336010.7          621.8    0.6379    0.1848      625.95       74.305      -76.819      -11.062     1.97233              0.000
  50     45.812       75.393          28.107      -15.433       335537.3          618.4    0.6354    0.1919      622.87       76.962      -76.228      -11.241     1.98688              0.000
  51     51.394       78.244          31.819      -16.195       334739.3          614.7    0.6325    0.1998      619.44       79.908      -75.557      -11.368     2.00217              0.000
  52     55.776       80.465          35.797      -16.873       334102.2          610.8    0.6288    0.2068      615.91       82.221      -74.945      -11.489     2.01919              0.000
  53     60.605       82.901          39.751      -17.671       333358.2          607.0    0.6256    0.2146      612.42       84.769      -74.293      -11.676     2.03619              0.000
  54     65.703       85.442          44.423      -18.653       332447.7          603.1    0.6212    0.2232      608.98       87.460      -73.546      -11.925     2.05212              0.000
  55     70.705       87.938          49.429      -19.593       331437.5          599.1    0.6164    0.2321      605.46       90.100      -72.751      -12.148     2.06793              0.000
  56     75.703       90.473          54.805      -20.344       330337.1          594.9    0.6112    0.2418      601.75       92.738      -71.902      -12.241     2.08503              0.000
  57     80.541       92.891          60.939      -21.213       329007.5          590.4    0.6050    0.2525      597.74       95.292      -70.969      -12.402     2.10344              0.000
  58     85.464       95.340          67.449      -22.181       327524.2          585.7    0.5986    0.2637      593.69       97.890      -69.940      -12.641     2.12165              0.000
  59     89.444       97.308          74.299      -22.999       325758.1          581.1    0.5916    0.2745      589.75       99.991      -68.906      -12.863     2.13706              0.000
  60     93.260       99.187          81.694      -23.804       323948.3          576.9    0.5836    0.2859      586.42      102.005      -67.755      -13.021     2.14848              0.000
  61     96.612      100.858          89.591      -24.420       321481.5          573.1    0.5748    0.2978      583.42      103.774      -66.490      -13.125     2.15270              0.000
  62     98.845      101.972          97.851      -24.831       319081.2          569.8    0.5647    0.3095      581.09      104.953      -65.172      -13.201     2.15289              0.000
  63    100.350      102.685         106.732      -25.258       316105.1          566.8    0.5534    0.3220      579.14      105.747      -63.707      -13.318     2.14665              0.000
  64    100.922      102.932         116.037      -25.516       312970.0          564.3    0.5407    0.3351      577.76      106.049      -62.112      -13.418     2.13633              0.000
  65    100.370      102.675         125.580      -25.342       309469.9          562.1    0.5270    0.3485      576.82      105.758      -60.418      -13.361     2.12125              0.000
  66     97.849      101.354         135.464      -25.141       305790.9          560.5    0.5111    0.3618      576.39      104.427      -58.665      -13.426     2.10207              0.000
  67     94.845       99.828         145.143      -24.708       301919.5          559.2    0.4949    0.3754      576.41      102.842      -56.818      -13.397     2.07955              0.000
  68     90.336       97.565         154.631      -23.945       297828.0          558.3    0.4775    0.3886      576.71      100.462      -54.985      -13.300     2.05449              0.000
  69     85.302       95.007         164.056      -23.216       293725.1          557.9    0.4594    0.4022      577.52       97.805      -53.059      -13.242     2.02721              0.000
  70     79.777       92.229         173.291      -22.299       289098.7          557.6    0.4408    0.4160      578.43       94.889      -51.080      -13.128     1.99630              0.000
  71     73.946       89.302         182.232      -21.307       284605.8          557.8    0.4218    0.4297      579.77       91.811      -49.080      -12.959     1.96454              0.000
  72     68.584       86.619         190.831      -20.356       279687.7          558.1    0.4033    0.4436      581.31       88.981      -47.018      -12.797     1.92880              0.000
  73     63.500       84.053         199.252      -19.541       274763.9          558.8    0.3850    0.4577      583.22       86.298      -44.899      -12.717     1.89123              0.000
  74     59.604       82.203         207.650      -18.388       269605.4          559.4    0.3673    0.4729      585.01       84.241      -42.690      -12.145     1.85352              0.000
  75     55.959       80.444         215.665      -17.370       264167.8          559.1    0.3503    0.4883      585.88       82.317      -40.606      -11.683     1.81935              0.000
  76     52.865       78.916         222.183      -16.735       258921.0          558.3    0.3357    0.5017      586.02       80.684      -38.970      -11.553     1.79018              0.000
  77     48.626       76.853         226.744      -15.668       253969.2          557.3    0.3224    0.5113      585.48       78.447      -38.201      -11.161     1.76483              0.000
  78     43.417       74.250         229.772      -14.661       249947.4          556.5    0.3098    0.5178      584.80       75.698      -38.263      -10.856     1.74481              0.000
  79     38.363       71.723         231.926      -13.691       246033.6          555.6    0.2984    0.5230      583.87       73.030      -38.862      -10.549     1.72434              0.000
  80     33.506       69.305         233.689      -12.677       242412.7          554.6    0.2878    0.5277      582.89       70.466      -39.700      -10.156     1.70418              0.000
  81     29.538       67.330         235.178      -11.826       238760.5          553.5    0.2789    0.5323      581.77       68.372      -40.526       -9.792     1.68272              0.000
  82     26.033       65.591         236.145      -11.030       235330.1          552.6    0.2712    0.5360      580.74       66.522      -41.442       -9.410     1.66061              0.000
  83     23.076       64.131         236.534      -10.295       232155.3          551.7    0.2652    0.5387      579.78       64.961      -42.460       -9.014     1.63848              0.000
  84     20.239       62.728         236.570       -9.577       229251.6          551.1    0.2601    0.5406      578.90       63.464      -43.551       -8.601     1.61725              0.000
  85     17.661       61.463         236.336       -8.836       226594.0          550.5    0.2560    0.5418      578.10       62.103      -44.655       -8.127     1.59663              0.000
  86     15.005       60.141         235.877       -8.175       224173.9          550.0    0.2526    0.5423      577.35       60.701      -45.840       -7.708     1.57683              0.000
  87     12.838       59.064         235.264       -7.593       222039.9          549.6    0.2503    0.5424      576.75       59.557      -46.998       -7.312     1.55812              0.000
  88     10.758       58.028         234.459       -7.035       219981.3          549.2    0.2488    0.5420      576.09       58.460      -48.237       -6.917     1.53947              0.000
  89      9.289       57.319         233.409       -6.425       218400.0          548.8    0.2483    0.5410      575.41       57.684      -49.481       -6.417     1.52388              0.000
  90      7.760       56.567         232.345       -5.876       216996.7          548.2    0.2479    0.5395      574.44       56.877      -50.788       -5.951     1.51057              0.000
  91      6.881       56.137         231.510       -5.522       216079.7          547.6    0.2477    0.5383      573.62       56.413      -51.925       -5.643     1.50116              0.000
  92      6.107       55.773         230.835       -5.038       214933.0          547.0    0.2472    0.5372      572.82       56.005      -52.975       -5.189     1.49042              0.000
  93      5.416       55.448         230.100       -4.528       214460.3          547.4    0.2463    0.5355      572.96       55.640      -54.020       -4.696     1.48316              0.000
  94      3.519       54.465         228.978       -4.333       213940.4          548.6    0.2458    0.5318      573.74       54.639      -55.293       -4.548     1.47804              0.000
  95      1.641       53.472         228.345       -4.219       215006.8          550.2    0.2441    0.5282      575.05       53.647      -56.385       -4.443     1.48519              0.000
  96     -1.894       51.684         226.016       -3.107       215840.2          548.5    0.2465    0.5201      572.82       51.782      -57.781       -3.431     1.49134              0.000
  97    -12.593       46.083         218.189       -1.825       217113.8          546.7    0.2570    0.4981      569.53       46.135      -61.235       -2.486     1.49727              0.000
  98    -22.906       40.647         207.665       -1.260       219535.9          552.1    0.2720    0.4701      573.33       40.691      -64.657       -2.107     1.49356              0.000
  99    -30.235       36.814         203.670       -0.438       221491.7          564.1    0.2707    0.4565      584.42       36.823      -67.102       -0.787     1.46251              0.000
 100    -27.624       38.201         208.971        0.074       221812.6          576.7    0.2536    0.4638      597.43       38.201      -67.193        0.091     1.42129              0.000
 101    -22.885       40.701         216.880        0.177       220532.6          585.6    0.2356    0.4765      607.50       40.702      -65.939        0.261     1.38274              0.000
 102    -20.560       41.928         223.900        0.321       220292.2          592.8    0.2204    0.4873      615.77       41.930      -64.614        0.461     1.35664              0.000
 103    -17.867       43.349         229.633        0.381       219423.9          597.5    0.2093    0.4964      621.53       43.351      -62.955        0.529     1.33388              0.000
 104    -16.459       44.092         234.229        0.436       219008.1          601.4    0.2005    0.5033      626.30       44.094      -61.481        0.597     1.31704              0.000
 105    -15.415       44.642         238.141        0.488       218231.8          604.4    0.1934    0.5093      630.11       44.645      -60.051        0.652     1.30134              0.000
 106    -14.265       45.249         241.499        0.521       217969.0          607.0    0.1876    0.5144      633.45       45.252      -58.564        0.687     1.28978              0.000
 107    -13.480       45.664         244.318        0.457       217444.4          608.9    0.1827    0.5189      635.93       45.666      -57.253        0.592     1.27911              0.000
 108    -11.629       46.638         246.487        0.686       217544.1          610.8    0.1798    0.5223      638.35       46.643      -55.809        0.860     1.27284              0.000
 109    -11.851       46.524         247.718        0.394       217045.0          611.6    0.1772    0.5240      639.41       46.526      -55.370        0.493     1.26488              0.000
 110    -10.223       47.377         248.271        0.861       217437.5          616.0    0.1768    0.5234      643.99       47.386      -54.525        1.045     1.25683              0.000
 111     -5.444       49.878         248.877        1.724       217169.4          561.6    0.1827    0.5476      589.69       49.908      -53.890        1.979     1.34727              0.000
 112     -4.158       50.564         251.738       -1.520       217387.4          569.2    0.1774    0.5502      597.91       50.587      -52.344       -1.722     1.33068              0.000
 113    -52.814       24.894         257.278        0.371       219286.5          575.0    0.1403    0.5522      604.34       24.906      -68.830        0.596     1.32882              0.000
 114    -55.153       23.651         241.215       -0.172       218722.4          586.3    0.1712    0.5129      612.15       23.671      -72.993       -1.305     1.29994              0.000
 115    -53.003       23.627         232.882        0.828       219115.1          595.2    0.1882    0.4922      619.44       24.806      -72.715        1.749     1.28311              0.000
 116    -43.334       20.939         231.431       -0.132       218690.4          599.5    0.1941    0.4888      623.69       29.909      -69.389       -2.534     1.27155              0.000
 117    -31.718        8.313         235.468       -1.303       218676.7          602.5    0.1915    0.4979      627.78       36.040      -65.317       -6.446     1.26503              0.000
 118    -10.497       -7.143         242.815       -1.700       218398.1          605.7    0.1913    0.5153      633.07       47.241      -55.223       -4.193     1.25681              0.000
 119      5.167      -18.128         250.602       -1.179       218181.0          607.7    0.1941    0.5333      637.33       55.508      -45.089       -1.992     1.25155              0.000
 120      9.961      -22.581         256.748       -0.736       218078.1          608.8    0.1936    0.5461      640.23       58.039      -38.938       -1.215     1.24847              0.000
 121      7.850      -22.912         261.576       -0.519       218289.0          610.6    0.1887    0.5545      643.18       56.925      -34.666       -1.390     1.24613              0.000
 122      2.456      -20.940         265.822       -0.343       218486.9          612.0    0.1824    0.5614      645.66       54.078      -30.187       -1.098     1.24431              0.000
 123     -3.848      -18.116         269.408       -0.213       218719.3          613.1    0.1765    0.5670      647.67       50.750      -25.672       -1.233     1.24329              0.000
 124    -10.908      -14.674         272.599       -0.040       218837.1          614.1    0.1716    0.5719      649.43       47.024      -20.848       -1.285     1.24200              0.000
 125    -18.464      -10.831         275.555        0.133       218945.6          614.9    0.1680    0.5766      650.97       43.036      -15.595       -1.248     1.24101              0.000
 126    -26.323       -6.538         278.206        0.277       218961.9          615.5    0.1656    0.5809      652.26       38.888      -10.358       -1.114     1.23990              0.000
 127    -33.262       -2.197         280.496        0.272       218944.0          616.0    0.1648    0.5848      653.44       35.225       -6.143       -0.603     1.23870              0.000
 128    -38.471        2.039         282.658        0.155       218857.5          616.4    0.1653    0.5886      654.45       32.476       -2.904       -1.528     1.23744              0.000
 129    -41.593        5.944         284.949        0.143       218744.5          616.6    0.1672    0.5930      655.34       30.828       -0.713       -0.290     1.23639              0.000
 130    -42.666        9.742         287.354        0.009       218572.5          616.7    0.1701    0.5978      656.19       30.262        0.467        2.531     1.23522              0.000
 131    -41.017       13.270         289.331       -0.476       218445.5          616.8    0.1734    0.6019      656.97       31.132        0.280       -1.543     1.23421              0.000
 132    -38.605       16.252         290.778       -0.219       218199.0          616.9    0.1764    0.6050      657.48       32.405       -0.418       -0.060     1.23279              0.000
 133    -36.684       18.624         291.760        0.317       218093.2          617.0    0.1790    0.6070      658.02       33.419       -1.487        3.347     1.23182              0.000
 134    -34.578       21.185         292.469        0.628       217946.8          617.3    0.1818    0.6085      658.60       34.531       -2.665        4.307     1.23043              0.000
 135    -32.839       23.351         292.996        0.990       217764.9          617.7    0.1843    0.6095      659.16       35.449       -4.125        4.816     1.22876              0.000
 136    -30.064       25.794         293.251        1.249       217588.0          618.1    0.1874    0.6102      659.78       36.913       -6.090        5.079     1.22689              0.000
 137    -27.746       27.987         293.183        1.404       217368.0          618.6    0.1899    0.6100      660.36       38.136       -7.129        4.995     1.22465              0.000
 138    -26.348       29.659         292.965        1.588       217203.5          619.3    0.1916    0.6093      660.99       38.875       -7.563        4.279     1.22251              0.000
 139    -24.133       31.708         292.704        1.543       217019.9          619.9    0.1938    0.6088      661.66       40.044       -7.780        3.897     1.22022              0.000
 140    -21.223       34.035         292.275        1.923       216746.7          620.5    0.1961    0.6082      662.23       41.580       -8.017        3.245     1.21754              0.000
 141    -19.736       35.520         291.765        2.668       216539.9          621.2    0.1968    0.6070      662.83       42.364       -8.116        3.876     1.21505              0.000
 142    -18.811       36.795         291.234        2.805       216426.9          622.0    0.1973    0.6057      663.48       42.852       -8.126        3.623     1.21296              0.000
 143    -17.293       38.228         290.680        2.600       216235.3          622.7    0.1982    0.6046      664.08       43.654       -8.109        3.664     1.21057              0.000
 144    -15.978       39.495         289.946        2.624       216052.5          623.4    0.1991    0.6030      664.65       44.348       -8.200        3.818     1.20819              0.000
 145    -14.844       40.585         289.151        2.618       215873.3          624.1    0.1997    0.6013      665.20       44.946       -8.367        3.991     1.20582              0.000
 146    -13.245       41.896         288.444        2.493       215726.0          624.8    0.2004    0.5998      665.79       45.790       -8.569        3.892     1.20363              0.000
 147    -11.907       43.029         287.724        2.394       215520.1          625.5    0.2011    0.5983      666.32       46.497       -8.821        3.296     1.20121              0.000
 148    -10.316       44.148         286.918        2.185       215397.2          626.2    0.2019    0.5965      666.86       47.336       -9.183        3.125     1.19920              0.000
 149     -7.917       45.611         286.127        1.970       215182.0          626.7    0.2035    0.5951      667.29       48.603       -9.644        2.583     1.19691              0.000
 150     -5.425       47.111         285.457        1.760       215022.2          627.3    0.2050    0.5937      667.77       49.918      -10.074        2.513     1.19491              0.000
 151     -2.111       48.892         284.756        1.550       214808.3          627.8    0.2072    0.5925      668.19       51.667      -10.587        3.233     1.19276              0.000
 152      1.974       50.971         284.016        1.524       214607.7          628.3    0.2099    0.5913      668.61       53.823      -11.140        2.011     1.19067              0.000
 153      5.930       53.082         283.535        1.315       214360.1          628.8    0.2127    0.5906      669.05       55.911      -11.594        1.648     1.18843              0.000
 154     11.369       55.995         283.027        0.813       214142.2          629.2    0.2169    0.5902      669.51       58.782      -12.158        1.118     1.18641              0.000
 155     17.635       59.352         282.372        0.529       213719.5          629.4    0.2223    0.5899      669.78       62.090      -12.794        0.798     1.18362              0.000
 156     24.374       63.021         281.936        0.273       213380.5          629.7    0.2283    0.5903      670.19       65.646      -13.243        0.458     1.18122              0.000
 157     32.948       67.713         281.732        0.278       212818.5          629.8    0.2362    0.5918      670.58       70.172      -13.541        0.349     1.17792              0.000
 158     41.602       72.422         281.750        0.335       212234.5          629.9    0.2446    0.5940      671.03       74.740      -13.703        0.281     1.17457              0.000
 159     52.088       78.102         282.072        0.154       211531.0          629.9    0.2550    0.5975      671.63       80.274      -13.676        0.065     1.17066              0.000
 160     63.159       84.087         282.716        0.191       210550.8          629.6    0.2666    0.6022      672.18       86.117      -13.458       -0.013     1.16561              0.000
 161     75.799       90.901         283.810        0.210       209588.8          629.4    0.2798    0.6086      673.00       92.789      -13.069       -0.107     1.16064              0.000
 162     90.103       98.595         285.442        0.542       208140.8          628.9    0.2952    0.6171      673.79      100.339      -12.496       -0.024     1.15363              0.000
 163    105.042      106.612         287.571        1.241       206668.0          628.3    0.3118    0.6272      674.83      108.224      -11.790        0.179     1.14648              0.000
 164    122.251      115.798         290.288        2.033       204722.4          627.4    0.3312    0.6399      675.89      117.307      -11.002        0.391     1.13742              0.000
 165    140.666      125.609         293.792        2.759       202487.5          626.2    0.3525    0.6552      677.19      127.027      -10.117        0.544     1.12709              0.000
 166    160.771      136.285         297.533        3.881       199820.6          624.6    0.3778    0.6726      678.54      137.638       -9.230        0.774     1.11508              0.000
 167    184.017      148.592         301.464        5.662       196556.2          622.4    0.4087    0.6935      679.98      149.908       -8.410        1.142     1.10069              0.000
 168    210.103      162.442         306.491        7.581       192452.5          619.4    0.4434    0.7190      681.51      163.676       -7.613        1.490     1.08271              0.000
 169    236.610      176.403         314.587       10.244       187968.8          616.0    0.4781    0.7504      683.78      177.667       -6.443        1.949     1.06293              0.000
 170    263.598      190.524         325.543       13.235       183031.9          612.0    0.5150    0.7879      686.73      191.912       -4.906        2.417     1.04131              0.000
 171    287.673      203.223         334.826       13.891       177811.6          606.4    0.5565    0.8242      688.42      204.619       -3.895        2.341     1.02004              0.000
 172    309.760      214.790         339.244       14.160       172916.5          601.4    0.5991    0.8544      689.80      216.277       -3.678        2.099     0.99909              0.000
 173    339.974      230.648         348.111       16.140       166975.3          595.7    0.6383    0.8947      692.05      232.224       -2.867        2.214     0.97188              0.000
 174    376.797      250.116         365.442       17.415       162010.4          585.7    0.6900    0.9595      694.36      251.660       -1.163        2.393     0.95311              0.000
 175    406.684      265.866         383.117       18.624       158845.0          575.6    0.7478    1.0309      697.46      267.434        0.229        2.531     0.94462              0.000
 176    422.525      273.874         383.739       19.781       157104.0          574.6    0.7633    1.0421      699.39      275.796        0.027        2.537     0.93669              0.000
 177    427.996      277.034         369.098       16.986       155992.7          570.2    0.7699    1.0332      689.82      278.684       -1.715        2.218     0.93538              0.000
 178    435.239      281.224         352.077       12.886       153131.0          561.9    0.7829    1.0282      676.62      282.506       -3.783        1.717     0.92955              0.000
 179    444.008      285.932         340.426       11.727       149080.3          553.1    0.8011    1.0320      666.26      287.135       -5.326        1.567     0.91586              0.000
 180    452.181      289.989         332.833       12.839       145765.7          549.2    0.8060    1.0274      660.68      291.449       -6.169        1.704     0.90042              0.000
 181    455.957      292.223         323.553       10.560       144549.4          552.3    0.7958    1.0051      660.67      293.441       -6.946        1.429     0.89037              0.000
 182    465.606      297.581         315.915        8.082       143378.1          553.6    0.7997    0.9959      662.39      298.534       -7.884        1.123     0.88206              0.000
 183    477.144      303.684         307.391        8.680       141292.8          557.6    0.7999    0.9811      665.76      304.625       -8.857        1.121     0.86847              0.000
 184    493.107      312.131         297.842       11.477       137814.1          556.2    0.8142    0.9796      663.09      313.050      -10.198        1.528     0.84938              0.000
 185    507.035      319.518         284.830       14.659       135811.8          553.4    0.8246    0.9729      656.66      320.401      -11.943        2.144     0.84076              0.000
 186    515.247      323.652         276.017       17.752       136625.3          553.9    0.8295    0.9650      654.66      324.736      -12.875        2.564     0.84671              0.000
 187    515.724      323.840         265.012       19.117       138878.6          558.0    0.8175    0.9391      653.17      324.987      -13.652        2.767     0.85997              0.000
 188    516.185      324.384         253.446       18.505       140495.5          560.7    0.8106    0.9175      651.08      325.231      -14.709        2.772     0.86862              0.000
 189    520.708      326.651         241.435       18.868       140472.5          561.5    0.8146    0.9041      648.84      327.618      -16.209        2.874     0.86792              0.000
 190    522.287      327.371         229.175       19.795       140655.1          562.6    0.8150    0.8878      646.32      328.451      -17.692        3.050     0.86836              0.000
 191    522.859      327.705         217.631       20.988       140889.0          563.5    0.8158    0.8730      644.00      328.754      -19.021        3.245     0.86935              0.000
 192    524.662      328.664         205.180       21.850       140598.8          563.7    0.8215    0.8597      641.44      329.705      -20.604        3.427     0.86791              0.000
 193    525.896      329.336         191.918       22.368       139711.5          563.3    0.8295    0.8464      638.38      330.356      -22.379        3.577     0.86345              0.000
 194    523.735      328.219         178.769       22.476       139210.9          563.2    0.8349    0.8303      635.27      329.216      -24.205        3.649     0.86089              0.000
 195    522.466      327.566         166.234       22.349       138692.0          562.7    0.8418    0.8165      632.16      328.546      -25.880        3.665     0.85880              0.000
 196    520.980      326.714         154.256       23.504       137589.1          561.6    0.8497    0.8043      628.73      327.762      -27.490        3.920     0.85386              0.000
 197    511.999      321.931         142.807       24.158       137685.4          561.6    0.8497    0.7846      625.46      323.021      -29.242        4.123     0.85460              0.000
 198    505.093      318.346         132.257       23.347       137928.9          561.5    0.8517    0.7683      622.69      319.376      -30.777        4.058     0.85633              0.000
 199    500.262      315.769         122.569       23.836       136915.0          560.2    0.8570    0.7564      619.37      316.827      -32.191        4.227     0.85198              0.000
 200    489.137      309.889         113.334       24.011       137196.0          560.2    0.8551    0.7373      616.48      310.955      -33.746        4.352     0.85374              0.000
 201    483.302      306.899         104.089       23.063       136859.3          559.5    0.8596    0.7249      613.81      307.875      -35.102        4.237     0.85278              0.000
 202    476.309      303.231          94.269       23.140       135797.4          558.3    0.8655    0.7118      610.69      304.184      -36.627        4.321     0.84797              0.000
 203    458.334      293.809          84.817       22.328       136323.2          559.1    0.8597    0.6856      607.90      294.696      -38.560        4.288     0.85023              0.000
 204    434.986      281.568          76.490       20.932       137175.3          560.2    0.8481    0.6537      605.00      282.373      -40.687        4.198     0.85382              0.000
 205    409.985      268.273          70.593       21.842       138383.8          561.4    0.8326    0.6208      602.28      269.177      -42.716        4.609     0.85933              0.000
 206    389.804      257.483          67.198       23.085       139672.3          562.7    0.8170    0.5944      600.37      258.525      -44.190        5.093     0.86517              0.000
 207    372.343      248.219          63.694       23.222       140281.1          563.7    0.8053    0.5720      598.57      249.309      -45.511        5.329     0.86747              0.000
 208    353.976      238.498          60.900       23.073       141037.6          564.7    0.7926    0.5493      597.01      239.615      -46.826        5.523     0.87042              0.000
 209    334.979      228.404          58.603       23.265       141747.0          565.8    0.7786    0.5270      595.49      229.588      -48.066        5.810     0.87303              0.000
 210    315.008      217.748          55.887       23.799       142893.5          567.2    0.7647    0.5044      594.28      219.047      -49.347        6.210     0.87796              0.000
 211    299.333      209.341          52.408       24.513       143737.0          568.0    0.7596    0.4898      593.64      210.773      -50.303        6.622     0.88195              0.000
 212    295.092      206.902          46.730       26.033       143192.4          567.2    0.7700    0.4883      592.74      208.535      -50.776        7.098     0.88014              0.000
 213    297.974      207.926          40.164       29.837       141861.0          566.2    0.7833    0.4897      591.72      210.056      -51.206        8.081     0.87366              0.000
 214    290.866      203.670          34.815       32.853       140120.1          564.5    0.7834    0.4785      588.31      206.304      -52.293        9.047     0.86570              0.000
 215    277.176      196.401          32.991       32.534       141706.6          566.3    0.7690    0.4603      587.81      199.079      -53.429        9.284     0.87274              0.000
 216    262.481      188.219          31.743       34.307       141394.7          568.2    0.7555    0.4447      587.87      191.322      -54.489       10.162     0.86784              0.000
 217    261.235      187.566          85.516       34.233       140187.1          580.8    0.6389    0.4433      599.83      190.665      -50.721       10.179     0.84098              0.000
 218    257.485      185.743          84.370       33.195       139305.7          580.6    0.6382    0.4385      599.21      188.686      -51.151        9.978     0.83599              0.000
 219    224.573      167.878          80.970       34.138       141411.9          583.6    0.6207    0.4012      599.22      171.314      -54.240       11.270     0.84434              0.000
 220    208.589      159.566          77.751       32.679       142438.3          585.5    0.6155    0.3816      599.76      162.878      -55.982       11.345     0.84758              0.000
 221    196.926      153.078          74.885       33.597       141972.9          585.7    0.6137    0.3673      598.90      156.722      -57.327       12.100     0.84456              0.000
 222    185.399      146.837          72.708       33.622       142885.5          586.9    0.6106    0.3535      599.10      150.637      -58.594       12.582     0.84833              0.000
 223    178.453      143.024          71.106       33.832       142759.8          586.9    0.6099    0.3451      598.61      146.971      -59.397       12.964     0.84748              0.000
 224    172.280      139.563          69.869       34.288       143281.6          587.6    0.6088    0.3378      598.79      143.713      -60.093       13.420     0.84963              0.000
 225    167.680      137.046          68.706       34.347       143317.0          587.6    0.6087    0.3323      598.49      141.285      -60.638       13.666     0.84976              0.000
 226    164.075      134.998          67.428       34.681       143692.8          588.1    0.6093    0.3276      598.64      139.382      -61.096       13.975     0.85135              0.000
 227    159.780      132.676          66.459       34.607       143797.6          588.4    0.6090    0.3226      598.66      137.115      -61.589       14.167     0.85151              0.000
 228    156.107      130.700          66.023       34.501       144095.5          588.9    0.6080    0.3186      598.94      135.177      -61.973       14.317     0.85253              0.000
 229    150.250      127.589          65.589       34.169       144205.0          589.2    0.6062    0.3126      598.89      132.085      -62.565       14.504     0.85276              0.000
 230    144.272      124.487          65.138       33.554       144701.7          589.7    0.6043    0.3064      599.15      128.930      -63.170       14.581     0.85483              0.000
 231    134.424      119.394          64.807       32.473       145006.5          590.2    0.6008    0.2968      599.10      123.732      -64.151       14.693     0.85599              0.000
 232    123.039      113.636          63.929       30.740       145794.0          590.9    0.5983    0.2854      599.36      117.723      -65.336       14.552     0.85951              0.000
 233    107.232      105.626          63.014       28.368       146128.4          591.3    0.5953    0.2710      599.24      109.380      -66.994       14.259     0.86084              0.000
 234     91.009       97.452          61.676       25.566       146826.5          592.0    0.5941    0.2574      599.49      100.817      -68.742       13.038     0.86394              0.000
 235     73.316       87.519          61.213       22.535       146761.5          591.9    0.5924    0.2476      599.19       91.479      -70.633        6.327     0.86369              0.000
 236     71.340       78.622          61.675       20.320       147129.8          591.5    0.5908    0.2482      598.98       90.436      -70.765        2.300     0.86645              0.000
 237     74.775       71.898          65.771       20.716       146737.8          590.7    0.5826    0.2655      599.00       92.248      -70.080        7.870     0.86528              0.000
 238     76.032       71.129          67.673       23.708       147126.5          591.2    0.5788    0.2815      600.06       92.912      -69.803       12.715     0.86680              0.000
 239     94.627       92.030          63.184       27.304       145157.5          590.2    0.5972    0.2871      599.58      102.727      -66.743       13.365     0.85665              0.000
 240    106.121      100.968          60.748       29.309       143702.4          588.9    0.6095    0.2954      598.68      108.794      -65.385       14.252     0.84993              0.000
 241    107.881      104.486          56.278       29.304       144348.0          589.7    0.6192    0.2991      599.53      109.722      -65.519       15.821     0.85260              0.000
 242    115.998      109.692          51.580       29.882       143667.2          589.2    0.6320    0.3045      599.16      114.007      -65.190       16.184     0.84931              0.000
 243    119.247      111.416          48.452       30.557       143954.8          589.6    0.6382    0.3055      599.49      115.722      -65.227       15.635     0.85046              0.000
 244    125.157      114.642          45.453       30.908       143366.7          589.2    0.6463    0.3089      599.17      118.841      -64.998       15.055     0.84760              0.000
 245    126.501      115.315          42.919       31.192       143513.6          589.5    0.6507    0.3083      599.31      119.551      -65.150       15.002     0.84813              0.000
 246    128.868      116.583          40.255       31.359       143245.2          589.3    0.6563    0.3095      599.19      120.800      -65.182       14.858     0.84671              0.000
 247    130.079      117.191          37.754       31.579       143353.3          589.6    0.6605    0.3098      599.41      121.439      -65.304       14.823     0.84697              0.000
 248    131.797      118.079          35.680       31.834       143110.4          589.6    0.6644    0.3105      599.36      122.346      -65.352       14.742     0.84557              0.000
 249    132.824      118.679          34.452       31.740       143156.4          589.8    0.6664    0.3101      599.53      122.888      -65.412       14.593     0.84556              0.000
 250    133.835      119.156          33.160       32.039       142838.2          589.7    0.6691    0.3103      599.40      123.421      -65.453       14.675     0.84387              0.000
 251    133.180      118.774          31.723       32.130       142876.8          589.9    0.6710    0.3094      599.52      123.076      -65.652       14.746     0.84384              0.000
 252    135.390      120.012          31.242       32.060       142564.0          589.8    0.6725    0.3107      599.47      124.242      -65.561       14.546     0.84218              0.000
 253    135.212      119.862          31.153       32.266       142451.5          589.8    0.6724    0.3094      599.45      124.148      -65.653       14.655     0.84150              0.000
 254    136.160      120.311          30.537       32.515       142261.9          589.7    0.6739    0.3105      599.46      124.649      -65.657       14.705     0.84048              0.000
 255    138.394      121.463          30.776       32.807       141920.0          589.4    0.6743    0.3118      599.28      125.828      -65.553       14.666     0.83887              0.000
 256    138.705      121.613          31.507       32.883       141712.4          589.3    0.6730    0.3109      599.09      125.992      -65.560       14.681     0.83788              0.000
 257    140.213      122.383          31.503       33.078       141483.8          589.1    0.6737    0.3123      599.06      126.788      -65.508       14.669     0.83675              0.000
 258    142.150      123.433          32.819       33.139       141086.4          588.8    0.6721    0.3127      598.79      127.810      -65.371       14.567     0.83485              0.000
 259    139.697      122.180          34.383       32.813       141072.6          588.8    0.6683    0.3089      598.64      126.515      -65.519       14.584     0.83469              0.000
 260    138.860      121.687          33.605       32.924       140877.8          588.7    0.6699    0.3095      598.55      126.074      -65.654       14.689     0.83378              0.000
 261    143.568      124.133          33.671       33.411       140255.6          588.1    0.6721    0.3150      598.40      128.559      -65.378       14.602     0.83086              0.000
 262    147.305      126.122          36.191       33.620       139649.6          587.7    0.6693    0.3178      598.18      130.531      -65.035       14.472     0.82789              0.000
 263    148.995      127.016          38.777       33.727       139403.5          587.5    0.6655    0.3186      598.10      131.423      -64.816       14.435     0.82666              0.000
 264    149.945      127.476          40.961       33.949       138991.8          587.1    0.6623    0.3193      597.77      131.924      -64.661       14.478     0.82475              0.000
 265    150.934      128.085          43.534       33.690       138798.3          587.1    0.6582    0.3205      597.84      132.447      -64.458       14.324     0.82364              0.000
 266    153.771      129.603          46.599       33.805       138256.2          586.8    0.6544    0.3240      597.76      133.944      -64.060       14.224     0.82085              0.000
 267    154.398      129.920          50.365       33.900       137853.3          586.6    0.6481    0.3255      597.74      134.275      -63.784       14.236     0.81862              0.000
 268    155.268      130.494          54.730       33.514       137502.8          586.6    0.6409    0.3277      597.85      134.734      -63.421       14.038     0.81657              0.000
 269    156.081      130.948          59.620       33.474       136936.4          586.4    0.6329    0.3307      597.87      135.163      -63.010       13.988     0.81343              0.000
 270    156.168      131.072          65.067       33.177       136437.8          586.3    0.6237    0.3338      598.01      135.209      -62.604       13.865     0.81057              0.000
 271    155.878      131.019          70.847       32.763       135763.7          585.8    0.6142    0.3373      597.81      135.056      -62.193       13.717     0.80721              0.000
 272    154.350      130.308          77.099       32.278       135149.7          585.1    0.6034    0.3408      597.42      134.249      -61.823       13.608     0.80446              0.000
 273    153.155      129.799          83.591       31.712       134356.8          584.2    0.5927    0.3456      596.90      133.619      -61.367       13.439     0.80095              0.000
 274    151.598      129.092          90.817       31.140       133430.9          583.2    0.5806    0.3516      596.43      132.797      -60.843       13.289     0.79667              0.000
 275    150.116      128.429          98.924       30.549       132496.9          582.3    0.5670    0.3596      596.14      132.015      -60.170       13.123     0.79225              0.000
 276    148.009      127.434         107.345       29.921       131414.2          581.4    0.5526    0.3684      595.83      130.902      -59.451       12.970     0.78701              0.000
 277    144.360      125.677         115.996       28.971       130398.2          580.5    0.5367    0.3769      595.66      128.976      -58.766       12.758     0.78195              0.000
 278    139.915      123.491         124.456       27.999       129280.1          579.6    0.5204    0.3856      595.38      126.630      -58.129       12.571     0.77640              0.000
 279    134.757      120.964         132.859       26.823       128202.7          578.6    0.5036    0.3946      595.08      123.908      -57.515       12.321     0.77113              0.000
 280    128.641      117.938         141.143       25.545       126994.9          577.3    0.4864    0.4036      594.46      120.680      -56.937       12.058     0.76553              0.000
 281    120.941      114.076         149.273       24.162       125854.1          576.0    0.4680    0.4119      593.74      116.616      -56.478       11.820     0.76035              0.000
 282    112.964      110.095         157.418       22.613       124658.2          574.5    0.4489    0.4209      592.86      112.405      -55.984       11.491     0.75508              0.000
 283    105.296      106.242         165.406       21.244       123366.2          572.8    0.4300    0.4307      591.88      108.358      -55.420       11.201     0.74946              0.000
 284     97.792      102.447         173.294       20.006       122028.8          571.0    0.4111    0.4412      590.88      104.397      -54.783       10.964     0.74362              0.000
 285     91.198       99.142         181.036       18.760       120553.9          569.0    0.3930    0.4526      589.72      100.917      -54.001       10.650     0.73719              0.000
 286     86.498       96.811         188.382       17.727       118975.6          567.1    0.3766    0.4649      588.68       98.436      -53.010       10.329     0.73005              0.000
 287     82.648       94.890         195.437       16.935       117236.5          564.9    0.3614    0.4774      587.47       96.404      -51.911       10.080     0.72208              0.000
 288     79.912       93.566         201.830       16.126       115522.5          562.7    0.3481    0.4895      586.20       94.960      -50.745        9.735     0.71427              0.000
 289     77.713       92.503         207.217       15.455       113773.8          560.5    0.3367    0.5000      584.77       93.799      -49.684        9.425     0.70620              0.000
 290     74.938       91.130         211.522       14.790       112177.2          558.5    0.3267    0.5082      583.30       92.334      -48.925        9.143     0.69880              0.000
 291     71.674       89.512         214.907       14.004       110760.1          556.6    0.3182    0.5143      581.76       90.612      -48.467        8.802     0.69235              0.000
 292     67.832       87.569         217.452       13.307       109488.6          554.7    0.3113    0.5187      580.19       88.584      -48.409        8.526     0.68667              0.000
 293     63.585       85.417         219.176       12.542       108353.3          553.1    0.3061    0.5212      578.69       86.342      -48.835        8.221     0.68161              0.000
 294     59.338       83.269         220.035       11.729       107426.9          551.8    0.3031    0.5220      577.43       84.101      -49.671        7.863     0.67744              0.000
 295     54.834       80.968         220.171       11.022       106643.6          550.8    0.3018    0.5211      576.38       81.724      -50.856        7.573     0.67380              0.000
 296     50.639       78.835         219.902       10.258       106067.7          550.0    0.3018    0.5193      575.47       79.509      -52.142        7.209     0.67126              0.000
 297     47.180       77.077         219.307        9.611       105582.2          549.2    0.3032    0.5171      574.59       77.684      -53.326        6.868     0.66925              0.000
 298     43.647       75.275         218.838        8.984       105214.9          548.9    0.3043    0.5148      574.21       75.819      -54.396        6.548     0.66739              0.000
 299     41.606       74.256         218.653        8.423       104909.9          549.3    0.3053    0.5135      574.62       74.742      -55.075        6.245     0.66508              0.000
 300     42.336       74.607         219.118        8.715       104584.0          549.1    0.3069    0.5148      574.68       75.127      -55.080        6.370     0.66329              0.000
 301     45.100       76.036         220.185        8.931       103971.2          547.1    0.3097    0.5189      573.05       76.586      -54.652        6.348     0.66202              0.000
 302     47.571       77.415         220.731        8.452       103332.5          544.5    0.3131    0.5220      570.64       77.890      -54.336        5.974     0.66156              0.000
 303     49.073       78.253         220.369        8.110       102910.0          542.2    0.3165    0.5228      568.39       78.683      -54.300        5.728     0.66201              0.000
 304     49.673       78.595         219.310        7.854       102600.6          540.2    0.3198    0.5216      566.19       78.999      -54.487        5.549     0.66289              0.000
 305     50.498       79.077         217.790        7.386       102465.8          538.7    0.3231    0.5195      564.34       79.435      -54.758        5.228     0.66427              0.000
 306     48.324       78.023         215.212        6.384       102507.6          538.1    0.3244    0.5132      563.04       78.287      -55.579        4.736     0.66532              0.000
 307     44.565       76.076         212.885        5.606       103168.3          539.4    0.3229    0.5053      563.55       76.303      -56.520        4.295     0.66804              0.000
 308     39.392       73.400         210.589        4.930       103644.4          540.5    0.3214    0.4970      563.79       73.573      -57.604        3.846     0.66963              0.000
 309     35.059       71.165         207.954        4.054       104372.4          541.6    0.3231    0.4883      564.34       71.286      -58.264        3.198     0.67248              0.000
 310     31.156       69.112         203.027        3.799       104779.2          542.2    0.3315    0.4759      564.12       69.226      -59.061        2.976     0.67446              0.000
 311     28.609       67.765         200.032        3.914       105286.5          542.1    0.3371    0.4679      563.62       67.882      -59.415        3.273     0.67786              0.000
 312     36.391       71.875         202.963        3.996       105291.2          541.3    0.3344    0.4775      563.44       71.989      -57.885        3.195     0.67876              0.000
 313     44.373       76.092         207.161        4.060       104694.9          539.6    0.3302    0.4901      562.41       76.202      -56.189        3.076     0.67715              0.000
 314     49.672       78.895         210.916        4.013       104424.3          538.6    0.3260    0.5001      562.07       78.999      -54.840        2.932     0.67675              0.000
 315     55.619       82.040         214.385        3.967       103924.3          537.6    0.3229    0.5100      561.79       82.138      -53.382        2.797     0.67471              0.000
 316     60.087       84.406         217.654        3.873       103525.6          537.0    0.3195    0.5186      561.85       84.496      -52.117        2.653     0.67281              0.000
 317     65.304       87.169         220.636        3.721       103083.3          536.5    0.3173    0.5269      561.95       87.249      -50.729        2.478     0.67054              0.000
 318     69.814       89.550         223.090        3.767       102595.7          536.0    0.3159    0.5338      561.98       89.630      -49.534        2.442     0.66795              0.000
 319     74.456       92.029         225.077        3.061       102210.0          535.6    0.3154    0.5399      562.11       92.080      -48.395        1.906     0.66578              0.000
 320     80.109       94.965         226.960        4.287       101727.2          535.5    0.3159    0.5461      562.46       95.064      -47.094        2.662     0.66273              0.000
 321     83.656       96.926         227.648        1.251       101384.5          535.2    0.3171    0.5491      562.43       96.936      -46.361        0.703     0.66073              0.000
 322     90.258      100.262         227.306        5.570       101188.1          536.2    0.3225    0.5508      563.70      100.421      -45.362        3.257     0.65802              0.000
 323     97.668      104.279         247.946        3.328       100992.8          537.4    0.2935    0.5933      568.90      104.332      -38.385        1.827     0.65480              0.000
 324     96.283      103.455         251.610       -5.489       100690.8          537.0    0.2874    0.6004      569.18      103.601      -37.321       -3.033     0.65338              0.000
 325     54.373       81.377         251.241        4.071       102199.8          540.2    0.2506    0.5814      570.65       81.480      -44.277        2.888     0.65916              0.000
 326     56.494       82.598         245.699        0.466       102198.9          541.8    0.2609    0.5698      571.12       82.600      -45.802        0.316     0.65724              0.000
 327     56.694       82.690         242.417        1.540       102035.1          542.6    0.2663    0.5627      571.27       82.705      -46.827        1.077     0.65519              0.000
 328     57.494       83.119         240.658        1.137       102147.5          543.3    0.2699    0.5591      571.67       83.128      -47.215        0.789     0.65505              0.000
 329     59.028       83.933         239.894        0.795       101982.7          543.5    0.2726    0.5581      571.76       83.937      -47.146        0.549     0.65379              0.000
 330     60.051       84.471         239.724        0.997       102013.9          543.8    0.2740    0.5580      572.11       84.477      -46.976        0.689     0.65361              0.000
 331     61.919       85.459         239.929        0.740       101922.3          543.9    0.2755    0.5592      572.38       85.463      -46.533        0.507     0.65287              0.000
 332     63.672       86.384         240.412        0.809       101889.4          544.1    0.2766    0.5609      572.75       86.389      -46.020        0.555     0.65247              0.000
 333     65.949       87.587         241.117        0.729       101812.9          544.2    0.2779    0.5634      573.10       87.590      -45.339        0.497     0.65190              0.000
 334     68.234       88.792         242.019        0.688       101732.4          544.2    0.2789    0.5663      573.47       88.796      -44.591        0.468     0.65133              0.000
 335     70.833       90.164         243.083        0.670       101630.4          544.2    0.2802    0.5696      573.85       90.168      -43.736        0.456     0.65069              0.000
 336     73.930       91.798         244.242        0.777       101521.4          544.2    0.2819    0.5734      574.25       91.803      -42.773        0.521     0.65002              0.000
 337     77.291       93.569         245.505        0.959       101385.4          544.1    0.2838    0.5775      574.64       93.576      -41.740        0.628     0.64925              0.000
 338     81.298       95.681         246.960        1.135       101255.7          544.0    0.2863    0.5824      575.09       95.692      -40.569        0.724     0.64855              0.000
 339     85.723       98.014         248.532        1.255       101069.0          543.7    0.2892    0.5877      575.47       98.027      -39.331        0.782     0.64763              0.000
 340     90.671      100.622         250.307        1.357       100898.0          543.5    0.2927    0.5936      575.95      100.639      -37.996        0.827     0.64679              0.000
 341     95.999      103.429         252.029        1.550       100641.4          543.1    0.2968    0.5998      576.29      103.451      -36.700        0.908     0.64559              0.000
 342    102.072      106.622         254.038        1.872       100424.4          542.8    0.3018    0.6069      576.81      106.656      -35.280        1.042     0.64459              0.000
 343    107.535      109.478         255.880        2.492       100082.1          542.2    0.3065    0.6135      577.04      109.540      -34.046        1.298     0.64305              0.000
 344    112.641      112.137         257.198        1.620        99960.3          542.0    0.3112    0.6188      577.44      112.235      -33.104        0.887     0.64255              0.000
 345    119.553      115.721         259.151        0.851        99669.4          541.5    0.3180    0.6264      577.87      115.883      -31.872        0.540     0.64129              0.000
 346    125.096      118.749         261.250        1.490        99217.8          540.7    0.3239    0.6339      578.04      118.809      -30.738        0.743     0.63931              0.000
 347    130.141      121.403         263.105        1.835        99004.1          540.2    0.3294    0.6405      578.39      121.472      -29.713        0.821     0.63853              0.000
 348    135.842      124.372         265.169        0.973        98690.1          539.5    0.3360    0.6481      578.66      124.481      -28.652        0.472     0.63735              0.000
 349    141.459      127.231         267.523       -0.078        98366.1          538.7    0.3428    0.6563      578.97      127.445      -27.585        0.093     0.63618              0.000
 350    147.160      130.135         269.997       -1.056        97994.7          537.9    0.3500    0.6648      579.40      130.455      -26.515       -0.234     0.63464              0.000
 351    153.010      133.166         272.402       -1.871        97592.5          537.2    0.3576    0.6733      579.83      133.542      -25.527       -0.478     0.63291              0.000
 352    159.195      136.328         274.655       -2.945        97180.6          536.2    0.3657    0.6818      580.09      136.806      -24.606       -0.775     0.63132              0.000
 353    166.000      139.794         276.804       -4.009        96702.1          535.3    0.3748    0.6906      580.37      140.398      -23.750       -1.038     0.62929              0.000
 354    172.835      143.288         279.026       -4.904        96168.1          534.2    0.3840    0.6997      580.61      144.006      -22.906       -1.245     0.62702              0.000
 355    179.851      146.802         281.408       -6.167        95594.7          533.1    0.3939    0.7093      580.96      147.709      -22.068       -1.531     0.62445              0.000
 356    186.706      150.331         284.016       -6.867        94979.2          532.0    0.4039    0.7194      581.37      151.327      -21.193       -1.668     0.62164              0.000
 357    194.058      154.155         286.670       -7.521        94326.2          530.9    0.4149    0.7300      581.87      155.208      -20.351       -1.790     0.61858              0.000
 358    201.672      158.037         289.356       -8.609        93618.4          529.8    0.4263    0.7409      582.40      159.226      -19.563       -1.996     0.61519              0.000
 359    208.966      161.765         292.042       -9.905        92950.5          528.5    0.4377    0.7518      582.86      163.077      -18.796       -2.285     0.61213              0.000
 360    219.369      167.132         295.158      -11.375        92053.6          527.0    0.4527    0.7658      583.48      168.567      -17.923       -2.561     0.60786              0.000
 361    228.579      171.797         298.050      -12.884        91085.5          525.4    0.4666    0.7789      583.93      173.428      -17.202       -2.769     0.60310              0.000
 362    236.781      175.975         301.841      -14.491        90269.8          523.6    0.4805    0.7934      584.51      177.757      -16.315       -3.079     0.59950              0.000
 363    248.286      181.856         304.960      -16.435        89118.8          521.8    0.4973    0.8089      585.17      183.830      -15.544       -3.402     0.59364              0.000
 364    257.918      186.623         309.983      -18.785        87961.8          519.4    0.5150    0.8280      585.92      188.914      -14.566       -3.768     0.58825              0.000
 365    270.639      193.235         314.637      -20.519        86668.1          516.7    0.5360    0.8489      586.66      195.628      -13.663       -3.986     0.58212              0.000
 366    281.911      199.350         320.156      -20.377        85196.8          514.3    0.5567    0.8705      588.17      201.578      -12.778       -3.851     0.57419              0.000
 367    287.614      202.386         329.774      -20.916        83999.3          509.4    0.5795    0.9011      588.30      204.588      -11.075       -3.989     0.57068              0.000
 368    297.580      207.254         332.074      -23.730        82428.8          507.0    0.5967    0.9166      588.30      209.848      -10.439       -4.464     0.56186              0.000
 369    315.534      216.314         341.874      -26.065        80990.7          503.3    0.6357    0.9584      592.98      219.324       -9.456       -4.514     0.55376              0.000
 370    313.316      215.807         351.712      -23.344        80328.0          501.0    0.6506    0.9826      595.22      218.154       -7.782       -4.168     0.55425              0.000
 371    312.882      215.842         353.272      -21.354        79104.9          493.7    0.6606    0.9979      588.63      217.925       -6.873       -3.912     0.55053              0.000
 372    321.012      219.744         345.972      -21.822        77856.3          493.6    0.6603    0.9879      585.39      222.216       -7.457       -3.874     0.54126              0.000
 373    333.312      225.937         339.300      -22.653        76997.7          495.5    0.6655    0.9784      586.02      228.708       -8.379       -3.857     0.53412              0.000
 374    354.544      236.856         346.231      -23.199        75683.3          490.6    0.7113    1.0228      588.84      239.915       -8.084       -3.772     0.52727              0.000
 375    364.280      242.109         360.525      -21.359        74139.3          483.8    0.7521    1.0722      591.16      245.053       -6.676       -3.595     0.51930              0.000
 376    357.384      238.330         362.662      -21.942        73649.7          483.3    0.7388    1.0633      589.20      241.413       -5.576       -3.621     0.51809              0.000
 377    347.586      232.723         360.087      -23.719        73249.1          478.6    0.7479    1.0852      581.54      236.242       -5.090       -3.726     0.51911              0.000
 378    355.740      236.867         357.247      -23.601        72303.8          476.8    0.7510    1.0788      580.50      240.546       -5.433       -3.655     0.51381              0.000
 379    371.151      244.720         355.747      -20.788        70849.7          472.4    0.7735    1.0922      577.35      248.680       -5.921       -3.523     0.50583              0.000
 380    388.329      253.136         355.204      -17.165        69928.1          470.6    0.7981    1.1040      579.01      257.746       -6.390       -3.296     0.49928              0.000
 381    399.452      258.456         354.364      -14.665        69291.1          467.4    0.8232    1.1223      578.48      263.617       -6.789       -3.163     0.49604              0.000
 382    401.218      259.538         347.716      -12.629        68848.2          465.9    0.8263    1.1167      573.85      264.549       -7.416       -2.953     0.49404              0.000
 383    409.168      264.394         341.851      -11.709        68113.7          464.1    0.8388    1.1191      570.88      268.746       -8.184       -2.748     0.48972              0.000
 384    422.935      271.915         338.088      -11.530        67208.6          463.0    0.8542    1.1200      571.36      276.012       -8.884       -2.699     0.48401              0.000
 385    430.957      275.718         333.567      -10.484        66561.4          462.1    0.8673    1.1224      570.43      280.246       -9.473       -2.585     0.48035              0.000
 386    437.857      278.285         327.294       -6.677        66104.9          459.3    0.8847    1.1320      566.38      283.888      -10.146       -2.232     0.47914              0.000
 387    441.769      280.257         320.409       -4.725        65542.7          457.8    0.8818    1.1157      562.63      285.953      -10.946       -1.969     0.47730              0.000
 388    447.418      284.003         314.574       -5.757        64935.4          457.3    0.8864    1.1064      561.60      288.934      -11.834       -2.042     0.47382              0.000
 389    453.550      288.004         305.096       -6.861        64175.0          456.4    0.8954    1.0988      558.49      292.171      -13.128       -2.082     0.46947              0.000
 390    460.845      291.920         293.440       -7.159        63277.9          454.5    0.9059    1.0903      553.82      296.022      -14.715       -2.076     0.46481              0.000
 391    467.068      294.618         288.405       -7.590        62350.9          451.9    0.9262    1.1007      551.13      299.306      -15.490       -2.129     0.45980              0.000
 392    466.807      294.822         282.988       -8.818        61739.1          452.1    0.9236    1.0850      550.05      299.168      -16.276       -2.131     0.45582              0.000
 393    457.155      290.868         273.386      -12.938        61800.3          455.3    0.8969    1.0415      548.14      294.074      -17.413       -2.456     0.45562              0.000
 394    448.283      286.940         261.410      -18.385        61532.2          456.7    0.8748    1.0012      543.86      289.391      -18.771       -2.959     0.45442              0.000
 395    443.471      284.702         248.223      -23.623        61289.1          459.3    0.8571    0.9606      541.57      286.851      -20.524       -3.388     0.45309              0.000
 396    452.389      289.017         239.273      -28.100        61242.5          461.0    0.8653    0.9496      542.56      291.558      -21.752       -3.744     0.45317              0.000
 397    466.965      297.199         234.025      -26.095        61041.0          461.4    0.8827    0.9513      544.44      299.252      -22.409       -3.416     0.45347              0.000
 398    468.697      298.936         227.625      -20.423        61442.5          460.9    0.8868    0.9416      541.87      300.166      -23.125       -2.843     0.45920              0.000
 399    467.428      298.556         219.747      -17.341        62096.6          461.8    0.8848    0.9247      539.78      299.496      -23.874       -2.537     0.46522              0.000
 400    468.173      298.986         211.598      -15.932        62180.4          461.6    0.8885    0.9132      537.31      299.890      -24.713       -2.325     0.46696              0.000
 401    469.811      299.896         203.517      -15.255        62117.2          461.1    0.8937    0.9038      534.95      300.754      -25.552       -2.202     0.46729              0.000
 402    470.279      300.246         195.719      -14.171        61912.1          460.5    0.8976    0.8942      532.31      301.001      -26.393       -2.059     0.46671              0.000
 403    468.738      299.555         187.917      -12.606        61950.6          460.5    0.8985    0.8819      530.01      300.188      -27.288       -1.856     0.46738              0.000
 404    468.969      299.781         180.370      -11.200        61634.9          459.8    0.9023    0.8727      527.47      300.310      -28.163       -1.655     0.46593              0.000
 405    465.734      298.166         172.471       -9.812        61608.8          459.5    0.9021    0.8589      524.77      298.602      -29.173       -1.488     0.46624              0.000
 406    463.101      296.843         164.559       -8.769        61577.3          459.4    0.9028    0.8457      522.33      297.212      -30.131       -1.389     0.46639              0.000
 407    462.894      296.788         157.046       -7.477        61150.3          458.6    0.9076    0.8366      519.79      297.103      -31.047       -1.204     0.46416              0.000
 408    458.655      294.607         149.587       -5.903        61050.0          458.3    0.9075    0.8227      517.19      294.865      -32.079       -0.982     0.46391              0.000
 409    455.356      292.897         141.785       -4.805        60928.7          458.0    0.9091    0.8099      514.76      293.124      -33.113       -0.846     0.46347              0.000
 410    454.586      292.496         134.502       -3.945        60350.0          457.0    0.9148    0.8017      512.25      292.718      -34.045       -0.717     0.46017              0.000
 411    448.771      289.429         127.429       -3.066        60299.8          456.9    0.9138    0.7872      509.97      289.649      -35.100       -0.599     0.45994              0.000
 412    444.877      287.391         120.548       -1.744        60119.2          456.6    0.9154    0.7755      507.81      287.594      -36.057       -0.407     0.45896              0.000
 413    442.585      286.215         113.628       -0.307        59659.5          455.8    0.9199    0.7665      505.49      286.384      -36.965       -0.177     0.45632              0.000
 414    441.699      285.755         106.233        1.526        59034.9          455.0    0.9266    0.7588      503.34      285.916      -37.888        0.168     0.45237              0.000
 415    429.139      279.054          98.271        4.953        58883.1          455.1    0.9218    0.7360      500.50      279.287      -39.404        0.867     0.45106              0.000
 416    406.692      267.159          90.138        6.626        59762.9          457.3    0.9058    0.6996      498.46      267.439      -41.411        1.278     0.45557              0.000
 417    391.316      259.134          83.077        5.772        60202.9          458.5    0.8973    0.6737      496.58      259.324      -43.011        1.156     0.45777              0.000
 418    381.021      253.778          76.897        4.388        60411.1          459.0    0.8937    0.6553      494.92      253.889      -44.233        0.870     0.45882              0.000
 419    374.406      250.323          70.731        3.432        60066.7          458.6    0.8948    0.6425      492.84      250.398      -45.273        0.673     0.45660              0.000
 420    363.743      244.708          65.239        3.266        59929.2          458.9    0.8914    0.6243      491.05      244.770      -46.530        0.679     0.45530              0.000
 421    349.594      237.248          60.826        3.072        60278.2          460.1    0.8823    0.6021      489.92      237.302      -47.867        0.664     0.45673              0.000
 422    334.510      229.296          57.298        2.319        60734.1          461.6    0.8712    0.5790      489.16      229.340      -49.213        0.552     0.45867              0.000
 423    316.631      219.870          55.288        0.894        61356.5          463.2    0.8556    0.5538      488.31      219.903      -50.606        0.207     0.46175              0.000
 424    293.186      207.499          55.665        1.278        62421.5          464.1    0.8394    0.5331      487.59      207.529      -51.505        0.360     0.46898              0.000
 425    283.223      202.243          55.446        2.029        63587.0          467.5    0.8168    0.5088      488.26      202.270      -52.907        0.627     0.47436              0.000
 426    282.443      201.855          54.530        1.154        63517.0          467.0    0.8151    0.5059      487.23      201.859      -53.265        0.331     0.47433              0.000
 427    280.762      200.970          50.840        0.426        63045.9          465.5    0.8210    0.5020      485.27      200.971      -53.888        0.121     0.47225              0.000
 428    276.024      198.469          46.776        0.783        62802.0          464.5    0.8256    0.4940      483.55      198.471      -54.706        0.231     0.47141              0.000
 429    271.967      196.328          43.279        0.617        62641.3          463.9    0.8293    0.4866      482.37      196.329      -55.426        0.174     0.47074              0.000
 430    268.958      194.740          40.579        0.437        62377.0          463.3    0.8323    0.4810      481.29      194.741      -55.987        0.126     0.46935              0.000
 431    265.899      193.126          38.886        0.153        62246.4          462.9    0.8335    0.4760      480.42      193.127      -56.421        0.042     0.46883              0.000
 432    262.248      191.199          38.698       -0.165        62252.7          462.7    0.8311    0.4711      479.87      191.200      -56.742       -0.053     0.46905              0.000
 433    258.565      189.255          38.208       -0.474        62314.3          462.6    0.8293    0.4659      479.44      189.255      -57.099       -0.142     0.46957              0.000
 434    258.518      189.228          39.104       -0.034        62115.8          462.1    0.8279    0.4668      479.01      189.231      -57.090       -0.040     0.46853              0.000
