
OVERALL TURBINE PERFORMANCE
============================================================
Blade-jet speed ratio     0.3962
Pitchline loading         3.1518
Total-Total PR            4.9700
Total-Static PR           5.6018
Energy Extraction           402.9360
Corrected Speed           32.5748
Flow function           0.9511

STAGE PERFORMANCE
====================================================================================================
Stage  Location     Alpha1    Alpha2     Beta2     Beta3    Alpha3      Phi       Psi    Reaction
    1       Hub      -2.40      78.08     -77.04     -77.27     -38.18    0.3297    0.8278      0.3582
    1      Mean      -3.88      72.47      44.21     -66.37     -16.29    0.6261    1.6469      0.4251
    1       Tip      -5.37      79.36     -83.19     -51.18      24.51    0.4686    0.3194      0.4672
    2       Hub     -53.87      73.33      -1.63     -69.74     -22.60    0.4450    1.3817      0.3989
    2      Mean     -20.02      64.32     -10.53     -59.84      -0.63    0.6937    1.1643      0.4587
    2       Tip      26.59      70.12     -50.75     -55.43      12.31    0.6834    0.8364      0.5251


Span station K = 19

  J       %dVm        Vx(m/s)      Vtheta(m/s)    Vr(m/s)       Pstat(Pa)       Tstat(K)    Mrel      Mabs        T0(K)       Vm(m/s)     Swirl(deg)   Pitch(deg)  Density(kg/m3)     mdot(kg/s)
--------------------------------------------------------------------------------------------------------------------------------------------
   1      2.975       54.351           0.000        0.002       342218.5          707.7    0.5835    0.1045      709.00       54.351      -79.689        0.002     1.68487             11.511
   2      0.841       53.225          -0.551        0.010       342218.9          707.8    0.5841    0.1023      709.02       53.225      -79.915        0.004     1.68472             11.264
   3      0.513       53.052          -1.159        0.034       342207.8          707.8    0.5852    0.1021      709.01       53.052      -79.966        0.026     1.68467             11.271
   4      0.044       52.804          -1.761        0.061       342240.1          707.8    0.5863    0.1017      709.02       52.805      -80.031        0.048     1.68479             11.276
   5     -0.603       52.463          -2.452        0.086       342254.7          707.8    0.5875    0.1013      709.03       52.463      -80.115        0.069     1.68483             11.278
   6     -1.368       52.058          -3.292        0.111       342278.2          707.8    0.5890    0.1008      709.04       52.059      -80.214        0.088     1.68491             11.279
   7     -2.261       51.587          -4.270        0.134       342265.0          707.8    0.5908    0.1004      709.04       51.588      -80.329        0.103     1.68483             11.278
   8     -3.171       51.106          -5.299        0.155       342279.0          707.8    0.5927    0.1001      709.06       51.107      -80.445        0.116     1.68487             11.282
   9     -4.172       50.577          -6.306        0.175       342244.8          707.8    0.5945    0.0998      709.05       50.579      -80.569        0.126     1.68472             11.280
  10     -5.125       50.074          -7.299        0.196       342263.7          707.8    0.5963    0.0997      709.08       50.077      -80.687        0.137     1.68476             11.287
  11     -6.174       49.520          -8.357        0.218       342233.8          707.8    0.5983    0.0997      709.09       49.523      -80.815        0.149     1.68462             11.285
  12     -7.181       48.988          -9.554        0.240       342227.1          707.8    0.6005    0.1000      709.12       48.991      -80.940        0.161     1.68458             11.290
  13     -8.340       48.375         -10.840        0.259       342158.1          707.8    0.6030    0.1004      709.12       48.379      -81.080        0.167     1.68429             11.288
  14     -9.515       47.755         -12.115        0.274       342127.9          707.8    0.6054    0.1011      709.14       47.759      -81.219        0.169     1.68417             11.292
  15    -10.815       47.068         -13.293        0.286       342026.5          707.8    0.6076    0.1017      709.13       47.073      -81.367        0.162     1.68377             11.289
  16    -11.942       46.472         -14.466        0.299       341976.9          707.7    0.6099    0.1026      709.15       46.478      -81.496        0.156     1.68360             11.294
  17    -13.105       45.858         -15.693        0.311       341859.4          707.7    0.6123    0.1039      709.14       45.865      -81.629        0.147     1.68316             11.292
  18    -14.194       45.282         -17.054        0.326       341800.6          707.7    0.6149    0.1055      709.17       45.289      -81.755        0.146     1.68293             11.299
  19    -15.554       44.564         -18.347        0.340       341660.2          707.6    0.6175    0.1071      709.17       44.572      -81.902        0.139     1.68239             11.297
  20    -16.890       43.858         -19.546        0.353       341573.2          707.4    0.6199    0.1089      709.05       43.867      -82.044        0.138     1.68239             11.303
  21    -18.322       43.102         -20.566        0.363       341393.1          707.1    0.6221    0.1105      708.83       43.111      -82.190        0.136     1.68219             11.298
  22    -19.524       42.467         -21.839        0.375       341277.1          707.7    0.6243    0.1128      709.49       42.476      -82.317        0.156     1.68023             11.306
  23    -20.778       41.803         -23.556        0.412       341069.0          708.6    0.6273    0.1162      710.50       41.815      -82.446        0.556     1.67712             11.306
  24    -21.229       41.161         -24.373        0.430       340912.1          705.1    0.6307    0.1185      707.09       41.577      -82.502        1.778     1.68470             11.336
  25    -19.448       40.192         -22.177        0.321       340631.1          695.7    0.6313    0.1154      697.66       42.516      -82.349       -0.467     1.70766             11.378
  26    -18.427       39.215         -11.752        0.381       340493.1          683.4    0.6166    0.1005      685.16       43.055      -82.189       -0.203     1.74081             11.416
  27    -17.222       42.690          -3.321        0.475       340672.6          676.5    0.6028    0.1072      678.31       43.691      -81.977        1.001     1.76262             11.360
  28    -11.504       46.371          -2.756        0.481       340599.2          676.4    0.6023    0.1158      678.41       46.709      -81.393        1.145     1.76608             11.365
  29     -6.295       49.421          -4.918        0.494       340460.5          677.1    0.6071    0.1225      679.28       49.459      -80.900        0.954     1.76636             11.362
  30     -0.645       52.422          -6.180        0.517       340155.3          677.6    0.6103    0.1291      679.88       52.441      -80.369        0.083     1.76539             11.376
  31      3.271       54.488          -6.722        0.543       339927.1          677.7    0.6122    0.1330      680.14       54.508      -80.007        0.046     1.76492             11.378
  32      7.245       56.584          -7.355        0.573       339724.1          677.4    0.6145    0.1371      679.99       56.605      -79.658        0.022     1.76570             11.389
  33     11.403       58.778          -7.617        0.606       339373.9          676.5    0.6163    0.1418      679.31       58.800      -79.307       -0.007     1.76771             11.389
  34     16.301       61.363          -7.754        0.645       339056.1          675.6    0.6181    0.1481      678.60       61.385      -78.882       -0.021     1.77067             11.400
  35     23.271       65.043          -7.260        0.679       338548.9          674.7    0.6190    0.1549      678.00       65.064      -78.288       -0.107     1.77269             11.403
  36     28.307       67.701          -5.858        0.694       338183.8          674.1    0.6178    0.1590      677.60       67.722      -77.824       -0.139     1.77394             11.416
  37     31.927       69.611          -4.786        0.706       337981.2          673.9    0.6169    0.1624      677.47       69.633      -77.483       -0.158     1.77451             11.421
  38     36.627       72.091          -4.277        0.725       337560.3          673.1    0.6176    0.1675      676.95       72.114      -77.071       -0.179     1.77551             11.432
  39     43.101       75.508          -3.142        0.740       337048.7          671.5    0.6180    0.1739      675.69       75.531      -76.507       -0.222     1.77938             11.436
  40     48.876       78.558          -0.929        0.742       336544.5          669.4    0.6166    0.1791      673.82       78.579      -75.954       -0.241     1.78567             11.449
  41     52.645       80.547           1.183        0.743       336290.7          668.0    0.6146    0.1829      672.54       80.568      -75.555       -0.243     1.79090             11.456
  42     57.912       83.327           2.382        0.751       335786.0          667.3    0.6145    0.1887      672.19       83.348      -75.074       -0.255     1.79158             11.470
  43     64.778       86.952           4.759        0.727       335091.9          666.8    0.6128    0.1948      672.00       86.972      -74.431       -0.303     1.79096             11.478
  44     68.773       89.061           7.695        0.680       334673.5          665.5    0.6096    0.1983      670.88       89.081      -73.943       -0.337     1.79443             11.492
  45     73.856       91.744           9.526        0.673       334431.7          663.3    0.6093    0.2045      669.03       91.763      -73.441       -0.349     1.80243             11.501
  46     80.746       95.381          12.618        0.644       333392.9          660.9    0.6077    0.2120      667.04       95.400      -72.740       -0.367     1.80689             11.514
  47     85.569       97.928          16.280        0.584       332928.1          659.2    0.6039    0.2172      665.67       97.946      -72.131       -0.386     1.81166             11.528
  48     91.420      101.017          19.672        0.529       332310.9          657.8    0.6012    0.2239      664.69      101.034      -71.457       -0.406     1.81493             11.542
  49     96.180      103.531          23.772        0.450       331549.6          656.4    0.5969    0.2296      663.54      103.546      -70.790       -0.431     1.81787             11.557
  50    101.106      106.131          27.531        0.381       331062.8          654.5    0.5936    0.2359      662.03      106.147      -70.117       -0.447     1.82401             11.573
  51    106.735      109.103          32.025        0.294       330073.9          652.0    0.5899    0.2436      659.98      109.117      -69.333       -0.468     1.82963             11.587
  52    111.234      111.478          36.833        0.187       329393.9          649.6    0.5849    0.2503      658.03      111.492      -68.567       -0.492     1.83631             11.606
  53    116.680      114.353          41.605        0.078       328474.9          647.3    0.5809    0.2584      656.25      114.367      -67.722       -0.519     1.84202             11.623
  54    121.745      117.027          47.214       -0.055       327410.9          645.1    0.5754    0.2667      654.55      117.040      -66.792       -0.548     1.84677             11.645
  55    126.564      119.571          52.995       -0.194       326433.2          642.8    0.5697    0.2753      652.78      119.584      -65.822       -0.574     1.85249             11.664
  56    131.614      122.236          59.303       -0.346       325194.6          640.0    0.5637    0.2849      650.61      122.249      -64.744       -0.602     1.85905             11.688
  57    136.700      124.920          66.362       -0.516       323893.3          637.1    0.5567    0.2957      648.45      124.933      -63.541       -0.638     1.86629             11.712
  58    141.913      127.670          73.616       -0.708       322249.2          634.8    0.5499    0.3065      646.95      127.685      -62.217       -0.684     1.86667             11.736
  59    146.021      129.837          81.346       -0.916       320527.3          633.1    0.5421    0.3168      646.12      129.853      -60.881       -0.730     1.86182             11.741
  60    149.644      131.748          90.053       -1.132       318624.5          631.4    0.5326    0.3284      645.47      131.765      -59.395       -0.770     1.85540             11.744
  61    153.018      133.526          99.488       -1.364       316229.3          629.6    0.5226    0.3413      644.77      133.546      -57.706       -0.818     1.84638             11.749
  62    155.967      135.079         109.607       -1.600       313784.3          627.8    0.5117    0.3555      644.29      135.103      -55.836       -0.869     1.83703             11.754
  63    158.179      136.243         120.511       -1.832       310843.7          626.0    0.4998    0.3709      643.94      136.270      -53.748       -0.919     1.82429             11.755
  64    159.657      137.019         131.877       -2.048       307765.9          624.3    0.4874    0.3872      643.77      137.051      -51.464       -0.966     1.81031             11.763
  65    160.431      137.424         143.736       -2.235       304444.3          622.6    0.4743    0.4046      643.82      137.459      -48.970       -1.010     1.79449             11.765
  66    159.977      137.180         156.055       -2.390       300696.8          621.0    0.4603    0.4228      643.99      137.219      -46.251       -1.053     1.77581             11.772
  67    159.080      136.702         168.266       -2.503       296987.6          619.6    0.4466    0.4414      644.47      136.746      -43.389       -1.094     1.75652             11.776
  68    157.837      136.043         180.611       -2.576       292970.7          618.3    0.4331    0.4607      645.13      136.090      -40.321       -1.131     1.73507             11.781
  69    156.361      135.261         193.248       -2.608       288667.9          617.1    0.4200    0.4812      646.06      135.311      -37.010       -1.164     1.71136             11.785
  70    154.857      134.464         206.105       -2.599       284021.0          615.8    0.4076    0.5028      647.09      134.517      -33.467       -1.183     1.68572             11.789
  71    153.342      133.661         219.184       -2.558       279078.3          614.5    0.3961    0.5253      648.34      133.717      -29.728       -1.191     1.65772             11.792
  72    152.216      133.063         232.436       -2.508       273913.6          613.5    0.3858    0.5489      649.91      133.123      -25.800       -1.197     1.62734             11.794
  73    151.421      132.640         245.742       -2.456       268314.2          611.6    0.3777    0.5734      650.91      132.703      -21.738       -1.200     1.59751             11.795
  74    150.515      132.159         259.569       -2.385       262767.3          608.0    0.3708    0.5997      650.37      132.225      -17.675       -1.175     1.57799             11.802
  75    150.324      132.057         272.790       -2.358       256769.5          603.2    0.3659    0.6265      648.59      132.124      -13.673       -1.153     1.56225             11.830
  76    149.882      131.821         283.614       -2.487       250903.6          598.7    0.3627    0.6489      646.61      131.891      -10.194       -1.209     1.54550             11.869
  77    147.457      130.535         292.055       -2.746       246296.3          595.3    0.3578    0.6655      645.01      130.611       -7.456       -1.344     1.53212             11.902
  78    144.016      128.711         298.902       -2.993       242383.4          592.6    0.3516    0.6786      643.71      128.795       -5.019       -1.487     1.51871             11.936
  79    140.387      126.793         305.295       -3.091       238969.8          590.4    0.3455    0.6907      642.75      126.879       -2.542       -1.557     1.50576             11.967
  80    137.349      125.192         311.720       -3.033       235354.5          588.1    0.3410    0.7034      641.80      125.276       -0.007       -1.548     1.49065             11.996
  81    134.959      123.930         317.727       -2.929       231625.5          585.7    0.3382    0.7157      640.82      124.014        2.305       -1.527     1.47411             12.025
  82    132.720      122.742         322.818       -2.867       228137.8          583.6    0.3361    0.7265      639.90      122.833        4.179       -1.548     1.45771             12.054
  83    130.482      121.550         326.874       -2.844       225081.9          581.8    0.3344    0.7352      639.05      121.651        5.646       -1.603     1.44255             12.083
  84    128.169      120.318         330.105       -2.811       222374.7          580.2    0.3328    0.7423      638.17      120.431        6.793       -1.656     1.42859             12.110
  85    125.962      119.144         332.798       -2.726       219951.0          578.8    0.3313    0.7484      637.36      119.266        7.744       -1.678     1.41546             12.137
  86    123.854      118.025         335.013       -2.586       217689.5          577.4    0.3300    0.7536      636.49      118.153        8.531       -1.662     1.40282             12.163
  87    121.972      117.026         336.871       -2.416       215644.0          576.2    0.3290    0.7582      635.71      117.160        9.186       -1.629     1.39089             12.191
  88    120.157      116.056         338.443       -2.260       213615.0          575.2    0.3277    0.7623      635.04      116.202        9.715       -1.617     1.37790             12.214
  89    119.077      115.470         339.659       -2.130       211864.3          574.5    0.3270    0.7658      634.63      115.632       10.243       -1.609     1.36535             12.241
  90    118.026      114.902         340.447       -2.021       210397.9          573.7    0.3263    0.7683      633.94      115.077       10.655       -1.577     1.35509             12.263
  91    117.316      114.513         341.296       -1.937       209294.5          573.2    0.3255    0.7707      633.58      114.702       11.196       -1.550     1.34676             12.287
  92    116.359      113.993         341.947       -1.875       208006.2          572.6    0.3241    0.7727      633.04      114.197       11.755       -1.535     1.33678             12.308
  93    116.258      113.929         343.070       -1.810       207304.8          573.5    0.3222    0.7753      634.07      114.144       12.711       -1.480     1.32685             12.332
  94    115.703      113.619         343.962       -1.829       206498.6          575.6    0.3189    0.7765      636.13      113.851       13.738       -1.506     1.31638             12.347
  95    115.953      113.747         346.733       -1.870       207635.7          579.7    0.3133    0.7797      640.71      113.983       15.754       -1.403     1.31587             12.353
  96    112.505      111.909         347.103       -1.971       208801.5          579.4    0.3078    0.7770      640.17      112.163       16.376       -1.492     1.32007             12.333
  97    102.085      106.333         340.365       -2.332       210450.6          575.8    0.3045    0.7587      634.72      106.663       12.594       -2.075     1.33263             12.354
  98     90.615      100.132         328.816       -2.959       213364.0          576.8    0.3065    0.7291      632.92      100.609        6.443       -3.024     1.34674             12.347
  99     83.271       96.166         323.885       -3.253       216726.4          580.8    0.3028    0.7150      635.40       96.733        3.386       -3.502     1.35429             12.377
 100     90.261       99.961         329.846       -2.754       217077.0          582.8    0.2965    0.7296      638.67      100.422        6.360       -2.510     1.34498             12.352
 101     97.785      104.012         337.179       -2.128       214767.3          582.5    0.2918    0.7473      640.06      104.394       10.360       -1.703     1.32706             12.363
 102    101.295      105.887         343.486       -1.676       213969.2          583.4    0.2880    0.7607      642.44      106.246       13.772       -1.354     1.31730             12.346
 103    105.747      108.262         348.623       -1.245       212606.1          583.9    0.2882    0.7724      644.27      108.596       16.634       -1.027     1.30496             12.349
 104    108.665      109.819         353.057       -0.857       211627.8          584.8    0.2884    0.7818      646.34      110.136       18.972       -0.795     1.29440             12.342
 105    111.980      111.582         357.030       -0.461       210480.2          585.6    0.2906    0.7904      648.30      111.886       20.964       -0.561     1.28336             12.346
 106    114.164      112.738         360.188       -0.117       209746.1          586.6    0.2923    0.7967      650.22      113.039       22.477       -0.389     1.27477             12.342
 107    116.167      113.792         362.818        0.220       209142.6          587.6    0.2944    0.8019      652.10      114.096       23.619       -0.235     1.26702             12.344
 108    117.380      114.427         364.803        0.506       208867.1          589.0    0.2954    0.8052      654.09      114.736       24.500       -0.121     1.26075             12.340
 109    118.331      114.923         366.840        0.886       208722.2          590.4    0.2966    0.8086      656.12      115.238       25.368        0.039     1.25531             12.344
 110    119.083      115.310         367.893        1.116       208575.7          592.1    0.2968    0.8097      658.16      115.635       25.869        0.125     1.24925             12.347
 111    126.156      119.232         399.007        5.699       210195.7          606.8    0.3228    0.8644      682.25      119.368       39.872        2.733     1.20704             12.311
 112    126.962      119.438         398.651       -9.230       210285.0          606.8    0.3230    0.8640      682.19      119.794       39.671       -4.406     1.20753             12.368
 113    100.937      105.823         393.540       -7.011       212138.2          608.2    0.2949    0.8457      680.72      106.057       42.002       -3.749     1.21520             12.378
 114     98.297      104.467         393.319       -6.342       212517.0          608.5    0.2927    0.8445      680.82      104.664       42.359       -3.408     1.21682             12.390
 115     95.530      103.038         393.270       -5.716       212389.2          608.4    0.2907    0.8439      680.67      103.203       42.799       -3.081     1.21619             12.398
 116     92.321      101.369         393.500       -5.146       212655.5          608.6    0.2890    0.8436      680.83      101.510       43.411       -2.778     1.21736             12.414
 117     88.606       99.428         393.890       -4.635       212486.2          608.5    0.2872    0.8437      680.77       99.549       44.183       -2.503     1.21658             12.427
 118     84.847       97.459         394.399       -4.175       212679.1          608.6    0.2857    0.8440      680.98       97.565       45.021       -2.241     1.21743             12.447
 119     80.584       95.220         395.062       -3.775       212527.5          608.5    0.2844    0.8447      681.04       95.315       46.033       -2.007     1.21673             12.458
 120     76.658       93.155         395.916       -3.432       212704.0          608.6    0.2837    0.8458      681.38       93.242       47.063       -1.791     1.21752             12.475
 121     72.223       90.820         397.009       -3.157       212478.6          608.5    0.2835    0.8476      681.58       90.902       48.299       -1.620     1.21648             12.476
 122     68.218       88.708         398.327       -2.946       212500.9          608.5    0.2841    0.8499      681.99       88.787       49.523       -1.487     1.21662             12.484
 123     63.581       86.261         399.876       -2.799       212110.5          608.2    0.2851    0.8528      682.28       86.340       50.964       -1.419     1.21485             12.477
 124     59.597       84.153         401.626       -2.710       212031.3          608.2    0.2872    0.8562      682.82       84.237       52.296       -1.409     1.21454             12.485
 125     55.146       81.793         403.625       -2.674       211581.8          607.9    0.2900    0.8603      683.27       81.888       53.772       -1.496     1.21252             12.481
 126     51.621       79.914         405.870       -2.693       211452.3          607.7    0.2939    0.8650      684.00       80.027       55.024       -1.690     1.21203             12.495
 127     47.517       77.713         408.320       -2.752       210863.8          607.3    0.2985    0.8703      684.57       77.862       56.399       -2.131     1.20940             12.493
 128     44.502       76.072         410.619       -2.801       210549.7          607.1    0.3033    0.8754      685.31       76.270       57.447       -2.719     1.20798             12.511
 129     40.857       73.998         413.594       -2.857       209735.0          606.5    0.3098    0.8821      685.94       74.346       58.644       -4.555     1.20448             12.516
 130     42.116       72.717         417.901       -3.188       209316.0          605.9    0.3196    0.8919      687.10       75.011       58.585       -5.508     1.20329             12.564
 131     44.933       71.546         419.515       -3.157       208370.7          605.9    0.3239    0.8957      687.82       76.497       58.063       -5.334     1.19794             12.620
 132     49.880       70.480         416.671       -2.897       207773.4          603.3    0.3204    0.8925      684.36       79.109       56.743       -3.282     1.19971             12.700
 133     73.975       84.513         408.659       -1.583       207818.3          599.6    0.3170    0.8831      678.69       91.826       50.947        2.681     1.20761             12.571
 134     83.255       90.605         400.829       -0.171       207451.4          596.4    0.3085    0.8718      673.29       96.724       46.824        4.913     1.21344             12.545
 135     85.291       93.661         396.983        0.334       207927.5          594.8    0.3044    0.8662      670.63       97.799       44.353        5.650     1.22159             12.490
 136     91.655       98.265         395.404        0.553       207196.3          592.6    0.3078    0.8670      668.32      101.158       41.108        5.610     1.22335             12.477
 137     97.703      102.743         394.413        0.746       206868.8          590.6    0.3129    0.8686      666.50      104.351       37.298        5.266     1.22714             12.449
 138    107.444      108.391         393.852        0.964       205641.7          588.2    0.3226    0.8728      664.52      109.491       33.366        4.521     1.22582             12.455
 139    118.446      114.450         393.580        1.056       204924.9          588.3    0.3331    0.8753      665.15      115.299       31.072        3.622     1.22070             12.443
 140    132.636      122.073         391.624        1.391       203708.2          588.3    0.3419    0.8751      665.19      122.788       28.821        3.292     1.21141             12.449
 141    138.365      125.203         388.620        1.864       203604.6          587.6    0.3427    0.8709      663.63      125.812       27.910        3.064     1.21248             12.440
 142    144.253      128.370         387.168        2.112       203601.5          587.0    0.3462    0.8702      662.93      128.920       27.250        2.909     1.21433             12.444
 143    151.781      132.397         386.672        2.234       202754.0          585.9    0.3531    0.8733      662.06      132.894       26.629        2.713     1.21160             12.441
 144    160.819      137.204         386.156        2.360       202093.4          585.7    0.3606    0.8760      662.30      137.664       25.827        2.623     1.20757             12.450
 145    169.181      141.641         383.847        2.688       201377.0          585.4    0.3648    0.8748      661.73      142.077       24.626        2.687     1.20267             12.449
 146    172.490      143.394         380.286        3.146       201342.3          584.6    0.3633    0.8695      659.86      143.824       23.572        2.821     1.20480             12.459
 147    176.864      145.718         378.569        3.375       201203.6          584.0    0.3659    0.8686      659.03      146.133       22.910        2.819     1.20566             12.456
 148    184.402      149.707         377.009        3.594       200345.5          583.5    0.3717    0.8697      658.58      150.111       21.975        2.860     1.20056             12.465
 149    189.708      152.510         373.623        3.998       200002.5          583.1    0.3728    0.8658      657.38      152.912       20.804        2.983     1.19901             12.469
 150    192.815      154.146         370.134        4.392       199837.6          582.4    0.3723    0.8612      655.72      154.552       19.762        3.122     1.20002             12.480
 151    198.206      156.984         367.623        4.692       199483.2          582.2    0.3758    0.8597      655.19      157.397       18.720        3.217     1.19781             12.483
 152    204.602      160.346         362.819        5.222       198950.7          582.1    0.3777    0.8534      654.03      160.773       16.985        3.398     1.19341             12.493
 153    200.463      158.147         356.075        5.818       199532.2          580.8    0.3668    0.8385      650.07      158.589       15.469        3.606     1.20138             12.499
 154    197.639      156.655         354.461        5.879       200076.0          579.8    0.3632    0.8359      648.55      157.098       15.429        3.657     1.20880             12.508
 155    209.306      162.797         354.169        5.939       198680.7          580.0    0.3776    0.8427      649.77      163.256       14.278        3.696     1.19759             12.512
 156    221.590      169.256         349.299        6.454       196806.1          579.0    0.3882    0.8418      648.49      169.740       12.064        3.881     1.18565             12.527
 157    225.587      171.339         342.482        7.052       196754.9          578.7    0.3877    0.8314      646.47      171.849        9.997        4.087     1.18614             12.536
 158    228.876      173.052         336.077        7.549       196449.4          578.0    0.3880    0.8222      644.15      173.585        8.030        4.232     1.18568             12.548
 159    232.998      175.210         329.952        7.977       196156.5          577.6    0.3900    0.8141      642.29      175.761        6.166        4.346     1.18469             12.558
 160    236.983      177.292         322.976        8.421       195561.1          576.8    0.3922    0.8049      639.89      177.864        4.042        4.485     1.18207             12.571
 161    239.794      178.753         315.429        8.850       195258.7          576.2    0.3934    0.7938      637.42      179.348        1.760        4.605     1.18138             12.585
 162    242.815      180.335         307.362        9.227       194842.1          575.5    0.3956    0.7820      634.74      180.943       -0.622        4.673     1.18016             12.598
 163    244.087      180.997         298.882        9.543       194338.9          574.4    0.3966    0.7689      631.50      181.614       -3.093        4.729     1.17923             12.614
 164    247.765      182.936         290.532        9.791       193892.2          573.8    0.4014    0.7576      629.05      183.555       -5.519        4.737     1.17783             12.629
 165    252.095      185.224         280.600       10.013       192639.0          572.3    0.4085    0.7452      625.56      185.840       -8.301        4.730     1.17203             12.644
 166    254.155      186.316         269.924       10.153       191706.6          570.9    0.4140    0.7301      621.83      186.928      -11.179        4.709     1.16888             12.663
 167    255.544      187.059         258.835       10.214       190684.8          569.5    0.4203    0.7141      617.97      187.661      -14.129        4.660     1.16511             12.681
 168    255.835      187.233         247.065       10.186       189470.9          567.8    0.4271    0.6965      613.75      187.815      -17.227        4.560     1.16051             12.702
 169    255.666      187.176         235.443       10.020       188330.2          566.3    0.4348    0.6790      609.71      187.725      -20.179        4.410     1.15642             12.720
 170    254.821      186.766         223.570        9.747       186847.8          564.3    0.4436    0.6613      605.32      187.279      -23.149        4.239     1.15057             12.742
 171    253.346      186.024         211.729        9.399       185383.8          562.3    0.4530    0.6434      600.97      186.501      -26.042        4.053     1.14512             12.764
 172    251.906      185.304         199.952        8.972       183639.2          560.1    0.4639    0.6262      596.57      185.741      -28.793        3.839     1.13804             12.785
 173    251.825      185.300         187.788        8.486       181687.1          557.9    0.4782    0.6102      592.31      185.698      -31.433        3.613     1.12954             12.808
 174    252.227      185.553         173.938        7.900       179052.8          555.3    0.4968    0.5930      587.67      185.910      -34.235        3.348     1.11629             12.832
 175    249.744      184.281         159.704        7.250       176461.9          552.9    0.5143    0.5732      583.16      184.600      -37.119        3.065     1.10308             12.847
 176    246.309      182.504         147.276        6.611       174656.4          551.4    0.5284    0.5549      579.72      182.787      -39.587        2.791     1.09468             12.860
 177    243.506      181.057         134.966        5.864       172651.0          549.8    0.5441    0.5373      576.35      181.307      -41.907        2.482     1.08495             12.874
 178    241.801      180.188         122.092        5.113       170279.3          548.0    0.5629    0.5208      572.89      180.407      -44.107        2.182     1.07291             12.887
 179    240.458      179.507         108.981        4.414       167574.9          546.0    0.5834    0.5056      569.39      179.699      -46.187        1.905     1.05895             12.896
 180    238.675      178.588          96.108        3.624       164730.5          543.9    0.6038    0.4912      565.93      178.757      -48.181        1.598     1.04437             12.907
 181    236.781      177.606          84.193        2.858       161842.6          541.8    0.6229    0.4783      562.68      177.758      -49.952        1.291     1.02972             12.920
 182    234.399      176.364          73.619        2.211       159175.8          539.9    0.6393    0.4665      559.81      176.500      -51.538        1.019     1.01650             12.937
 183    231.422      174.803          64.574        1.627       156819.8          538.3    0.6526    0.4557      557.26      174.929      -52.970        0.759     1.00533             12.953
 184    228.159      173.070          56.880        0.835       154721.9          536.8    0.6633    0.4458      554.95      173.207      -54.236        0.353     0.99604             12.972
 185    224.822      171.277          49.989       -0.015       152848.2          535.3    0.6727    0.4370      552.80      171.446      -55.390       -0.124     0.98823             12.995
 186    221.694      169.623          43.603       -0.405       151065.3          533.8    0.6819    0.4294      550.67      169.794      -56.431       -0.369     0.98115             13.016
 187    218.442      167.918          37.884       -0.560       149464.2          532.2    0.6900    0.4230      548.64      168.078      -57.388       -0.489     0.97522             13.032
 188    215.363      166.304          32.892       -0.616       147918.7          530.6    0.6972    0.4184      546.64      166.453      -58.243       -0.562     0.96972             13.044
 189    213.153      165.155          28.390       -0.513       146447.7          529.1    0.7040    0.4158      544.90      165.286      -58.954       -0.556     0.96443             13.055
 190    211.456      164.270          24.400       -0.474       144895.2          527.7    0.7104    0.4151      543.41      164.391      -59.588       -0.614     0.95812             13.060
 191    210.548      163.791          21.489       -0.622       143674.5          526.8    0.7151    0.4166      542.54      163.911      -59.974       -0.770     0.95308             13.065
 192    207.861      162.372          19.460       -0.820       142659.6          525.6    0.7174    0.4176      541.37      162.493      -60.547       -0.955     0.94977             13.064
 193    206.099      161.461          17.792       -0.803       142125.9          523.6    0.7197    0.4194      539.37      161.563      -60.792       -0.781     0.95187             13.073
 194    206.708      161.804          16.032       -0.545       141437.1          520.8    0.7240    0.4223      536.68      161.884      -60.714       -0.452     0.95477             13.106
 195    206.224      161.563          14.424       -0.227       140226.5          518.0    0.7279    0.4243      533.87      161.629      -60.962       -0.154     0.95355             13.145
 196    203.848      160.314          13.833        0.051       139295.8          515.8    0.7284    0.4253      531.71      160.375      -61.232        0.095     0.95250             13.180
 197    201.993      159.334          13.556        0.293       138803.9          514.5    0.7282    0.4264      530.45      159.396      -61.384        0.310     0.95234             13.210
 198    198.951      157.723          13.798        0.505       137989.7          513.0    0.7265    0.4259      528.79      157.790      -61.621        0.478     0.95013             13.226
 199    198.217      157.329          13.888        0.674       138302.5          512.8    0.7259    0.4251      528.53      157.403      -61.484        0.592     0.95323             13.258
 200    193.530      154.838          13.810        1.027       137907.2          512.4    0.7235    0.4201      527.79      154.929      -62.060        0.896     0.95130             13.270
 201    189.499      152.671          13.340        1.494       138216.6          513.2    0.7212    0.4173      528.38      152.801      -62.588        1.471     0.95175             13.275
 202    180.210      147.638          19.981        2.716       138649.8          509.9    0.7046    0.4147      524.71      147.899      -62.595        2.541     0.96035             13.266
 203    155.742      134.368          33.348        4.496       139718.0          505.2    0.6659    0.4159      519.84      134.984      -64.006        5.036     0.97633             13.303
 204    132.204      121.248          49.382        4.832       141249.4          502.4    0.6214    0.4290      517.90      122.561      -66.140        9.189     0.99344             13.295
 205    116.345      113.143          57.215        3.625       142544.3          504.0    0.5961    0.4300      519.75      114.190      -67.662        9.271     0.99867             13.338
 206    124.194      118.076          50.403        2.280       143596.9          510.1    0.6114    0.4162      525.03      118.333      -65.528        3.519     0.99221             13.310
 207    132.821      122.786          42.315        1.712       143180.6          511.8    0.6323    0.4011      525.71      122.886      -64.367        1.500     0.98480             13.322
 208    134.009      123.446          36.368        1.453       143546.4          512.4    0.6454    0.3863      525.21      123.513      -64.601        0.909     0.98563             13.291
 209    136.218      124.623          31.402        1.077       143112.2          511.0    0.6582    0.3748      523.03      124.679      -64.687        0.507     0.98478             13.278
 210    136.864      124.960          24.772        0.575       142709.0          509.9    0.6737    0.3595      520.99      125.020      -65.320        0.180     0.98334             13.265
 211    140.621      126.937          16.928        0.087       142121.3          509.6    0.6931    0.3459      519.96      127.003      -65.656       -0.039     0.97872             13.275
 212    145.883      129.721           7.605       -0.244       141876.1          511.3    0.7151    0.3342      521.10      129.780      -65.936       -0.151     0.97251             13.310
 213    152.917      133.437          -3.805        0.338       141628.0          514.5    0.7410    0.3273      523.99      133.493      -66.207        0.108     0.96347             13.344
 214    160.608      137.452         -15.976        2.176       141340.9          519.5    0.7671    0.3277      529.08      137.553      -66.430        0.874     0.95109             13.362
 215    170.405      142.452         -26.312        4.883       141332.8          525.8    0.7890    0.3348      535.89      142.723      -66.333        1.847     0.93849             13.333
 216    181.406      148.025         -37.748        8.459       141257.5          530.6    0.8137    0.3526      541.87      148.530      -66.266        2.999     0.92967             13.298
 217    183.516      149.596         -43.730        3.767       142512.2          542.3    0.8196    0.3423      552.83      149.643      -66.366        1.442     0.91573             12.941
 218    183.705      149.730         -43.424       -1.963       142567.9          542.1    0.8191    0.3424      552.71      149.743      -66.333       -0.751     0.91629             20.542
 219    171.061      143.045         -42.037       -2.255       143421.9          542.8    0.8102    0.3273      552.47      143.070      -67.205       -0.921     0.92070             20.528
 220    167.065      140.937         -41.784       -2.196       143787.7          542.8    0.8079    0.3228      552.29      140.960      -67.494       -0.915     0.92292             20.544
 221    162.132      138.331         -41.652       -2.220       143981.4          542.9    0.8055    0.3173      552.00      138.357      -67.865       -0.949     0.92414             20.539
 222    156.814      135.523         -41.579       -2.239       144412.6          543.1    0.8030    0.3115      551.93      135.550      -68.272       -0.989     0.92648             20.552
 223    151.245      132.579         -41.491       -2.307       144624.9          543.2    0.8005    0.3054      551.73      132.610      -68.702       -1.060     0.92766             12.975
 224    145.831      129.717         -41.420       -2.356       145020.6          543.5    0.7981    0.2996      551.71      129.753      -69.124       -1.129     0.92972             12.986
 225    140.032      126.649         -41.434       -2.439       145252.2          543.6    0.7959    0.2936      551.57      126.692      -69.585       -1.229     0.93095             12.985
 226    134.536      123.740         -41.667       -2.507       145630.3          543.9    0.7943    0.2881      551.59      123.791      -70.037       -1.333     0.93291             12.999
 227    128.537      120.561         -42.059       -2.611       145820.0          544.0    0.7931    0.2825      551.45      120.625      -70.541       -1.483     0.93394             12.999
 228    122.848      117.546         -42.565       -2.671       146113.0          544.2    0.7923    0.2774      551.42      117.622      -71.028       -1.631     0.93550             13.011
 229    116.708      114.287         -43.020       -2.751       146200.9          544.2    0.7915    0.2721      551.27      114.381      -71.554       -1.837     0.93599             13.010
 230    111.096      111.306         -43.487       -2.784       146421.6          544.3    0.7910    0.2676      551.27      111.419      -72.039       -2.040     0.93715             13.026
 231    105.217      108.176         -44.072       -2.852       146445.5          544.3    0.7909    0.2633      551.15      108.316      -72.554       -2.338     0.93730             13.035
 232     99.987      105.385         -45.068       -2.894       146604.0          544.4    0.7919    0.2606      551.21      105.556      -73.028       -2.665     0.93812             13.066
 233     94.353      102.358         -46.443       -3.031       146509.8          544.3    0.7940    0.2589      551.12      102.582      -73.543       -3.238     0.93767             13.082
 234     89.307       99.630         -47.918       -3.080       146523.2          544.3    0.7966    0.2586      551.16       99.919      -74.010       -3.932     0.93777             13.105
 235     84.170       96.768         -49.976       -3.206       146217.5          544.0    0.8009    0.2609      551.04       97.207      -74.488       -5.395     0.93633             13.121
 236     80.580       94.593         -51.190       -3.076       146069.9          543.5    0.8038    0.2632      550.71       95.312      -74.824       -7.340     0.93621             13.170
 237     78.980       92.002         -52.746       -2.916       145536.7          542.6    0.8082    0.2683      550.11       94.468      -74.985       -9.083     0.93440             13.228
 238     80.703       89.744         -40.335       -2.656       145199.5          542.9    0.7811    0.2485      549.83       95.377      -74.713       -7.044     0.93173             13.272
 239     94.283      100.555         -27.413       -1.684       145080.8          543.1    0.7568    0.2602      550.34      102.545      -73.081       -4.149     0.93062             13.139
 240    108.022      108.802         -27.123       -1.342       144615.7          542.6    0.7600    0.2791      550.53      109.797      -71.692       -2.873     0.92846             13.122
 241    118.634      115.264         -30.779       -1.118       144266.6          542.3    0.7711    0.2941      550.74      115.398      -70.701       -1.885     0.92681             13.071
 242    129.689      121.145         -33.300       -0.908       143578.0          541.6    0.7806    0.3092      550.64      121.233      -69.709       -1.155     0.92364             13.058
 243    138.976      126.065         -34.812       -0.732       143185.1          541.2    0.7872    0.3200      550.76      126.135      -68.936       -0.812     0.92178             13.042
 244    148.137      130.913         -35.900       -0.497       142539.5          540.5    0.7934    0.3297      550.63      130.970      -68.185       -0.559     0.91872             13.048
 245    154.138      134.084         -36.724       -0.349       142232.2          540.2    0.7978    0.3357      550.68      134.137      -67.748       -0.449     0.91724             13.039
 246    160.664      137.530         -38.025       -0.186       141736.7          539.8    0.8037    0.3431      550.64      137.582      -67.291       -0.346     0.91485             13.041
 247    167.017      140.888         -39.719       -0.031       141348.6          539.4    0.8100    0.3502      550.71      140.935      -66.924       -0.226     0.91295             13.030
 248    174.460      144.825         -40.765        0.183       140839.3          538.9    0.8153    0.3575      550.71      144.864      -66.453       -0.068     0.91043             13.030
 249    180.057      147.783         -40.858        0.374       140507.3          538.6    0.8180    0.3620      550.72      147.818      -66.097        0.038     0.90877             13.023
 250    184.504      150.131         -41.209        0.547       140161.6          538.3    0.8209    0.3660      550.71      150.165      -65.825        0.112     0.90705             13.026
 251    189.540      152.791         -41.959        0.739       139797.2          538.0    0.8249    0.3714      550.77      152.823      -65.554        0.201     0.90521             13.020
 252    196.117      156.266         -41.627        0.998       139296.7          537.6    0.8274    0.3771      550.79      156.294      -65.122        0.323     0.90263             13.020
 253    199.380      157.989         -40.305        1.180       139061.4          537.3    0.8265    0.3786      550.74      158.017      -64.887        0.386     0.90141             13.014
 254    203.428      160.125         -39.985        1.372       138795.4          537.1    0.8282    0.3827      550.86      160.154      -64.624        0.448     0.90005             13.015
 255    210.204      163.703         -38.700        1.667       138240.2          536.6    0.8293    0.3886      550.88      163.730      -64.153        0.558     0.89714             13.010
 256    213.771      165.584         -36.324        1.900       137932.5          536.4    0.8267    0.3903      550.79      165.612      -63.808        0.630     0.89555             13.014
 257    217.781      167.699         -35.168        2.128       137731.5          536.2    0.8269    0.3942      550.99      167.729      -63.515        0.695     0.89447             13.010
 258    224.878      171.443         -33.191        2.443       137019.8          535.6    0.8275    0.4007      550.92      171.475      -62.969        0.791     0.89081             13.011
 259    230.505      174.410         -30.780        2.705       136639.0          535.2    0.8266    0.4054      551.00      174.445      -62.512        0.860     0.88885             13.007
 260    237.005      177.838         -26.856        2.974       136178.1          534.9    0.8232    0.4099      551.11      177.876      -61.893        0.933     0.88629             13.009
 261    236.052      177.332         -22.004        3.087       136139.8          534.9    0.8134    0.4059      550.86      177.373      -61.647        0.963     0.88592             13.008
 262    237.406      178.043         -21.484        3.252       136339.1          535.0    0.8137    0.4081      551.17      178.087      -61.538        1.000     0.88715             13.012
 263    249.517      184.430         -19.372        3.687       135005.5          533.7    0.8186    0.4220      551.18      184.480      -60.708        1.109     0.88026             13.007
 264    256.805      188.271         -12.956        4.074       134017.2          532.8    0.8126    0.4278      550.83      188.326      -59.858        1.193     0.87502             13.013
 265    258.750      189.293          -7.912        4.317       134194.3          533.0    0.8049    0.4284      551.21      189.353      -59.393        1.245     0.87583             13.008
 266    263.396      191.739          -2.695        4.582       133613.4          532.5    0.7996    0.4330      551.14      191.805      -58.747        1.297     0.87277             13.011
 267    267.031      193.652           3.395        4.839       133222.1          532.1    0.7921    0.4367      551.19      193.724      -58.080        1.344     0.87067             13.011
 268    271.064      195.774           9.735        5.108       132701.1          531.6    0.7848    0.4416      551.17      195.853      -57.335        1.395     0.86795             13.014
 269    275.231      197.967          17.232        5.378       132124.7          531.1    0.7760    0.4473      551.21      198.052      -56.464        1.444     0.86488             13.015
 270    277.490      199.153          25.428        5.621       131553.1          530.5    0.7649    0.4515      551.10      199.244      -55.599        1.486     0.86184             13.020
 271    279.298      200.101          33.534        5.839       131159.1          530.1    0.7538    0.4561      551.16      200.199      -54.741        1.520     0.85981             13.023
 272    283.152      202.128          42.919        6.095       130344.9          529.3    0.7430    0.4646      551.17      202.233      -53.601        1.554     0.85558             13.027
 273    285.628      203.427          53.954        6.334       129355.1          528.3    0.7293    0.4734      551.01      203.540      -52.293        1.580     0.85037             13.032
 274    285.845      203.534          64.781        6.483       128636.3          527.6    0.7140    0.4805      551.00      203.654      -51.044        1.578     0.84658             13.039
 275    285.172      203.171          76.034        6.613       127859.7          526.8    0.6978    0.4883      550.97      203.299      -49.727        1.569     0.84248             13.043
 276    284.590      202.854          87.779        6.745       126921.0          525.9    0.6814    0.4980      550.92      202.992      -48.231        1.561     0.83756             13.051
 277    282.789      201.893          99.621        6.865       125904.7          524.9    0.6643    0.5078      550.81      202.041      -46.685        1.553     0.83221             13.057
 278    279.643      200.221         111.491        6.940       124940.1          524.0    0.6460    0.5175      550.72      200.381      -45.097        1.538     0.82712             13.067
 279    276.226      198.407         123.005        7.002       123949.8          523.0    0.6281    0.5277      550.64      198.577      -43.452        1.534     0.82194             13.075
 280    272.372      196.363         134.560        7.097       122839.4          521.9    0.6101    0.5388      550.50      196.543      -41.720        1.562     0.81613             13.095
 281    268.363      194.238         146.141        7.089       121637.9          520.8    0.5922    0.5509      550.40      194.427      -39.873        1.556     0.80979             13.094
 282    264.058      191.958         157.639        6.969       120312.4          519.5    0.5745    0.5637      550.27      192.155      -37.932        1.510     0.80274             13.111
 283    259.716      189.660         169.219        6.868       118916.1          518.2    0.5571    0.5776      550.20      189.863      -35.863        1.486     0.79531             13.119
 284    255.558      187.460         180.936        6.764       117330.8          516.7    0.5403    0.5929      550.10      187.668      -33.628        1.473     0.78683             13.131
 285    251.713      185.426         192.670        6.599       115627.3          515.2    0.5243    0.6095      550.07      185.639      -31.235        1.443     0.77764             13.143
 286    248.235      183.587         204.379        6.386       113776.1          513.5    0.5094    0.6271      550.08      183.803      -28.694        1.398     0.76760             13.154
 287    245.009      181.882         216.212        6.148       111750.7          511.7    0.4956    0.6460      550.06      182.101      -25.986        1.345     0.75656             13.165
 288    242.922      180.780         228.077        5.847       109636.1          509.8    0.4839    0.6665      550.22      180.999      -23.086        1.269     0.74496             13.175
 289    240.735      179.632         239.575        5.388       107343.5          507.8    0.4735    0.6870      550.31      179.845      -20.189        1.141     0.73222             13.183
 290    237.139      177.743         249.488        4.662       105146.5          506.1    0.4631    0.7038      550.32      177.947      -17.715        0.913     0.71978             13.195
 291    231.691      174.869         256.794        3.737       103426.1          505.1    0.4516    0.7142      550.40      175.071      -15.979        0.588     0.70977             13.209
 292    224.528      171.079         262.013        2.825       102205.1          504.9    0.4388    0.7193      550.60      171.290      -14.823        0.230     0.70243             13.227
 293    217.328      167.258         266.375        2.049       101310.1          505.0    0.4263    0.7226      550.97      167.490      -13.823       -0.105     0.69689             13.247
 294    210.949      163.858         270.345        1.377       100406.5          505.0    0.4156    0.7261      551.32      164.123      -12.835       -0.432     0.69129             13.267
 295    204.913      160.620         273.896        0.709        99544.4          505.1    0.4067    0.7291      551.69      160.937      -12.008       -0.820     0.68584             13.288
 296    199.138      157.488         276.555       -0.038        98764.0          505.1    0.3997    0.7308      551.93      157.889      -11.467       -1.321     0.68095             13.309
 297    193.528      154.413         278.275       -0.828        98146.2          505.2    0.3943    0.7308      552.18      154.928      -11.222       -1.902     0.67692             13.333
 298    187.752      151.237         279.538       -1.586        97709.9          505.9    0.3892    0.7296      552.90      151.879      -11.183       -2.520     0.67323             13.356
 299    182.702      148.456         280.020       -2.262        97389.4          506.6    0.3860    0.7274      553.51      149.214      -11.232       -3.049     0.67029             13.382
 300    175.408      144.554         280.403       -2.541        97148.1          503.7    0.3828    0.7252      550.39      145.364      -11.561       -3.278     0.67325             13.407
 301    171.612      142.515         281.215       -2.673        96281.1          498.5    0.3841    0.7274      545.34      143.361      -11.607       -3.364     0.67672             13.462
 302    169.616      141.420         281.334       -2.921        95095.2          494.1    0.3862    0.7292      540.94      142.307      -11.702       -3.484     0.67622             13.519
 303    167.508      140.258         281.239       -3.207        94528.3          491.4    0.3864    0.7295      538.23      141.194      -11.885       -3.621     0.67679             13.574
 304    165.384      139.078         280.737       -3.513        93715.1          489.0    0.3860    0.7289      535.61      140.073      -12.155       -3.784     0.67454             13.619
 305    164.679      138.666         280.758       -3.764        93404.8          488.0    0.3837    0.7296      534.39      139.701      -12.021       -3.819     0.67365             13.674
 306    163.273      137.862         279.230       -4.200        93084.6          487.8    0.3798    0.7259      533.43      138.959      -12.122       -4.064     0.67077             13.715
 307    160.558      136.359         278.704       -4.800        94133.4          490.4    0.3705    0.7211      535.40      137.526      -11.949       -4.190     0.67413             13.745
 308    153.152      132.125         276.873       -6.041        95114.7          493.7    0.3595    0.7102      537.60      133.617      -13.033       -4.982     0.67624             13.738
 309    138.544      123.571         271.533       -7.942        96083.2          497.4    0.3522    0.6890      539.60      125.907      -16.109       -6.989     0.67747             13.782
 310    129.839      117.871         264.425       -9.949        97007.0          501.8    0.3553    0.6679      542.42      121.312      -18.864       -8.810     0.67782             13.786
 311    123.842      113.897         260.702      -11.538        97649.4          505.6    0.3539    0.6557      545.30      118.147      -20.596      -10.170     0.67640             13.822
 312    127.899      116.436         264.402      -12.193        97821.2          507.7    0.3470    0.6642      547.93      120.288      -19.172       -9.626     0.67400             20.119
 313    133.044      119.484         269.131      -12.703        97232.9          508.4    0.3404    0.6756      549.43      123.004      -17.216       -9.042     0.66874             20.114
 314    135.496      120.849         273.417      -13.181        97204.7          509.4    0.3334    0.6847      551.17      124.298      -15.630       -8.895     0.66685             20.080
 315    139.614      123.129         277.672      -13.721        96762.5          509.6    0.3289    0.6949      552.26      126.471      -13.635       -8.640     0.66335             20.062
 316    142.229      124.512         281.751      -14.262        96610.8          510.1    0.3243    0.7039      553.56      127.852      -11.799       -8.595     0.66152             20.028
 317    146.112      126.570         285.727      -14.857        96226.4          510.0    0.3220    0.7136      554.46      129.901       -9.736       -8.484     0.65880             20.010
 318    149.354      128.243         289.501      -15.495        96004.6          510.1    0.3203    0.7226      555.44      131.612       -7.782       -8.479     0.65707             19.984
 319    153.197      130.259         293.036      -16.058        95620.0          509.8    0.3205    0.7317      556.03      133.641       -5.860       -8.404     0.65480             19.974
 320    156.742      132.112         296.399      -16.652        95401.6          509.6    0.3212    0.7402      556.77      135.512       -4.053       -8.383     0.65345             19.958
 321    160.589      134.189         298.945      -17.021        95071.0          509.2    0.3238    0.7474      557.19      137.542       -2.652       -8.247     0.65164             19.955
 322    165.439      136.628         301.481      -18.060        94760.7          508.7    0.3283    0.7552      557.50      140.102       -1.293       -8.347     0.65017             19.942
 323    191.542      153.864         328.359        2.224        95501.3          496.2    0.3592    0.8323      553.47      153.880       10.510        0.828     0.67055             19.254
 324    190.733      153.307         328.369       -6.675        95587.3          496.2    0.3582    0.8319      553.41      153.453       10.542       -2.491     0.67116             13.138
 325    172.782      143.865         332.225       -5.637        96179.5          497.0    0.3390    0.8310      554.15      143.978       12.833       -2.233     0.67428             13.138
 326    169.612      142.205         332.997       -5.209        96432.8          497.2    0.3359    0.8311      554.43      142.305       13.314       -2.080     0.67573             13.137
 327    166.747      140.702         333.891       -4.878        96321.0          497.0    0.3334    0.8319      554.35      140.792       13.839       -1.961     0.67520             13.137
 328    163.277      138.877         334.906       -4.585        96514.2          497.2    0.3302    0.8326      554.65      138.961       14.467       -1.859     0.67631             13.139
 329    159.539      136.908         336.048       -4.374        96435.7          497.1    0.3270    0.8337      554.67      136.988       15.190       -1.791     0.67594             13.136
 330    155.994      135.038         337.274       -4.231        96601.3          497.2    0.3242    0.8349      555.02      135.117       15.959       -1.750     0.67689             13.141
 331    151.961      132.909         338.593       -4.125        96560.4          497.1    0.3212    0.8364      555.15      132.988       16.841       -1.728     0.67672             13.139
 332    148.386      131.019         339.954       -4.081        96738.7          497.3    0.3188    0.8380      555.59      131.102       17.727       -1.733     0.67773             13.147
 333    144.013      128.706         341.404       -4.057        96683.2          497.2    0.3160    0.8399      555.78      128.793       18.773       -1.753     0.67746             13.146
 334    140.147      126.659         342.896       -4.074        96803.2          497.3    0.3139    0.8420      556.21      126.753       19.821       -1.797     0.67816             13.153
 335    135.451      124.171         344.547       -4.123        96684.3          497.1    0.3116    0.8445      556.43      124.274       21.099       -1.870     0.67753             13.150
 336    131.585      122.117         346.242       -4.218        96768.6          497.2    0.3105    0.8474      556.93      122.234       22.333       -1.978     0.67804             13.159
 337    126.930      119.640         348.114       -4.323        96635.7          497.0    0.3094    0.8507      557.26      119.777       23.818       -2.117     0.67734             13.158
 338    123.124      117.606         349.913       -4.461        96706.9          497.0    0.3095    0.8541      557.82      117.768       25.168       -2.296     0.67780             13.170
 339    118.262      115.004         351.940       -4.608        96513.2          496.7    0.3097    0.8581      558.21      115.202       26.861       -2.538     0.67676             13.170
 340    114.184      112.801         353.978       -4.778        96487.9          496.6    0.3114    0.8625      558.81      113.049       28.421       -2.869     0.67669             13.182
 341    109.001      109.982         356.349       -4.995        96167.4          496.3    0.3137    0.8678      559.27      110.313       30.402       -3.450     0.67494             13.182
 342    104.905      107.667         358.867       -5.259        96048.3          496.0    0.3185    0.8739      560.00      108.152       32.035       -4.558     0.67444             13.202
 343    100.921      104.901         362.405       -5.764        95606.9          495.3    0.3261    0.8828      560.73      106.049       33.895       -8.024     0.67224             13.230
 344    103.941      102.390         362.639       -5.792        95244.2          494.9    0.3291    0.8846      560.74      107.643       32.886       -4.861     0.67021             13.297
 345    129.559      119.367         355.419       -5.344        94770.2          494.7    0.3357    0.8752      559.47      121.164       25.563       -0.867     0.66695             13.218
 346    144.981      128.708         350.235       -4.816        93962.1          493.4    0.3439    0.8695      557.48      129.304       14.028        0.592     0.66298             13.207
 347    155.052      134.104         347.537       -4.571        93822.0          493.2    0.3525    0.8667      557.04      134.620       11.548        0.107     0.66221             13.183
 348    165.195      139.528         344.454       -4.301        93359.0          492.6    0.3601    0.8643      555.96      139.973        9.920        0.055     0.65975             13.182
 349    168.400      141.258         342.203       -4.004        93396.3          492.6    0.3619    0.8605      555.44      141.665        9.339       -0.034     0.65998             13.170
 350    174.758      144.630         341.086       -3.932        92986.2          492.0    0.3687    0.8615      554.99      145.021        8.584       -0.043     0.65781             13.175
 351    180.024      147.414         340.177       -3.858        92670.1          491.6    0.3750    0.8625      554.73      147.801        7.845       -0.010     0.65611             13.167
 352    188.557      151.924         339.232       -3.846        92123.7          490.8    0.3849    0.8655      554.45      152.304        6.873        0.055     0.65313             13.170
 353    198.034      156.952         336.946       -3.705        91671.1          490.2    0.3935    0.8659      553.93      157.306        5.640        0.181     0.65057             13.164
 354    202.847      159.532         333.361       -3.324        91427.0          489.9    0.3958    0.8611      552.78      159.846        4.680        0.257     0.64921             13.173
 355    204.665      160.512         331.127       -3.046        91498.4          490.0    0.3964    0.8573      552.31      160.807        4.111        0.295     0.64963             13.175
 356    210.897      163.810         329.810       -2.960        91002.3          489.3    0.4037    0.8589      551.81      164.096        3.408        0.340     0.64692             13.186
 357    217.813      167.475         327.599       -2.787        90614.2          488.8    0.4107    0.8590      551.28      167.746        2.495        0.420     0.64475             13.191
 358    222.990      170.229         324.310       -2.482        90255.7          488.3    0.4150    0.8559      550.27      170.479        1.472        0.510     0.64271             13.201
 359    225.241      171.433         321.558       -2.173        90223.0          488.3    0.4165    0.8517      549.60      171.666        0.701        0.575     0.64256             13.206
 360    231.496      174.745         319.656       -2.033        89777.9          487.6    0.4238    0.8526      549.06      174.968       -0.033        0.622     0.64011             13.215
 361    238.526      178.471         316.330       -1.774        89308.5          487.0    0.4311    0.8514      548.18      178.679       -1.133        0.713     0.63743             13.222
 362    241.513      180.065         312.426       -1.386        89083.3          486.7    0.4333    0.8459      546.98      180.255       -2.117        0.788     0.63618             13.233
 363    245.588      182.226         309.837       -1.134        88906.6          486.4    0.4379    0.8440      546.41      182.406       -2.878        0.845     0.63526             13.241
 364    253.260      186.286         306.266       -0.885        88265.8          485.5    0.4469    0.8435      545.36      186.455       -3.974        0.920     0.63161             13.251
 365    257.230      188.395         301.886       -0.507        87995.0          485.1    0.4510    0.8384      544.16      188.551       -5.076        0.998     0.63009             13.261
 366    262.188      191.023         297.981       -0.197        87676.6          484.7    0.4568    0.8351      543.19      191.168       -6.066        1.056     0.62830             13.271
 367    267.163      193.659         293.364        0.146        87233.5          484.1    0.4629    0.8309      541.87      193.793       -7.212        1.125     0.62576             13.283
 368    271.578      195.999         288.727        0.495        86922.4          483.7    0.4684    0.8262      540.69      196.124       -8.304        1.181     0.62402             13.292
 369    276.666      198.693         283.681        0.862        86476.3          483.0    0.4753    0.8216      539.34      198.809       -9.486        1.246     0.62145             13.292
 370    280.744      200.854         278.200        1.275        86086.5          482.5    0.4811    0.8156      537.84      200.962      -10.701        1.311     0.61925             13.295
 371    284.941      203.076         272.725        1.659        85699.7          482.0    0.4876    0.8098      536.42      203.177      -11.924        1.368     0.61705             13.296
 372    289.641      205.563         266.631        2.023        85200.9          481.3    0.4952    0.8037      534.77      205.658      -13.210        1.411     0.61419             13.296
 373    293.755      207.739         260.120        2.384        84741.5          480.7    0.5026    0.7967      533.09      207.829      -14.566        1.453     0.61153             13.294
 374    297.724      209.839         253.064        2.762        84232.9          480.0    0.5105    0.7888      531.24      209.924      -15.997        1.491     0.60859             13.293
 375    301.359      211.761         245.501        3.139        83697.5          479.3    0.5189    0.7801      529.24      211.843      -17.501        1.525     0.60550             13.289
 376    305.033      213.704         237.445        3.513        83098.6          478.5    0.5282    0.7710      527.11      213.782      -19.070        1.555     0.60205             13.287
 377    308.660      215.619         228.865        3.894        82438.8          477.6    0.5385    0.7616      524.84      215.696      -20.683        1.588     0.59824             13.286
 378    312.058      217.412         219.718        4.266        81713.0          476.6    0.5498    0.7515      522.43      217.490      -22.363        1.620     0.59404             13.285
 379    315.043      218.987         210.013        4.621        80916.8          475.5    0.5618    0.7408      519.84      219.065      -24.112        1.649     0.58942             13.284
 380    317.921      220.504         199.955        4.948        80063.0          474.3    0.5750    0.7300      517.17      220.584      -25.865        1.670     0.58448             13.283
 381    320.159      221.683         189.609        5.258        79158.6          473.0    0.5886    0.7188      514.41      221.765      -27.639        1.690     0.57920             13.281
 382    321.929      222.615         179.258        5.548        78230.5          471.8    0.6026    0.7075      511.66      222.700      -29.356        1.706     0.57378             13.279
 383    323.301      223.336         168.909        5.793        77277.0          470.5    0.6169    0.6963      508.94      223.424      -31.037        1.715     0.56818             13.277
 384    323.987      223.696         158.529        5.989        76268.9          469.1    0.6314    0.6847      506.15      223.786      -32.701        1.718     0.56223             13.275
 385    324.495      223.963         148.603        6.129        75283.7          467.8    0.6457    0.6739      503.51      224.054      -34.231        1.712     0.55643             13.273
 386    324.948      224.201         138.824        6.227        74272.3          466.4    0.6604    0.6637      500.93      224.293      -35.691        1.702     0.55047             13.271
 387    325.177      224.322         128.741        6.283        73195.1          464.9    0.6761    0.6535      498.26      224.414      -37.186        1.689     0.54409             13.270
 388    325.720      224.610         118.665        6.293        72034.5          463.3    0.6929    0.6444      495.57      224.701      -38.571        1.663     0.53721             13.268
 389    325.957      224.735         108.599        6.296        70809.9          461.5    0.7100    0.6359      492.85      224.826      -39.939        1.642     0.52992             13.269
 390    326.243      224.887          98.484        6.307        69562.5          459.8    0.7279    0.6279      490.17      224.977      -41.261        1.634     0.52243             13.267
 391    326.093      224.809          88.750        6.278        68254.8          457.9    0.7453    0.6205      487.51      224.898      -42.499        1.620     0.51457             13.268
 392    325.588      224.544          79.252        6.203        67062.2          456.3    0.7622    0.6132      485.09      224.631      -43.728        1.594     0.50733             13.269
 393    324.021      223.721          71.082        6.072        65854.4          454.7    0.7763    0.6065      482.81      223.804      -44.775        1.554     0.49998             13.268
 394    319.278      221.220          64.302        5.925        64943.2          453.7    0.7850    0.5973      480.91      221.300      -45.951        1.525     0.49434             13.275
 395    313.756      218.308          58.566        5.784        64268.7          453.3    0.7906    0.5857      479.44      218.386      -47.147        1.503     0.49011             13.275
 396    307.927      215.236          55.090        5.604        63699.1          453.2    0.7917    0.5746      478.34      215.310      -48.026        1.467     0.48664             13.281
 397    300.101      211.110          52.692        5.364        63528.7          453.5    0.7890    0.5621      477.66      211.179      -48.938        1.420     0.48557             13.286
 398    293.151      207.445          49.602        5.130        63354.6          453.7    0.7886    0.5499      476.86      207.510      -49.883        1.367     0.48454             13.292
 399    287.730      204.588          46.140        4.899        63030.3          453.6    0.7906    0.5397      475.89      204.649      -50.725        1.311     0.48265             13.297
 400    283.023      202.107          42.723        4.690        62706.7          453.4    0.7933    0.5311      475.00      202.165      -51.511        1.259     0.48072             13.303
 401    278.820      199.892          39.766        4.493        62392.3          453.2    0.7956    0.5240      474.26      199.946      -52.206        1.207     0.47879             13.310
 402    274.563      197.648          37.366        4.313        62131.0          453.1    0.7969    0.5176      473.66      197.699      -52.847        1.158     0.47716             13.319
 403    270.133      195.312          35.564        4.140        61914.4          453.1    0.7969    0.5117      473.15      195.361      -53.446        1.108     0.47578             13.328
 404    265.902      193.081          34.243        3.990        61739.0          453.0    0.7962    0.5064      472.74      193.128      -53.974        1.060     0.47463             13.336
 405    262.010      191.028          32.947        3.875        61620.0          453.1    0.7956    0.5015      472.43      191.074      -54.479        1.024     0.47381             13.346
 406    258.317      189.079          31.808        3.788        61476.0          453.1    0.7951    0.4970      472.10      189.124      -54.958        0.992     0.47287             13.354
 407    255.160      187.413          30.938        3.685        61386.0          453.1    0.7944    0.4935      471.87      187.458      -55.340        0.953     0.47224             13.363
 408    252.363      185.937          30.023        3.605        61249.5          453.1    0.7941    0.4903      471.57      185.982      -55.722        0.920     0.47136             13.369
 409    250.849      185.138          29.206        3.520        61185.1          453.1    0.7946    0.4883      471.48      185.183      -55.947        0.890     0.47087             13.378
 410    247.496      183.369          29.320        3.366        61030.0          453.0    0.7920    0.4854      471.10      183.413      -56.266        0.828     0.46992             13.378
 411    246.146      182.659          29.343        3.250        61280.3          453.5    0.7906    0.4830      471.44      182.700      -56.264        0.819     0.47128             13.387
 412    242.832      180.911          28.920        3.169        61277.6          453.6    0.7887    0.4781      471.17      180.951      -56.654        0.816     0.47121             13.387
 413    241.950      180.446          27.308        3.154        61569.7          453.9    0.7909    0.4729      471.13      180.486      -56.824        0.834     0.47309             13.401
 414    238.594      178.678          29.402        2.862        61655.9          454.3    0.7840    0.4673      471.12      178.715      -56.748        0.739     0.47339             13.390
 415    216.983      167.262          36.854        1.779        62601.8          457.3    0.7523    0.4545      473.31      167.308      -57.828        0.157     0.47733             13.418
 416    192.645      154.298          48.833        0.440        63914.5          460.8    0.7107    0.4542      476.90      154.462      -59.263       -1.407     0.48326             13.415
 417    176.382      145.571          55.920       -0.554        65007.9          462.2    0.6844    0.4522      478.18      145.878      -60.273       -2.670     0.48972             13.444
 418    188.719      152.223          49.366       -0.267        65520.1          461.5    0.7045    0.4458      476.94      152.390      -58.741       -1.263     0.49422             13.420
 419    202.804      159.733          41.358        0.227        64713.2          459.1    0.7300    0.4401      473.97      159.824      -57.992       -0.470     0.49100             13.425
 420    208.566      162.795          35.246        0.429        64637.9          458.4    0.7456    0.4337      472.88      162.865      -58.130       -0.202     0.49117             13.420
 421    215.032      166.224          30.231        0.919        63980.3          457.2    0.7602    0.4316      471.49      166.278      -58.062        0.123     0.48760             13.420
 422    218.132      167.852          24.112        1.824        63576.8          456.2    0.7749    0.4276      470.15      167.914      -58.482        0.558     0.48573             13.427
 423    221.318      169.550          19.797        1.417        62998.5          455.1    0.7861    0.4258      468.85      169.596      -58.664        0.370     0.48254             13.405
 424    224.470      171.084          13.265       -2.376        62611.6          452.9    0.8031    0.4256      466.58      171.259      -59.039       -1.071     0.48195             13.466
 425    226.303      172.201           7.607        1.767        62081.0          452.6    0.8156    0.4213      465.99      172.227      -59.453        0.580     0.47823             13.318
 426    229.155      173.568           3.283        5.870        61660.9          451.6    0.8269    0.4222      465.06      173.733      -59.619        2.057     0.47595             13.300
 427    231.398      174.650           0.560        7.552        61542.3          450.9    0.8345    0.4238      464.42      174.917      -59.675        2.599     0.47575             13.287
 428    232.982      175.500          -1.424        7.355        61492.4          450.3    0.8400    0.4253      463.94      175.753      -59.728        2.509     0.47591             13.289
 429    233.413      175.770          -2.711        6.605        61525.0          450.0    0.8433    0.4256      463.58      175.980      -59.809        2.250     0.47653             13.285
 430    233.797      176.012          -2.935        5.743        61678.2          449.9    0.8441    0.4259      463.50      176.183      -59.800        1.953     0.47779             13.287
 431    234.000      176.157          -2.674        4.688        61927.3          450.0    0.8436    0.4262      463.64      176.290      -59.759        1.590     0.47956             13.282
 432    234.848      176.637          -2.583        3.677        62175.9          450.1    0.8438    0.4271      463.78      176.738      -59.683        1.232     0.48138             13.284
 433    236.101      177.316          -2.628        2.571        62347.4          449.9    0.8448    0.4286      463.71      177.398      -59.586        0.845     0.48285             13.276
 434    240.515      179.658          -3.139        2.001        62115.5          449.5    0.8490    0.4342      463.65      179.728      -59.293        0.648     0.48149             13.278
