  -0.003531   -0.001805   -0.000080    0.003120    0.005336    0.007553    0.010509    0.013219
   0.016423    0.019380    0.022584    0.026283    0.030473    0.035406    0.039845    0.042065
   0.315452    0.315707    0.316210    0.317962    0.318964    0.319966    0.320970    0.321726
   0.322483    0.323240    0.323748    0.324011    0.324523    0.324541    0.324558    0.324318
  -0.000080   0.035406   0.316210   0.324541  LEADING AND TRAILING EDGE COORDINATES
   0.044284    0.046258    0.047738    0.049711    0.051931    0.054397    0.057850    0.061550
   0.064264    0.067716    0.069690    0.071417    0.073884    0.076597    0.082271    0.088438
   0.324326    0.324085    0.323842    0.323849    0.323609    0.323618    0.323631    0.323397
   0.322910    0.322923    0.322682    0.322440    0.322200    0.321962    0.321486    0.320764
   0.047738   0.076597   0.323842   0.321962  LEADING AND TRAILING EDGE COORDINATES
   0.095347    0.100035    0.104970    0.109659    0.113607    0.118789    0.122985    0.127920
   0.131374    0.136555    0.140502    0.144202    0.147409    0.150862    0.154562    0.158508
   0.319547    0.318820    0.317844    0.316868    0.316137    0.314914    0.313936    0.312961
   0.312477    0.311751    0.311269    0.311034    0.310797    0.310562    0.310327    0.310093
   0.104970   0.150862   0.317844   0.310562  LEADING AND TRAILING EDGE COORDINATES
   0.160728    0.162455    0.164182    0.166894    0.170840    0.174293    0.178239    0.181691
   0.183911    0.185884    0.188103    0.191062    0.194268    0.198214    0.201667    0.206351
   0.309853    0.309611    0.309618    0.309628    0.309642    0.309407    0.309422    0.309434
   0.309443    0.309450    0.309458    0.309469    0.309481    0.309496    0.309509    0.309775
   0.164182   0.198214   0.309618   0.309496  LEADING AND TRAILING EDGE COORDINATES
