
OVERALL TURBINE PERFORMANCE
============================================================
Blade-jet speed ratio     0.3965
Pitchline loading         2.7095
Total-Total PR            5.0254
Total-Static PR           5.5853
Energy Extraction           342.3555
Corrected Speed           32.5766
Flow function           0.9440

STAGE PERFORMANCE
====================================================================================================
Stage  Location     Alpha1    Alpha2     Beta2     Beta3    Alpha3      Phi       Psi    Reaction
    1       Hub      -2.16      78.08      68.85     -76.18     -40.91    0.3342    1.8800      0.3418
    1      Mean      -3.64      72.54      51.08     -64.35     -17.73    0.6975    1.5787      0.4161
    1       Tip      -5.18      80.09       2.60     -48.52      17.92    0.4902    0.9765      0.4588
    2       Hub     -61.68      73.68       1.93     -67.83     -14.29    0.4516    1.5441      0.3751
    2      Mean     -27.21      64.63      -6.62     -59.55       3.49    0.7023    1.1870      0.4236
    2       Tip      16.84      70.75     -48.49     -54.33      17.74    0.6426    0.8712      0.4865


Span station K = 19

  J       %dVm        Vx(m/s)      Vtheta(m/s)    Vr(m/s)       Pstat(Pa)       Tstat(K)    Mrel      Mabs        T0(K)       Vm(m/s)     Swirl(deg)   Pitch(deg)  Density(kg/m3)     mdot(kg/s)
--------------------------------------------------------------------------------------------------------------------------------------------
   1      3.230       58.233           0.000        0.193       341849.5          707.5    0.5850    0.1119      709.00       58.233      -78.970        0.190     1.68351    12.29811
   2      1.749       57.397          -0.546        0.198       341868.7          707.5    0.5857    0.1104      708.97       57.398      -79.143        0.191     1.68358    12.12175
   3      1.400       57.200          -1.154        0.221       341852.1          707.5    0.5868    0.1101      708.96       57.201      -79.200        0.210     1.68352    12.12793
   4      0.852       56.891          -1.753        0.247       341882.7          707.5    0.5878    0.1096      708.96       56.892      -79.277        0.231     1.68364    12.13242
   5      0.127       56.481          -2.451        0.271       341902.3          707.5    0.5890    0.1090      708.96       56.482      -79.375        0.251     1.68372    12.13357
   6     -0.746       55.989          -3.316        0.295       341925.9          707.5    0.5906    0.1084      708.96       55.990      -79.492        0.270     1.68381    12.13547
   7     -1.635       55.486          -4.332        0.317       341928.8          707.5    0.5924    0.1079      708.96       55.488      -79.616        0.285     1.68382    12.13448
   8     -2.580       54.953          -5.413        0.338       341932.2          707.6    0.5943    0.1075      708.96       54.955      -79.745        0.299     1.68384    12.13780
   9     -3.519       54.423          -6.488        0.358       341924.7          707.5    0.5963    0.1073      708.95       54.426      -79.873        0.311     1.68382    12.13653
  10     -4.617       53.803          -7.556        0.381       341916.2          707.5    0.5982    0.1070      708.96       53.806      -80.015        0.326     1.68379    12.14212
  11     -5.756       53.160          -8.684        0.404       341912.7          707.5    0.6003    0.1069      708.97       53.164      -80.162        0.342     1.68378    12.14141
  12     -7.024       52.444          -9.930        0.430       341864.2          707.5    0.6026    0.1069      708.96       52.449      -80.323        0.364     1.68360    12.14546
  13     -8.194       51.783         -11.275        0.455       341828.7          707.5    0.6051    0.1073      708.97       51.789      -80.474        0.383     1.68347    12.14428
  14     -9.450       51.074         -12.642        0.477       341751.2          707.4    0.6077    0.1079      708.96       51.080      -80.632        0.401     1.68319    12.14827
  15    -10.613       50.417         -13.941        0.498       341693.7          707.4    0.6102    0.1087      708.98       50.424      -80.779        0.414     1.68297    12.14579
  16    -11.879       49.702         -15.217        0.517       341585.8          707.4    0.6127    0.1097      708.97       49.710      -80.932        0.430     1.68257    12.15075
  17    -13.033       49.051         -16.523        0.534       341500.1          707.3    0.6152    0.1110      708.98       49.059      -81.074        0.439     1.68226    12.14917
  18    -14.262       48.357         -17.958        0.550       341364.3          707.2    0.6180    0.1126      708.97       48.366      -81.222        0.451     1.68176    12.15663
  19    -15.391       47.719         -19.393        0.564       341252.8          707.2    0.6208    0.1146      708.98       47.729      -81.359        0.456     1.68135    12.15524
  20    -16.586       47.044         -20.801        0.578       341097.2          707.1    0.6236    0.1167      708.98       47.054      -81.499        0.470     1.68078    12.16239
  21    -17.640       46.449         -22.021        0.588       340960.0          707.0    0.6261    0.1188      708.99       46.460      -81.621        0.471     1.68027    12.15883
  22    -18.750       45.823         -23.259        0.593       340779.4          706.9    0.6286    0.1211      708.99       45.834      -81.748        0.466     1.67958    12.16734
  23    -19.668       45.304         -24.443        0.596       340619.3          706.8    0.6310    0.1235      708.97       45.316      -81.853        0.416     1.67904    12.16650
  24    -20.653       44.747         -25.577        0.601       340403.2          706.8    0.6334    0.1260      708.98       44.761      -81.963        0.324     1.67816    12.18068
  25    -21.537       44.066         -28.017        0.557       340226.5          706.6    0.6383    0.1310      709.01       44.262      -82.066       -0.806     1.67768    12.19234
  26    -20.343       43.547         -21.182        0.503       339913.1          706.8    0.6252    0.1191      708.93       44.935      -81.932       -1.464     1.67564    12.23016
  27    -19.357       44.585         -12.588        0.528       340207.0          707.0    0.6089    0.1108      709.05       45.492      -81.754       -1.692     1.67658    12.18215
  28    -14.709       47.913         -11.501        0.578       340306.5          707.0    0.6075    0.1128      709.15       48.113      -81.316       -0.326     1.67714    12.17134
  29     -9.449       51.056         -12.793        0.619       339901.5          706.7    0.6108    0.1205      709.10       51.081      -80.820       -0.150     1.67569    12.16195
  30     -4.329       53.946         -12.961        0.648       339661.9          706.6    0.6120    0.1271      709.12       53.969      -80.335       -0.260     1.67488    12.16849
  31     -0.773       55.951         -12.620        0.674       339324.6          706.4    0.6121    0.1315      709.06       55.975      -79.997       -0.208     1.67371    12.16414
  32      2.691       57.904         -12.709        0.703       339119.0          706.3    0.6130    0.1360      709.10       57.929      -79.678       -0.199     1.67298    12.16867
  33      6.672       60.148         -12.759        0.733       338608.6          706.0    0.6142    0.1407      709.02       60.174      -79.326       -0.226     1.67112    12.16271
  34     11.213       62.709         -13.005        0.767       338273.3          705.8    0.6158    0.1464      709.09       62.736      -78.929       -0.252     1.66988    12.16680
  35     18.065       66.574         -12.645        0.794       337657.9          705.5    0.6168    0.1528      709.07       66.601      -78.334       -0.349     1.66759    12.16317
  36     22.862       69.280         -11.220        0.799       337284.4          705.3    0.6155    0.1565      709.05       69.307      -77.882       -0.399     1.66618    12.17015
  37     26.293       71.215         -10.024        0.803       337025.3          705.1    0.6143    0.1597      709.06       71.243      -77.549       -0.423     1.66524    12.16749
  38     30.686       73.693          -9.466        0.818       336561.7          704.9    0.6147    0.1647      709.07       73.721      -77.156       -0.453     1.66352    12.17163
  39     36.923       77.211          -8.441        0.825       335929.1          704.6    0.6150    0.1707      709.09       77.239      -76.607       -0.510     1.66113    12.16769
  40     42.374       80.286          -6.429        0.811       335398.2          704.3    0.6132    0.1749      709.06       80.315      -76.079       -0.561     1.65910    12.17221
  41     45.944       82.300          -4.511        0.794       335081.3          704.1    0.6111    0.1780      709.05       82.329      -75.695       -0.594     1.65794    12.17068
  42     50.982       85.141          -3.372        0.787       334546.8          703.8    0.6111    0.1836      709.08       85.170      -75.227       -0.629     1.65598    12.17550
  43     57.772       88.971          -0.870        0.752       333713.0          703.4    0.6094    0.1898      709.09       89.000      -74.571       -0.692     1.65271    12.17435
  44     61.440       91.041           2.165        0.691       333268.3          703.2    0.6056    0.1927      708.99       91.070      -74.102       -0.740     1.65105    12.17861
  45     66.208       93.730           3.821        0.665       332971.6          702.9    0.6049    0.1981      709.09       93.760      -73.624       -0.786     1.65018    12.17701
  46     72.922       97.518           6.690        0.611       331791.2          702.3    0.6033    0.2050      709.00       97.547      -72.933       -0.851     1.64557    12.17988
  47     77.603      100.158          10.345        0.522       331258.8          702.1    0.5993    0.2096      709.02      100.187      -72.322       -0.906     1.64351    12.18156
  48     83.261      103.350          13.772        0.438       330587.3          701.7    0.5964    0.2158      709.10      103.379      -71.644       -0.972     1.64095    12.18291
  49     87.895      105.964          17.942        0.326       329710.5          701.4    0.5918    0.2211      709.10      105.993      -70.971       -1.036     1.63730    12.18495
  50     92.596      108.615          21.769        0.221       329179.1          701.2    0.5878    0.2269      709.32      108.645      -70.298       -1.098     1.63503    12.18751
  51     98.087      111.712          26.263        0.093       328046.9          700.6    0.5837    0.2339      709.27      111.743      -69.504       -1.174     1.63056    12.18743
  52    102.435      114.164          31.130       -0.054       327307.0          700.2    0.5782    0.2400      709.25      114.196      -68.725       -1.241     1.62783    12.19154
  53    107.742      117.156          36.026       -0.201       326275.7          699.6    0.5736    0.2476      709.19      117.189      -67.860       -1.309     1.62403    12.19163
  54    112.800      120.008          41.855       -0.376       325086.9          698.9    0.5675    0.2556      709.06      120.042      -66.890       -1.371     1.61964    12.19684
  55    117.455      122.633          47.935       -0.562       323989.8          698.2    0.5610    0.2638      708.98      122.668      -65.886       -1.435     1.61563    12.19777
  56    122.383      125.411          54.518       -0.764       322645.5          697.4    0.5540    0.2730      708.90      125.448      -64.767       -1.502     1.61056    12.20196
  57    127.372      128.224          61.823       -0.983       321149.8          696.6    0.5464    0.2833      708.92      128.263      -63.518       -1.566     1.60473    12.20279
  58    132.415      131.067          69.909       -1.219       319400.3          695.8    0.5380    0.2947      708.96      131.107      -62.112       -1.628     1.59780    12.20736
  59    137.192      133.760          78.843       -1.474       317442.5          694.8    0.5286    0.3073      709.00      133.802      -60.551       -1.690     1.59003    12.20950
  60    141.863      136.392          88.617       -1.740       315232.3          693.7    0.5184    0.3213      709.07      136.437      -58.796       -1.745     1.58122    12.21544
  61    146.058      138.756          99.285       -2.017       312681.5          692.3    0.5073    0.3366      709.09      138.804      -56.845       -1.803     1.57102    12.21791
  62    150.024      140.989         110.704       -2.296       309905.2          690.9    0.4956    0.3533      709.16      141.041      -54.674       -1.860     1.55996    12.22396
  63    153.168      142.758         122.958       -2.572       306700.3          689.2    0.4831    0.3714      709.12      142.814      -52.278       -1.919     1.54717    12.22513
  64    155.605      144.128         135.745       -2.832       303291.0          687.3    0.4702    0.3904      709.08      144.189      -49.663       -1.973     1.53360    12.23230
  65    157.316      145.088         149.035       -3.061       299640.1          685.4    0.4570    0.4105      709.09      145.154      -46.826       -2.023     1.51896    12.23444
  66    157.775      145.341         162.825       -3.247       295535.0          683.2    0.4430    0.4314      708.96      145.413      -43.744       -2.055     1.50237    12.24123
  67    157.769      145.332         176.479       -3.380       291476.2          681.0    0.4295    0.4526      708.95      145.410      -40.514       -2.073     1.48593    12.24528
  68    157.363      145.098         190.254       -3.457       287099.8          678.7    0.4165    0.4746      708.89      145.181      -37.077       -2.075     1.46811    12.25006
  69    156.745      144.744         204.302       -3.474       282428.9          676.2    0.4042    0.4977      708.87      144.832      -33.390       -2.054     1.44896    12.25335
  70    156.083      144.364         218.580       -3.434       277366.8          673.5    0.3930    0.5219      708.83      144.459      -29.471       -2.011     1.42810    12.25695
  71    155.511      144.034         233.068       -3.349       272013.5          670.6    0.3831    0.5472      708.81      144.136      -25.342       -1.946     1.40595    12.26000
  72    155.360      143.942         247.749       -3.236       266313.4          667.5    0.3748    0.5737      708.79      144.051      -21.017       -1.864     1.38228    12.26171
  73    155.699      144.125         262.621       -3.110       260280.0          664.2    0.3686    0.6014      708.78      144.242      -16.517       -1.771     1.35716    12.26335
  74    156.762      144.717         277.538       -3.013       254056.6          660.7    0.3647    0.6299      708.86      144.842      -11.936       -1.688     1.33114    12.26403
  75    157.819      145.307         291.937       -3.044       247663.1          657.2    0.3621    0.6579      708.84      145.438       -7.480       -1.657     1.30425    12.26262
  76    158.229      145.532         304.475       -3.333       241561.5          653.9    0.3594    0.6823      708.66      145.669       -3.527       -1.740     1.27839    12.26162
  77    156.973      144.809         314.186       -3.882       236515.4          651.5    0.3545    0.7004      708.45      144.961       -0.303       -1.959     1.25684    12.25980
  78    154.163      143.204         321.814       -4.445       232759.7          650.0    0.3476    0.7134      708.43      143.376        2.542       -2.211     1.24085    12.25835
  79    151.072      141.454         329.180       -4.728       229670.6          648.7    0.3409    0.7258      708.61      141.632        5.596       -2.325     1.22796    12.25416
  80    148.908      140.244         337.333       -4.670       226193.7          647.0    0.3369    0.7405      708.70      140.412        9.027       -2.257     1.21364    12.24793
  81    147.808      139.634         345.790       -4.462       222127.2          644.8    0.3362    0.7567      708.60      139.791       12.426       -2.128     1.19676    12.24205
  82    147.070      139.216         353.491       -4.323       218068.9          642.6    0.3375    0.7718      708.45      139.375       15.346       -2.075     1.17968    12.23784
  83    146.117      138.664         359.839       -4.319       214536.4          640.7    0.3391    0.7843      708.38      138.837       17.658       -2.128     1.16462    12.23380
  84    144.860      137.934         364.956       -4.377       211594.0          639.3    0.3407    0.7942      708.39      138.128       19.473       -2.231     1.15195    12.22895
  85    143.475      137.134         369.238       -4.404       209083.9          638.1    0.3422    0.8023      708.42      137.347       20.942       -2.324     1.14104    12.22453
  86    142.162      136.379         372.898       -4.359       206834.7          637.0    0.3439    0.8094      708.42      136.606       22.161       -2.375     1.13122    12.21974
  87    140.910      135.664         376.163       -4.250       204820.9          636.1    0.3458    0.8157      708.45      135.900       23.178       -2.391     1.12233    12.21655
  88    139.817      135.035         379.143       -4.116       202871.7          635.1    0.3478    0.8216      708.44      135.283       24.029       -2.408     1.11365    12.21127
  89    139.480      134.829         381.638       -3.989       201179.4          634.2    0.3504    0.8269      708.45      135.093       24.715       -2.409     1.10607    12.20913
  90    139.005      134.549         383.609       -3.894       199909.2          633.6    0.3519    0.8310      708.42      134.825       25.322       -2.377     1.10036    12.20371
  91    138.400      134.193         385.383       -3.831       199051.8          633.1    0.3526    0.8344      708.52      134.484       25.960       -2.350     1.09643    12.20202
  92    137.297      133.556         386.926       -3.809       198146.3          632.7    0.3522    0.8372      708.40      133.861       26.650       -2.339     1.09236    12.19729
  93    136.747      133.237         388.258       -3.782       197735.7          632.5    0.3519    0.8396      708.60      133.551       27.429       -2.279     1.09034    12.20140
  94    134.734      132.088         389.372       -3.794       197060.7          632.4    0.3491    0.8409      708.55      132.416       28.270       -2.284     1.08697    12.19277
  95    134.809      132.140         392.382       -3.756       197504.7          632.4    0.3467    0.8463      709.11      132.458       30.348       -2.093     1.08939    12.20130
  96    131.347      130.155         393.211       -3.909       197868.1          632.6    0.3391    0.8461      708.92      130.505       32.222       -2.175     1.09113    12.18029
  97    117.926      122.426         386.725       -4.629       199832.5          634.6    0.3216    0.8275      708.08      122.934       30.751       -2.949     1.09836    12.19832
  98    103.036      113.752         372.295       -5.543       203712.4          638.7    0.3085    0.7928      707.68      114.534       22.971       -4.173     1.11184    12.18544
  99     94.121      108.613         364.761       -5.875       208055.5          641.8    0.3047    0.7738      708.59      109.505       18.566       -4.607     1.12902    12.21898
 100    101.237      112.843         370.629       -5.206       208623.0          640.6    0.3083    0.7876      709.04      113.519       22.319       -3.352     1.13397    12.18899
 101    109.034      117.392         378.704       -4.394       205934.3          637.8    0.3125    0.8065      708.45      117.918       27.074       -2.394     1.12492    12.19804
 102    112.173      119.215         385.376       -3.830       204738.0          636.2    0.3151    0.8206      708.75      119.689       30.756       -1.991     1.12130    12.18156
 103    116.256      121.567         390.637       -3.335       203135.5          634.6    0.3212    0.8328      708.71      121.992       33.247       -1.649     1.11567    12.18327
 104    118.832      123.054         394.965       -2.885       201886.2          633.3    0.3262    0.8425      708.78      123.445       35.090       -1.402     1.11119    12.17478
 105    121.775      124.744         398.842       -2.433       200486.3          631.9    0.3322    0.8517      708.70      125.105       36.478       -1.152     1.10604    12.17893
 106    123.578      125.778         401.798       -2.026       199498.8          630.8    0.3364    0.8585      708.67      126.122       37.502       -0.958     1.10244    12.17340
 107    125.078      126.632         404.175       -1.646       198716.3          629.9    0.3403    0.8641      708.63      126.969       38.215       -0.790     1.09967    12.17588
 108    125.771      127.025         405.585       -1.303       198303.5          629.4    0.3423    0.8673      708.54      127.359       38.678       -0.656     1.09836    12.17000
 109    126.071      127.196         407.215       -0.942       198080.0          628.9    0.3444    0.8708      708.66      127.529       39.191       -0.522     1.09786    12.17327
 110    126.189      127.258         407.169       -0.645       197808.3          628.8    0.3443    0.8709      708.45      127.596       39.214       -0.418     1.09665    12.17037
 111    124.841      126.753         428.823        4.550       200075.0          621.9    0.3717    0.9168      708.89      126.835       45.601        2.055     1.12103    12.15584
 112    125.846      126.937         428.305      -10.874       200199.6          621.9    0.3717    0.9161      708.80      127.402       45.358       -4.879     1.12167    12.23803
 113     95.809      110.138         421.203       -8.355       202634.9          624.0    0.3378    0.8923      706.79      110.457       48.278       -4.303     1.13142    12.34105
 114     92.969      108.574         421.308       -7.750       202951.7          624.2    0.3362    0.8918      706.97      108.856       48.775       -4.025     1.13274    12.35470
 115     89.934      106.893         421.592       -7.209       202729.3          624.1    0.3349    0.8918      706.85      107.143       49.357       -3.779     1.13175    12.37252
 116     86.444      104.948         422.239       -6.764       202900.9          624.2    0.3339    0.8924      707.09      105.175       50.113       -3.593     1.13253    12.37742
 117     82.478      102.728         423.133       -6.412       202598.4          623.9    0.3333    0.8937      707.11      102.938       51.030       -3.472     1.13122    12.36876
 118     78.620      100.562         424.300       -6.142       202660.2          623.9    0.3335    0.8954      707.49      100.761       52.001       -3.404     1.13152    12.36273
 119     74.372       98.171         425.793       -5.961       202333.1          623.7    0.3342    0.8980      707.75       98.365       53.129       -3.421     1.13009    12.34826
 120     70.609       96.045         427.649       -5.880       202336.5          623.7    0.3361    0.9014      708.38       96.242       54.230       -3.526     1.13014    12.34381
 121     66.310       93.605         429.839       -5.888       201884.0          623.3    0.3388    0.9056      708.87       93.817       55.486       -3.768     1.12817    12.32609
 122     62.534       91.450         432.314       -5.935       201680.8          623.1    0.3425    0.9106      709.63       91.687       56.655       -4.085     1.12737    12.31965
 123     58.122       88.922         435.002       -6.013       200996.0          622.6    0.3468    0.9162      710.20       89.198       57.959       -4.578     1.12442    12.30036
 124     54.594       86.874         437.833       -6.134       200635.1          622.3    0.3520    0.9222      711.04       87.208       59.066       -5.226     1.12296    12.30209
 125     50.645       84.548         440.868       -6.298       199828.7          621.7    0.3579    0.9289      711.74       84.980       60.245       -6.305     1.11949    12.29252
 126     48.024       82.915         444.153       -6.509       199367.3          621.2    0.3650    0.9362      712.76       83.502       61.124       -7.828     1.11764    12.30757
 127     45.038       80.906         447.625       -6.743       198352.5          620.5    0.3726    0.9442      713.56       81.817       62.051      -10.723     1.11327    12.30627
 128     44.274       79.660         451.011       -6.906       197649.2          619.8    0.3807    0.9522      714.49       81.386       62.486      -13.657     1.11045    12.33569
 129     45.687       77.969         455.252       -7.116       196334.3          618.8    0.3906    0.9621      715.51       82.183       62.477      -11.890     1.10473    12.37692
 130     50.354       77.342         460.731       -7.574       195482.2          618.1    0.4036    0.9747      717.39       84.816       61.848      -10.691     1.10116    12.46640
 131     54.540       76.725         463.093       -7.384       194066.2          617.0    0.4103    0.9812      717.60       87.178       61.255       -8.627     1.09498    12.55499
 132     59.443       76.607         458.202       -6.757       192916.7          616.8    0.4024    0.9722      715.60       89.943       60.173       -7.467     1.08875    12.65611
 133     87.421       90.591         445.771       -4.917       194401.5          618.3    0.3895    0.9508      713.33      105.726       54.807       -0.189     1.09409    12.51272
 134     98.312       96.827         434.866       -3.184       194577.3          618.0    0.3753    0.9316      709.61      111.869       51.264        2.264     1.09539    12.47327
 135     97.340       99.490         429.897       -2.587       195547.1          619.0    0.3666    0.9211      708.84      111.321       50.510        2.984     1.09929    12.39150
 136    102.111      104.199         427.144       -2.117       195165.5          618.7    0.3657    0.9176      708.07      114.012       48.962        3.692     1.09743    12.35522
 137    105.265      109.063         424.477       -1.658       194970.2          618.5    0.3642    0.9139      707.57      115.792       47.426        4.810     1.09644    12.29870
 138    112.937      115.548         423.060       -1.295       193826.0          617.5    0.3681    0.9147      706.92      120.120       44.964        5.700     1.09150    12.27709
 139    122.536      122.846         422.522       -1.086       193056.9          616.8    0.3750    0.9175      707.03      125.534       41.604        6.084     1.08818    12.24456
 140    137.427      132.123         419.727       -0.573       191922.6          615.8    0.3823    0.9175      706.08      133.934       37.098        5.871     1.08314    12.23348
 141    142.627      135.616         414.849        0.150       192059.4          616.1    0.3800    0.9090      704.68      136.868       34.221        5.095     1.08355    12.21699
 142    148.019      138.881         411.918        0.582       192404.2          616.4    0.3813    0.9048      704.29      139.910       32.537        4.523     1.08498    12.21199
 143    156.580      143.878         410.743        0.803       191563.1          615.7    0.3884    0.9061      703.85      144.739       31.138        3.946     1.08126    12.20198
 144    167.257      149.979         409.577        1.039       190893.4          615.1    0.3971    0.9087      703.78      150.762       29.739        3.703     1.07825    12.20311
 145    177.782      155.981         406.045        1.547       190175.0          614.5    0.4020    0.9067      702.72      156.699       28.030        3.639     1.07496    12.19625
 146    180.923      157.782         400.786        2.202       190505.5          614.9    0.3985    0.8975      701.27      158.471       26.571        3.685     1.07626    12.19835
 147    185.315      160.300         398.086        2.541       190590.8          615.0    0.4001    0.8942      700.76      160.949       25.583        3.577     1.07664    12.19112
 148    194.703      165.617         395.993        2.841       189692.8          614.2    0.4071    0.8956      700.19      166.245       24.398        3.592     1.07256    12.19207
 149    201.429      169.431         391.399        3.399       189376.6          614.0    0.4085    0.8904      698.91      170.039       22.999        3.666     1.07099    12.18915
 150    204.097      170.939         386.594        3.931       189619.3          614.2    0.4062    0.8827      697.59      171.544       21.766        3.778     1.07208    12.19194
 151    210.575      174.593         383.316        4.325       189337.9          614.0    0.4100    0.8805      696.96      175.198       20.497        3.849     1.07074    12.18903
 152    218.908      179.286         377.129        5.015       188834.9          613.7    0.4127    0.8742      695.30      179.899       18.588        4.022     1.06824    12.19112
 153    211.757      175.251         367.930        5.853       190115.2          615.3    0.3962    0.8513      692.57      175.865       16.926        4.176     1.07339    12.19041
 154    205.982      171.995         366.059        5.929       191353.6          616.2    0.3891    0.8446      692.33      172.608       16.756        4.213     1.07920    12.19175
 155    220.572      180.210         366.494        5.918       189541.1          614.5    0.4070    0.8554      692.80      180.838       15.538        4.243     1.07112    12.18836
 156    237.404      189.685         360.831        6.528       187120.3          612.2    0.4221    0.8581      690.90      190.333       13.167        4.418     1.06013    12.19373
 157    241.652      192.060         352.041        7.300       187272.5          612.5    0.4207    0.8455      688.68      192.729       10.935        4.602     1.06072    12.19469
 158    243.443      193.052         344.047        7.912       187576.8          612.8    0.4181    0.8325      686.60      193.739        8.851        4.727     1.06202    12.19640
 159    247.772      195.486         336.736        8.418       187462.0          612.7    0.4197    0.8231      684.76      196.182        6.872        4.809     1.06152    12.19850
 160    252.224      197.982         328.390        8.948       187018.8          612.4    0.4217    0.8128      682.51      198.693        4.640        4.922     1.05935    12.20128
 161    255.002      199.535         319.339        9.467       186949.7          612.5    0.4224    0.7998      680.18      200.260        2.233        5.010     1.05896    12.20582
 162    257.456      200.915         309.746        9.933       186875.2          612.5    0.4233    0.7858      677.72      201.644       -0.260        5.052     1.05855    12.20832
 163    258.114      201.284         299.840       10.333       186714.7          612.5    0.4232    0.7702      675.01      202.015       -2.833        5.081     1.05770    12.21335
 164    261.586      203.249         290.302       10.632       186528.5          612.4    0.4276    0.7579      672.77      203.974       -5.359        5.062     1.05693    12.21725
 165    266.767      206.180         278.702       10.953       185356.3          611.4    0.4356    0.7451      669.58      206.897       -8.214        5.032     1.05152    12.22094
 166    269.333      207.647         266.032       11.132       184526.5          610.7    0.4421    0.7291      666.24      208.344      -11.230        4.968     1.04770    12.22874
 167    270.604      208.384         253.059       11.196       183743.7          610.2    0.4486    0.7117      662.86      209.061      -14.292        4.885     1.04410    12.23457
 168    270.775      208.495         239.365       11.282       182772.0          609.5    0.4559    0.6929      659.25      209.157      -17.443        4.810     1.03954    12.24349
 169    270.497      208.368         225.915       11.219       181825.7          608.9    0.4642    0.6746      655.84      209.001      -20.459        4.681     1.03513    12.25014
 170    269.475      207.829         212.094       11.031       180586.2          608.0    0.4736    0.6559      652.21      208.424      -23.488        4.522     1.02935    12.25982
 171    267.410      206.708         198.395       10.718       179346.2          607.1    0.4835    0.6368      648.69      207.259      -26.449        4.333     1.02354    12.26948
 172    265.279      205.554         185.156       10.310       177995.5          606.2    0.4944    0.6188      645.27      206.057      -29.213        4.114     1.01730    12.28017
 173    264.002      204.881         171.535        9.875       176422.5          605.0    0.5080    0.6020      641.85      205.337      -31.919        3.895     1.01009    12.29055
 174    262.941      204.331         157.109        9.356       174341.7          603.4    0.5245    0.5859      638.14      204.738      -34.584        3.650     1.00043    12.30103
 175    260.112      202.783         142.757        8.706       172100.1          601.7    0.5406    0.5690      634.35      203.142      -37.195        3.391     0.98994    12.31392
 176    256.606      200.850         129.227        8.018       170043.6          600.2    0.5559    0.5522      630.86      201.165      -39.646        3.136     0.98033    12.33086
 177    253.708      199.257         115.782        7.374       167849.4          598.5    0.5728    0.5367      627.43      199.530      -41.935        2.883     0.97016    12.34592
 178    251.630      198.122         101.786        6.755       165292.8          596.5    0.5925    0.5227      623.85      198.358      -44.114        2.636     0.95833    12.35753
 179    249.875      197.166          87.313        6.100       162328.5          594.1    0.6143    0.5103      620.07      197.368      -46.200        2.383     0.94456    12.36635
 180    248.154      196.225          72.879        5.362       159164.5          591.5    0.6371    0.4991      616.32      196.397      -48.178        2.112     0.92975    12.37683
 181    246.598      195.374          59.153        4.555       155956.2          589.0    0.6596    0.4891      612.73      195.519      -49.953        1.824     0.91472    12.38784
 182    244.572      194.251          46.766        3.760       152939.6          586.7    0.6799    0.4796      609.48      194.376      -51.551        1.545     0.90059    12.40128
 183    241.227      192.377          36.306        3.058       150303.7          584.9    0.6960    0.4690      606.67      192.489      -53.027        1.289     0.88821    12.41553
 184    236.742      189.857          28.161        2.574       148130.3          583.7    0.7071    0.4575      604.46      189.959      -54.333        1.078     0.87794    12.43600
 185    231.858      187.107          21.446        2.147       146340.7          582.9    0.7154    0.4460      602.65      187.204      -55.507        0.878     0.86951    12.46003
 186    227.880      184.866          14.739        1.738       144597.1          581.9    0.7247    0.4361      600.81      184.960      -56.558        0.694     0.86151    12.48306
 187    225.130      183.315           7.677        1.353       142730.2          580.7    0.7359    0.4287      598.91      183.409      -57.491        0.524     0.85301    12.50178
 188    223.137      182.187           0.531        1.018       140672.9          579.2    0.7481    0.4236      596.95      182.285      -58.351        0.366     0.84357    12.51963
 189    221.598      181.320          -6.147        0.920       138526.5          577.6    0.7601    0.4202      595.07      181.417      -59.119        0.303     0.83360    12.53363
 190    220.503      180.702         -11.954        0.811       136509.8          576.2    0.7709    0.4183      593.46      180.799      -59.756        0.224     0.82413    12.54484
 191    219.663      180.227         -16.570        0.534       134726.7          575.0    0.7796    0.4175      592.18      180.325      -60.254        0.073     0.81566    12.55026
 192    217.906      179.235         -19.949        0.239       133250.8          574.1    0.7855    0.4166      591.18      179.334      -60.716       -0.070     0.80851    12.55315
 193    215.542      177.889         -22.718       -0.267       132133.9          573.5    0.7898    0.4155      590.48      178.000      -61.186       -0.320     0.80296    12.55213
 194    213.586      176.763         -24.995       -0.785       131169.7          573.0    0.7933    0.4151      590.01      176.897      -61.581       -0.578     0.79804    12.55156
 195    211.755      175.723         -26.087       -1.050       130395.2          572.8    0.7947    0.4156      589.88      175.864      -61.881       -0.693     0.79385    12.54975
 196    208.805      174.060         -26.216       -1.153       129886.6          572.9    0.7934    0.4147      589.87      174.200      -62.185       -0.707     0.79085    12.55064
 197    206.875      172.976         -26.474       -1.137       129799.3          573.2    0.7927    0.4139      590.17      173.111      -62.362       -0.650     0.78989    12.55120
 198    204.015      171.370         -26.254       -1.073       129363.4          573.2    0.7906    0.4118      589.97      171.497      -62.617       -0.609     0.78739    12.54930
 199    202.334      170.430         -25.807       -0.915       129439.1          573.7    0.7885    0.4103      590.32      170.550      -62.670       -0.522     0.78723    12.55135
 200    198.812      168.448         -25.050       -0.601       129216.6          573.9    0.7847    0.4059      590.24      168.563      -62.931       -0.390     0.78561    12.54682
 201    198.537      168.295         -26.558       -0.141       129949.4          574.5    0.7867    0.4017      590.50      168.408      -62.965       -0.091     0.78917    12.55608
 202    193.335      165.319         -24.876        0.692       130231.1          575.3    0.7800    0.3915      590.50      165.473      -63.287        0.671     0.78995    12.54223
 203    171.156      152.551         -13.296        2.546       132036.0          579.2    0.7442    0.3752      593.22      152.962      -64.329        2.434     0.79549    12.57567
 204    146.913      138.458           5.877        4.223       135014.2          584.7    0.6931    0.3747      598.68      139.286      -65.038        4.629     0.80521    12.58344
 205    130.487      129.100          16.400        4.649       137732.7          588.4    0.6627    0.3728      602.33      130.020      -65.792        5.140     0.81550    12.64333
 206    138.980      134.026           9.490        4.344       138223.7          588.1    0.6790    0.3642      601.32      134.811      -64.989        3.624     0.81869    12.57717
 207    150.915      140.524          -1.113        5.162       136282.6          585.4    0.7050    0.3540      597.85      141.543      -64.548        3.332     0.81137    12.55261
 208    157.756      143.840         -10.008        7.368       135551.5          584.1    0.7251    0.3460      596.03      145.403      -64.667        4.000     0.80894    12.51197
 209    167.452      148.483         -18.150       11.077       133988.8          581.8    0.7460    0.3468      593.75      150.872      -64.429        5.037     0.80292    12.48913
 210    175.769      151.802         -26.224       16.251       132926.2          579.8    0.7663    0.3503      591.99      155.564      -64.355        6.508     0.79926    12.46693
 211    185.887      155.576         -33.529       22.963       131716.3          577.6    0.7865    0.3596      590.25      161.272      -64.068        8.215     0.79512    12.45241
 212    195.913      158.834         -38.613       30.198       130836.4          575.7    0.8024    0.3706      589.08      166.927      -63.645        9.867     0.79230    12.46768
 213    204.707      161.690         -40.946       36.527       130208.1          574.6    0.8122    0.3805      588.66      171.888      -63.140       11.242     0.78993    12.50095
 214    208.813      163.294         -40.345       39.385       129948.7          574.8    0.8129    0.3841      589.07      174.204      -62.786       12.003     0.78809    12.54293
 215    207.858      163.939         -37.708       37.804       129857.4          575.6    0.8067    0.3813      589.66      173.666      -62.660       11.837     0.78642    12.55926
 216    208.720      165.057         -36.315       36.838       130072.3          576.3    0.8040    0.3817      590.40      174.152      -62.481       11.461     0.78670    12.57725
 217    200.060      169.225         -54.096        3.732       132211.4          570.7    0.8365    0.3803      584.46      169.266      -64.340        1.263     0.80717    12.19988
 218    200.689      169.589         -54.037       -3.282       132181.5          570.5    0.8369    0.3811      584.29      169.621      -64.289       -1.109     0.80730    19.37050
 219    182.091      159.058         -54.990       -4.441       133489.2          571.7    0.8287    0.3602      584.06      159.130      -65.762       -1.630     0.81360    19.35328
 220    178.096      156.793         -55.981       -4.722       133744.8          571.6    0.8287    0.3565      583.79      156.876      -66.127       -1.764     0.81519    19.36955
 221    172.661      153.709         -56.907       -5.041       134038.5          571.8    0.8279    0.3511      583.57      153.810      -66.598       -1.935     0.81680    19.36292
 222    167.204      150.611         -57.849       -5.351       134389.0          572.0    0.8272    0.3459      583.46      150.732      -67.075       -2.118     0.81864    19.37455
 223    161.118      147.152         -58.770       -5.683       134647.3          572.1    0.8263    0.3401      583.27      147.299      -67.602       -2.334     0.81998    12.23090
 224    155.146      143.753         -59.692       -6.029       134961.0          572.4    0.8256    0.3346      583.18      143.930      -68.122       -2.575     0.82156    12.23956
 225    148.837      140.151         -60.642       -6.464       135194.6          572.5    0.8249    0.3289      583.04      140.371      -68.672       -2.888     0.82273    12.23788
 226    142.810      136.701         -61.837       -6.911       135464.8          572.7    0.8250    0.3241      583.00      136.971      -69.213       -3.235     0.82406    12.25020
 227    136.650      133.158         -63.254       -7.428       135626.8          572.8    0.8258    0.3196      582.91      133.497      -69.775       -3.669     0.82487    12.25039
 228    130.787      129.766         -64.817       -7.960       135787.2          572.9    0.8271    0.3160      582.86      130.189      -70.318       -4.161     0.82569    12.26298
 229    124.807      126.295         -66.390       -8.435       135834.3          573.0    0.8286    0.3128      582.78      126.816      -70.870       -4.707     0.82591    12.26564
 230    119.198      123.022         -68.087       -8.840       135882.0          573.0    0.8307    0.3105      582.77      123.652      -71.393       -5.285     0.82612    12.28343
 231    113.745      119.811         -70.097       -9.237       135818.0          572.9    0.8337    0.3093      582.69      120.576      -71.910       -5.973     0.82586    12.29626
 232    108.783      116.860         -72.677       -9.541       135749.0          572.8    0.8383    0.3102      582.68      117.776      -72.395       -6.707     0.82559    12.33007
 233    104.160      114.017         -75.837       -9.932       135540.7          572.6    0.8444    0.3131      582.68      115.168      -72.859       -7.720     0.82466    12.34862
 234     99.966      111.361         -79.159      -10.167       135303.4          572.3    0.8512    0.3175      582.75      112.803      -73.281       -8.882     0.82355    12.37697
 235     96.246      108.834         -82.974      -10.203       134870.5          571.9    0.8594    0.3239      582.80      110.704      -73.668      -10.424     0.82152    12.40407
 236     93.585      106.902         -85.377       -9.690       134392.5          571.5    0.8649    0.3286      582.75      109.203      -73.936      -11.520     0.81915    12.45885
 237     92.985      104.558         -92.328       -9.501       133790.6          570.1    0.8814    0.3443      582.52      108.864      -74.096      -12.814     0.81746    12.52336
 238     93.921      102.927         -76.171       -8.348       132865.6          570.8    0.8467    0.3120      581.49      109.393      -73.860      -11.334     0.81072    12.56251
 239     99.262      108.270         -50.438       -7.098       133828.8          572.6    0.7930    0.2868      582.45      112.406      -72.838       -9.962     0.81375    12.43211
 240    110.492      116.368         -47.308       -6.958       134276.2          573.0    0.7892    0.2954      583.22      118.741      -71.788       -7.581     0.81605    12.39980
 241    121.119      123.942         -50.318       -6.677       133858.2          572.3    0.7988    0.3108      583.04      124.735      -70.826       -5.592     0.81461    12.33920
 242    131.282      129.925         -51.788       -6.389       133424.0          571.6    0.8054    0.3263      583.07      130.468      -69.881       -4.358     0.81285    12.31937
 243    141.065      135.570         -52.282       -6.058       132947.9          571.0    0.8101    0.3384      583.04      135.987      -68.984       -3.504     0.81084    12.29836
 244    149.404      140.341         -52.114       -5.729       132540.0          570.5    0.8132    0.3477      583.05      140.691      -68.211       -2.976     0.80906    12.29993
 245    155.682      143.905         -51.670       -5.477       132173.2          570.1    0.8152    0.3542      582.99      144.233      -67.631       -2.688     0.80744    12.28963
 246    161.806      147.369         -51.813       -5.246       131797.5          569.6    0.8185    0.3613      583.02      147.687      -67.105       -2.466     0.80574    12.29112
 247    168.918      151.414         -52.622       -4.989       131278.3          569.0    0.8237    0.3697      582.98      151.699      -66.576       -2.183     0.80337    12.27986
 248    176.537      155.754         -52.809       -4.687       130820.2          568.5    0.8278    0.3775      583.03      155.997      -66.009       -1.870     0.80125    12.27976
 249    182.665      159.235         -51.934       -4.418       130412.7          568.1    0.8292    0.3825      582.97      159.454      -65.521       -1.655     0.79932    12.27248
 250    186.925      161.642         -51.295       -4.193       130162.2          567.8    0.8303    0.3862      583.02      161.857      -65.183       -1.535     0.79813    12.27628
 251    192.568      164.845         -51.242       -3.907       129724.6          567.4    0.8335    0.3924      583.06      165.040      -64.795       -1.349     0.79604    12.26998
 252    199.405      168.732         -50.049       -3.559       129255.8          566.9    0.8349    0.3984      583.11      168.897      -64.276       -1.118     0.79375    12.27067
 253    202.973      170.754         -47.758       -3.305       128973.9          566.6    0.8327    0.4000      583.01      170.910      -63.942       -1.005     0.79235    12.26485
 254    206.936      172.995         -46.676       -3.034       128760.4          566.4    0.8332    0.4040      583.18      173.145      -63.626       -0.899     0.79130    12.26679
 255    214.119      177.074         -44.646       -2.626       128169.4          565.8    0.8338    0.4104      583.21      177.197      -63.065       -0.686     0.78834    12.26137
 256    217.385      178.921         -41.317       -2.290       127929.8          565.6    0.8296    0.4115      583.12      179.039      -62.668       -0.571     0.78712    12.26657
 257    221.233      181.098         -39.368       -1.943       127765.6          565.4    0.8286    0.4151      583.37      181.211      -62.318       -0.448     0.78625    12.26230
 258    228.362      185.136         -36.636       -1.477       127079.2          564.7    0.8285    0.4219      583.31      185.232      -61.706       -0.262     0.78286    12.26426
 259    234.008      188.329         -33.356       -1.066       126703.1          564.3    0.8265    0.4266      583.40      188.417      -61.173       -0.117     0.78099    12.26096
 260    240.259      191.862         -28.471       -0.674       126316.9          564.0    0.8219    0.4308      583.56      191.943      -60.486        0.023     0.77891    12.26322
 261    238.281      190.739         -22.508       -0.455       126398.1          564.3    0.8096    0.4251      583.27      190.827      -60.200        0.071     0.77909    12.26243
 262    238.641      190.934         -21.323       -0.185       126727.8          564.6    0.8080    0.4262      583.65      191.030      -60.089        0.129     0.78088    12.26725
 263    250.837      197.829         -18.696        0.432       125426.1          563.0    0.8132    0.4410      583.70      197.910      -59.192        0.349     0.77450    12.26157
 264    258.319      202.056         -11.268        1.042       124381.4          561.9    0.8068    0.4476      583.23      202.131      -58.239        0.512     0.76923    12.26799
 265    259.285      202.597          -5.176        1.451       124653.1          562.3    0.7969    0.4469      583.66      202.676      -57.728        0.601     0.77046    12.26399
 266    262.811      204.584           0.881        1.873       124241.9          561.9    0.7899    0.4505      583.64      204.665      -57.053        0.694     0.76837    12.26692
 267    265.805      206.268           7.798        2.307       123914.2          561.6    0.7813    0.4538      583.71      206.354      -56.329        0.786     0.76666    12.26774
 268    269.015      208.075          14.995        2.746       123490.2          561.2    0.7727    0.4582      583.72      208.165      -55.525        0.880     0.76453    12.27214
 269    272.326      209.937          23.374        3.202       123010.1          560.7    0.7626    0.4634      583.79      210.033      -54.589        0.973     0.76207    12.27376
 270    273.666      210.686          32.474        3.659       122524.4          560.2    0.7501    0.4671      583.68      210.789      -53.655        1.054     0.75960    12.27895
 271    274.331      211.052          41.429        4.053       122224.7          559.9    0.7375    0.4710      583.74      211.164      -52.742        1.113     0.75815    12.28205
 272    277.159      212.638          51.594        4.467       121501.4          559.0    0.7258    0.4792      583.72      212.759      -51.538        1.155     0.75462    12.28631
 273    278.781      213.540          63.433        4.963       120567.4          557.9    0.7115    0.4880      583.50      213.674      -50.150        1.211     0.75000    12.29204
 274    278.228      213.214          75.062        5.405       119868.2          557.1    0.6956    0.4952      583.44      213.362      -48.803        1.259     0.74656    12.30027
 275    276.798      212.392          87.001        5.719       119135.4          556.3    0.6789    0.5030      583.37      212.555      -47.388        1.265     0.74293    12.30620
 276    275.635      211.722          99.404        5.942       118219.9          555.2    0.6623    0.5130      583.31      211.899      -45.777        1.253     0.73837    12.31514
 277    273.512      210.511         111.954        6.097       117196.2          554.1    0.6453    0.5235      583.18      210.702      -44.086        1.230     0.73324    12.32196
 278    270.184      208.619         124.531        6.205       116206.5          553.0    0.6272    0.5340      583.06      208.824      -42.332        1.201     0.72830    12.33359
 279    266.661      206.621         136.734        6.264       115173.1          551.9    0.6096    0.5451      582.95      206.837      -40.510        1.182     0.72317    12.34309
 280    262.871      204.475         149.040        6.314       114001.7          550.6    0.5922    0.5574      582.77      204.699      -38.568        1.174     0.71737    12.36329
 281    259.033      202.307         161.406        6.139       112716.3          549.1    0.5752    0.5709      582.62      202.534      -36.485        1.116     0.71096    12.36409
 282    255.113      200.094         173.711        5.767       111266.0          547.5    0.5587    0.5855      582.42      200.322      -34.277        0.998     0.70367    12.38170
 283    251.362      197.972         186.241        5.457       109710.9          545.9    0.5431    0.6016      582.32      198.206      -31.892        0.896     0.69578    12.38902
 284    248.026      196.082         199.102        5.204       107935.7          543.9    0.5284    0.6197      582.24      196.325      -29.276        0.815     0.68672    12.40083
 285    245.260      194.513         212.123        4.860       106006.1          541.9    0.5151    0.6395      582.25      194.764      -26.456        0.711     0.67680    12.41157
 286    242.947      193.204         225.141        4.311       103921.8          539.7    0.5036    0.6606      582.34      193.459      -23.482        0.559     0.66598    12.42275
 287    240.708      191.940         238.114        3.539       101688.6          537.4    0.4931    0.6825      582.41      192.197      -20.394        0.347     0.65430    12.43311
 288    239.135      191.048         250.575        2.529        99437.9          535.2    0.4845    0.7045      582.59      191.309      -17.286        0.069     0.64245    12.44518
 289    236.524      189.553         261.556        1.332        97216.7          533.1    0.4758    0.7234      582.64      189.836      -14.504       -0.289     0.63059    12.45473
 290    231.240      186.506         269.384       -0.144        95394.5          532.0    0.4649    0.7344      582.62      186.855      -12.577       -0.817     0.62056    12.47058
 291    223.457      182.005         273.836       -1.636        94274.5          532.0    0.4517    0.7367      582.82      182.465      -11.582       -1.465     0.61404    12.49019
 292    214.575      176.899         277.055       -2.627        93602.9          532.6    0.4378    0.7359      583.24      177.455      -10.895       -2.020     0.60989    12.51561
 293    206.988      172.575         280.794       -3.168        92980.7          533.1    0.4255    0.7373      583.79      173.174       -9.907       -2.379     0.60610    12.54111
 294    201.086      169.223         284.923       -3.553        92140.6          533.2    0.4160    0.7411      584.23      169.845       -8.702       -2.647     0.60120    12.56601
 295    195.898      166.247         288.713       -3.975        91278.6          533.1    0.4089    0.7450      584.67      166.919       -7.657       -2.977     0.59614    12.59037
 296    191.122      163.458         291.639       -4.523        90465.6          533.1    0.4040    0.7477      585.06      164.224       -6.932       -3.434     0.59127    12.61293
 297    186.872      160.937         293.717       -5.097        89748.7          533.1    0.4010    0.7493      585.42      161.827       -6.491       -3.948     0.58690    12.63973
 298    182.977      158.622         295.427       -5.507        89076.4          533.1    0.3994    0.7505      585.72      159.630       -6.232       -4.422     0.58277    12.66663
 299    180.791      157.316         296.848       -5.729        88479.4          533.0    0.3999    0.7523      586.05      158.397       -5.993       -4.718     0.57908    12.69932
 300    179.339      156.489         298.133       -5.852        88036.9          532.9    0.3999    0.7542      586.30      157.577       -5.693       -4.767     0.57628    12.72833
 301    177.742      155.596         299.518       -5.914        87753.8          533.0    0.3985    0.7559      586.66      156.677       -5.372       -4.765     0.57433    12.75525
 302    175.889      154.551         300.640       -6.008        87441.8          533.1    0.3962    0.7570      586.85      155.632       -5.088       -4.770     0.57223    12.77453
 303    174.126      153.546         301.267       -6.136        87377.7          533.5    0.3935    0.7569      587.22      154.637       -4.867       -4.774     0.57137    12.79635
 304    170.810      151.646         301.099       -6.305        87329.0          533.9    0.3886    0.7542      587.25      152.766       -4.901       -4.844     0.57064    12.80793
 305    167.985      150.034         300.390       -6.473        87708.2          534.9    0.3833    0.7502      587.70      151.173       -4.895       -4.808     0.57208    12.82856
 306    162.608      146.950         298.823       -6.682        87978.9          535.8    0.3748    0.7430      587.60      148.139       -5.326       -4.928     0.57299    12.83708
 307    159.454      145.102         299.031       -6.963        88867.3          537.0    0.3650    0.7402      588.20      146.360       -4.872       -4.887     0.57752    12.86480
 308    151.989      140.529         296.426       -8.038        89463.7          538.6    0.3517    0.7294      588.19      142.149       -5.877       -5.666     0.57984    12.86652
 309    134.553      129.712         289.463       -9.868        90500.3          541.7    0.3380    0.7047      588.69      132.313       -9.643       -7.826     0.58313    12.91613
 310    124.538      122.959         280.177      -11.481        91458.3          544.5    0.3411    0.6800      589.26      126.664      -13.138       -9.624     0.58610    12.93127
 311    117.465      118.456         274.032      -12.417        92104.8          546.3    0.3433    0.6633      589.65      122.674      -15.347      -10.613     0.58808    12.97230
 312    120.545      120.778         276.242      -12.608        92290.1          546.5    0.3398    0.6687      590.16      124.411      -14.139       -9.655     0.58895    18.87272
 313    124.634      123.474         280.106      -12.744        91746.5          545.5    0.3344    0.6782      589.82      126.718      -12.524       -8.817     0.58659    18.85939
 314    126.147      124.425         283.710      -13.000        91686.2          545.4    0.3281    0.6858      590.22      127.572      -11.258       -8.541     0.58635    18.82497
 315    129.340      126.312         287.297      -13.404        91276.0          544.7    0.3238    0.6944      590.20      129.373       -9.573       -8.226     0.58451    18.80485
 316    131.093      127.307         290.941      -13.789        91112.3          544.3    0.3191    0.7023      590.52      130.362       -7.964       -8.114     0.58384    18.77448
 317    134.111      129.003         294.550      -14.263        90755.1          543.6    0.3166    0.7110      590.61      132.064       -6.072       -7.968     0.58233    18.75763
 318    136.509      130.294         298.041      -14.794        90533.5          543.1    0.3146    0.7192      590.89      133.417       -4.257       -7.942     0.58146    18.73461
 319    139.478      131.951         301.455      -15.169        90181.2          542.3    0.3143    0.7277      590.97      135.091       -2.405       -7.822     0.58003    18.72757
 320    142.004      133.377         304.816      -15.404        89965.1          541.7    0.3142    0.7358      591.21      136.517       -0.633       -7.692     0.57929    18.71539
 321    144.757      134.945         307.715      -15.538        89658.8          541.0    0.3155    0.7433      591.33      138.070        0.906       -7.523     0.57806    18.72014
 322    148.123      136.747         310.777      -16.155        89377.7          540.2    0.3182    0.7514      591.48      139.968        2.488       -7.533     0.57704    18.71631
 323    171.652      153.202         338.221        3.461        89942.7          528.0    0.3515    0.8262      588.02      153.241       14.071        1.294     0.59352    17.81456
 324    170.816      152.533         338.260       -8.508        90001.8          528.0    0.3505    0.8258      588.00      152.770       14.126       -3.188     0.59388    12.12799
 325    151.913      141.940         342.639       -6.810        90534.6          528.9    0.3307    0.8253      588.93      142.107       16.957       -2.736     0.59639    12.12780
 326    148.572      140.092         343.545       -5.912        90759.1          529.3    0.3275    0.8255      589.35      140.222       17.554       -2.397     0.59747    12.12679
 327    145.849      138.577         344.574       -5.282        90612.1          529.1    0.3254    0.8267      589.35      138.685       18.164       -2.158     0.59669    12.12617
 328    142.544      136.727         345.758       -4.778        90776.0          529.3    0.3227    0.8277      589.75      136.821       18.902       -1.975     0.59751    12.12842
 329    139.175      134.833         347.045       -4.438        90664.0          529.2    0.3203    0.8292      589.84      134.921       19.713       -1.861     0.59694    12.12601
 330    135.965      133.022         348.436       -4.212        90794.4          529.3    0.3183    0.8309      590.29      133.110       20.570       -1.796     0.59760    12.13073
 331    132.366      130.988         349.943       -4.060        90718.8          529.2    0.3162    0.8329      590.51      131.080       21.545       -1.768     0.59721    12.12904
 332    129.210      129.198         351.488       -4.008        90856.7          529.4    0.3149    0.8351      591.04      129.300       22.503       -1.784     0.59792    12.13673
 333    125.346      127.003         353.130       -4.038        90765.4          529.3    0.3132    0.8376      591.32      127.120       23.624       -1.853     0.59745    12.13519
 334    121.983      125.083         354.868       -4.155        90844.0          529.3    0.3124    0.8403      591.86      125.223       24.739       -1.970     0.59786    12.14290
 335    117.839      122.716         356.776       -4.336        90688.1          529.1    0.3115    0.8436      592.17      122.885       26.083       -2.147     0.59706    12.14012
 336    114.471      120.778         358.759       -4.598        90727.9          529.1    0.3119    0.8472      592.78      120.985       27.352       -2.379     0.59729    12.14940
 337    110.341      118.398         360.926       -4.898        90554.8          528.9    0.3123    0.8514      593.21      118.655       28.857       -2.687     0.59642    12.14895
 338    107.066      116.488         363.045       -5.265        90578.2          528.8    0.3140    0.8556      593.89      116.808       30.185       -3.068     0.59660    12.16173
 339    102.808      113.997         365.409       -5.684        90341.1          528.5    0.3160    0.8606      594.38      114.406       31.817       -3.616     0.59540    12.16185
 340     99.381      111.937         367.803       -6.158        90264.9          528.3    0.3194    0.8659      595.10      112.472       33.253       -4.348     0.59509    12.17486
 341     94.946      109.231         370.520       -6.691        89896.6          527.8    0.3235    0.8722      595.65      109.971       35.033       -5.564     0.59321    12.17589
 342     91.889      107.088         373.453       -7.305        89717.9          527.4    0.3300    0.8794      596.52      108.247       36.379       -7.629     0.59243    12.19998
 343     90.013      104.470         377.823       -8.060        89226.8          526.6    0.3403    0.8904      597.57      107.188       37.638      -10.641     0.59005    12.23632
 344     93.825      102.284         377.895       -7.960        88757.7          526.1    0.3433    0.8922      597.49      109.338       36.671       -7.568     0.58747    12.31064
 345    117.752      119.507         368.288       -7.057        88561.3          526.3    0.3432    0.8779      595.74      122.836       30.141       -2.756     0.58580    12.23861
 346    130.496      129.069         361.282       -6.306        87884.3          524.8    0.3431    0.8687      593.06      130.025       21.490        2.032     0.58283    12.22730
 347    139.665      134.486         357.850       -5.987        87828.0          524.7    0.3488    0.8643      592.44      135.197       15.517        0.770     0.58256    12.20102
 348    149.225      139.970         354.054       -5.626        87474.8          524.2    0.3550    0.8604      591.24      140.590       12.935        0.536     0.58073    12.19676
 349    152.051      141.612         351.185       -5.225        87581.0          524.4    0.3558    0.8551      590.61      142.184       12.057        0.313     0.58124    12.18265
 350    158.168      145.077         349.574       -5.055        87264.0          523.9    0.3622    0.8550      590.10      145.635       10.974        0.320     0.57962    12.18406
 351    163.557      148.118         348.253       -4.890        86984.7          523.4    0.3685    0.8552      589.75      148.675        9.958        0.372     0.57820    12.17577
 352    172.010      152.889         346.971       -4.789        86511.3          522.7    0.3784    0.8576      589.43      153.443        8.743        0.489     0.57575    12.17651
 353    181.568      158.307         344.320       -4.556        86092.8          522.0    0.3872    0.8576      588.82      158.835        7.358        0.644     0.57354    12.16930
 354    186.029      160.864         340.182       -4.046        85932.0          521.9    0.3888    0.8517      587.55      161.352        6.263        0.754     0.57266    12.17109
 355    187.759      161.858         337.502       -3.631        86044.5          522.1    0.3891    0.8470      586.98      162.327        5.593        0.827     0.57327    12.16663
 356    193.847      165.295         335.877       -3.419        85628.9          521.4    0.3963    0.8480      586.45      165.762        4.771        0.933     0.57113    12.16827
 357    200.831      169.247         333.347       -3.115        85278.0          520.8    0.4036    0.8477      585.84      169.702        3.759        1.066     0.56928    12.16533
 358    205.817      172.076         329.653       -2.659        84992.8          520.4    0.4075    0.8439      584.76      172.514        2.630        1.222     0.56775    12.16660
 359    208.055      173.349         326.545       -2.195        84990.4          520.4    0.4089    0.8392      584.01      173.776        1.782        1.338     0.56776    12.16349
 360    214.138      176.785         324.365       -1.904        84617.0          519.8    0.4161    0.8396      583.44      177.208        0.976        1.449     0.56583    12.16320
 361    221.147      180.747         320.742       -1.493        84192.2          519.1    0.4235    0.8381      582.49      181.162       -0.180        1.605     0.56354    12.16137
 362    223.918      182.323         316.486       -0.935        84032.3          518.9    0.4253    0.8320      581.23      182.725       -1.235        1.735     0.56270    12.16236
 363    227.917      184.581         313.597       -0.515        83897.4          518.7    0.4299    0.8296      580.61      184.981       -2.059        1.852     0.56205    12.16024
 364    235.359      188.781         309.740       -0.098        83331.0          517.8    0.4389    0.8288      579.51      189.179       -3.218        1.996     0.55902    12.15973
 365    239.232      190.973         305.054        0.455        83096.9          517.4    0.4428    0.8234      578.23      191.364       -4.371        2.129     0.55778    12.15887
 366    243.964      193.647         300.854        0.944        82838.8          517.0    0.4484    0.8196      577.22      194.033       -5.416        2.245     0.55642    12.15741
 367    248.749      196.349         295.926        1.471        82451.0          516.4    0.4544    0.8151      575.82      196.732       -6.610        2.372     0.55434    12.15664
 368    252.938      198.715         291.006        2.010        82184.4          516.0    0.4597    0.8100      574.56      199.095       -7.751        2.483     0.55295    12.15605
 369    257.794      201.456         285.684        2.575        81787.8          515.3    0.4664    0.8052      573.13      201.835       -8.977        2.604     0.55082    12.15436
 370    261.615      203.615         279.917        3.196        81458.2          514.9    0.4720    0.7987      571.59      203.990      -10.239        2.719     0.54906    12.15463
 371    265.524      205.820         274.150        3.782        81130.9          514.4    0.4782    0.7926      570.10      206.195      -11.507        2.829     0.54731    12.15223
 372    269.812      208.239         267.756        4.340        80695.4          513.7    0.4854    0.7861      568.37      208.614      -12.840        2.916     0.54497    12.15064
 373    273.520      210.330         260.979        4.903        80290.9          513.1    0.4924    0.7786      566.58      210.706      -14.236        3.008     0.54280    12.14838
 374    277.089      212.341         253.696        5.477        79840.0          512.4    0.4999    0.7705      564.63      212.719      -15.703        3.091     0.54037    12.14702
 375    280.383      214.196         245.932        6.050        79365.0          511.7    0.5079    0.7616      562.56      214.577      -17.238        3.172     0.53782    12.14460
 376    283.695      216.060         237.639        6.616        78831.5          510.9    0.5169    0.7523      560.34      216.446      -18.847        3.246     0.53494    12.14303
 377    286.919      217.875         228.819        7.163        78241.7          510.0    0.5267    0.7425      557.99      218.264      -20.499        3.307     0.53177    12.14042
 378    289.944      219.579         219.432        7.674        77588.7          509.0    0.5375    0.7322      555.50      219.971      -22.218        3.360     0.52823    12.13909
 379    292.585      221.064         209.511        8.157        76878.3          507.9    0.5491    0.7213      552.85      221.461      -24.000        3.403     0.52436    12.13735
 380    295.017      222.435         199.303        8.594        76118.4          506.7    0.5615    0.7103      550.14      222.833      -25.775        3.430     0.52025    12.13590
 381    296.791      223.435         188.798        8.975        75307.7          505.5    0.5744    0.6988      547.31      223.833      -27.580        3.442     0.51583    12.13308
 382    298.100      224.175         178.321        9.301        74470.6          504.2    0.5875    0.6873      544.48      224.572      -29.325        3.436     0.51126    12.13110
 383    299.069      224.726         167.877        9.554        73618.6          502.9    0.6010    0.6759      541.72      225.119      -31.030        3.418     0.50658    12.12836
 384    299.404      224.920         157.424        9.737        72718.8          501.6    0.6146    0.6641      538.90      225.307      -32.716        3.384     0.50161    12.12653
 385    299.523      224.994         147.444        9.863        71843.4          500.3    0.6280    0.6530      536.26      225.374      -34.272        3.337     0.49678    12.12461
 386    299.555      225.018         137.677        9.951        70943.8          499.0    0.6417    0.6425      533.66      225.392      -35.749        3.288     0.49181    12.12291
 387    299.418      224.948         127.702       10.008        69997.1          497.6    0.6562    0.6322      531.01      225.315      -37.248        3.236     0.48657    12.12177
 388    299.456      224.980         117.842       10.009        68995.0          496.1    0.6714    0.6227      528.38      225.337      -38.633        3.162     0.48102    12.12032
 389    298.954      224.706         108.117        9.950        67969.7          494.5    0.6864    0.6135      525.78      225.054      -40.008        3.087     0.47533    12.12085
 390    298.064      224.211          98.575        9.870        66960.8          493.1    0.7012    0.6041      523.28      224.552      -41.342        3.014     0.46965    12.11955
 391    296.157      223.142          89.867        9.741        65960.2          491.7    0.7140    0.5947      520.89      223.476      -42.593        2.933     0.46403    12.12118
 392    293.254      221.514          82.006        9.553        65151.6          490.8    0.7246    0.5844      518.89      221.838      -43.828        2.839     0.45941    12.12225
 393    288.964      219.107          75.920        9.273        64421.2          490.0    0.7312    0.5742      517.15      219.418      -44.880        2.717     0.45524    12.12250
 394    282.141      215.268          70.870        8.948        63963.2          489.8    0.7336    0.5619      515.75      215.569      -46.075        2.611     0.45259    12.12791
 395    276.214      211.933          65.547        8.644        63580.1          489.7    0.7372    0.5489      514.46      212.226      -47.301        2.494     0.45037    12.12905
 396    271.857      209.487          61.217        8.314        63059.0          489.3    0.7410    0.5389      513.20      209.768      -48.189        2.341     0.44746    12.13474
 397    266.414      206.426          57.676        7.952        62759.8          489.2    0.7426    0.5292      512.28      206.697      -49.071        2.203     0.44572    12.14076
 398    261.033      203.397          54.112        7.662        62445.5          489.1    0.7444    0.5198      511.32      203.662      -49.988        2.090     0.44390    12.14768
 399    256.292      200.729          51.044        7.397        62101.2          488.8    0.7461    0.5117      510.42      200.988      -50.784        1.980     0.44191    12.15608
 400    251.634      198.107          48.370        7.150        61864.1          488.8    0.7472    0.5042      509.75      198.360      -51.531        1.878     0.44048    12.16540
 401    246.910      195.448          46.076        6.910        61645.8          488.7    0.7476    0.4971      509.13      195.695      -52.251        1.773     0.43917    12.17304
 402    242.264      192.832          44.286        6.686        61476.8          488.7    0.7472    0.4907      508.62      193.074      -52.894        1.673     0.43815    12.18031
 403    237.975      190.416          42.838        6.458        61371.3          488.8    0.7464    0.4850      508.24      190.655      -53.468        1.575     0.43747    12.18716
 404    233.828      188.080          41.551        6.263        61268.1          488.8    0.7456    0.4797      507.88      188.315      -54.021        1.484     0.43680    12.19402
 405    229.906      185.869          40.490        6.075        61190.1          488.9    0.7445    0.4750      507.57      186.103      -54.524        1.397     0.43630    12.19818
 406    226.244      183.804          39.732        5.932        61090.4          488.9    0.7431    0.4709      507.27      184.037      -54.980        1.327     0.43565    12.20256
 407    223.334      182.163          39.031        5.823        61090.8          489.1    0.7420    0.4674      507.19      182.395      -55.328        1.283     0.43554    12.20861
 408    220.302      180.451          38.232        5.780        61027.1          489.1    0.7412    0.4640      506.98      180.685      -55.754        1.257     0.43510    12.21256
 409    218.498      179.433          37.927        5.737        60985.8          489.1    0.7405    0.4622      506.88      179.668      -55.970        1.230     0.43480    12.21633
 410    215.919      177.978          38.281        5.663        60968.5          489.2    0.7378    0.4599      506.79      178.213      -56.156        1.213     0.43463    12.21829
 411    213.878      176.830          38.123        5.585        61185.8          489.7    0.7362    0.4571      507.07      177.062      -56.326        1.218     0.43573    12.22473
 412    210.613      174.990          39.153        5.432        61040.5          489.5    0.7320    0.4551      506.70      175.220      -56.609        1.163     0.43493    12.22085
 413    211.975      175.765          38.443        5.323        61366.9          490.1    0.7338    0.4523      507.17      175.988      -56.317        1.179     0.43660    12.23555
 414    208.290      173.687          36.790        5.294        61556.0          490.5    0.7341    0.4429      506.83      173.909      -57.064        1.203     0.43765    12.22626
 415    189.305      162.991          42.539        4.584        62427.9          492.3    0.7093    0.4291      507.75      163.199      -58.495        0.872     0.44213    12.24788
 416    171.198      152.732          56.445        3.281        63522.8          495.0    0.6687    0.4337      510.78      152.985      -58.604       -0.210     0.44728    12.25147
 417    158.494      145.482          66.693        1.813        64758.7          497.7    0.6376    0.4376      513.80      145.819      -57.946       -1.138     0.45326    12.28248
 418    166.626      150.095          62.664        1.672        65339.3          498.4    0.6495    0.4330      514.17      150.406      -56.751       -0.528     0.45646    12.25430
 419    175.780      155.316          54.221        2.029        64436.9          496.1    0.6718    0.4233      510.98      155.570      -56.995        0.048     0.45250    12.25117
 420    179.064      157.182          45.748        2.416        64206.0          495.2    0.6899    0.4118      509.19      157.422      -57.907        0.380     0.45179    12.24790
 421    183.711      159.836          38.450        3.061        63545.0          493.5    0.7076    0.4054      507.00      160.044      -58.333        0.792     0.44878    12.24498
 422    186.638      161.453          32.434        3.903        63270.9          492.4    0.7216    0.4016      505.65      161.695      -58.717        1.225     0.44785    12.25591
 423    189.558      163.143          28.973        2.953        62891.4          491.3    0.7308    0.4001      504.47      163.342      -58.797        0.809     0.44614    12.23392
 424    192.088      164.368          22.715       -1.340        62576.6          490.4    0.7453    0.3979      503.35      164.769      -59.198       -0.886     0.44483    12.28467
 425    193.934      165.646          18.538        4.144        62107.8          489.0    0.7553    0.3945      501.75      165.811      -59.464        1.412     0.44273    12.15848
 426    197.117      167.282          15.602        7.971        61819.2          487.6    0.7640    0.3955      500.40      167.606      -59.457        2.871     0.44187    12.14387
 427    199.884      168.760          13.390        9.151        61773.6          486.7    0.7708    0.3972      499.57      169.167      -59.410        3.248     0.44232    12.13035
 428    201.906      169.939          11.139        8.595        61717.0          485.9    0.7772    0.3986      498.75      170.308      -59.448        3.022     0.44270    12.13264
 429    203.118      170.688           9.383        7.529        61708.6          485.0    0.7821    0.3996      497.95      170.991      -59.507        2.634     0.44339    12.13009
 430    204.340      171.436           8.486        6.384        61813.0          484.4    0.7852    0.4009      497.42      171.681      -59.485        2.220     0.44466    12.13272
 431    205.113      171.920           7.956        5.202        61997.5          484.1    0.7870    0.4019      497.19      172.117      -59.464        1.798     0.44624    12.12939
 432    206.334      172.648           7.270        4.144        62155.5          483.8    0.7894    0.4034      496.98      172.806      -59.417        1.414     0.44763    12.13263
 433    207.829      173.520           6.464        2.953        62265.9          483.4    0.7924    0.4052      496.61      173.649      -59.357        0.989     0.44885    12.12655
 434    211.339      175.519           5.697        2.371        62115.3          482.7    0.7967    0.4097      496.23      175.629      -59.129        0.783     0.44837    12.13311
