  -0.033952   -0.017183    0.000325    0.004271    0.007477    0.010436    0.013889    0.017341
   0.021040    0.023506    0.025233    0.029178    0.031891    0.035590    0.038303    0.041262
   0.344159    0.344221    0.344535    0.344550    0.344562    0.344573    0.344585    0.344598
   0.344612    0.344621    0.344628    0.344642    0.344653    0.344666    0.344676    0.344688
   0.000325   0.035590   0.344535   0.344666  LEADING AND TRAILING EDGE COORDINATES
   0.043729    0.045949    0.047675    0.050881    0.053841    0.056554    0.058773    0.060994
   0.063706    0.066172    0.069132    0.071599    0.074311    0.076778    0.083436    0.088861
   0.344448    0.344208    0.344215    0.344226    0.343989    0.343999    0.344007    0.343767
   0.343777    0.343787    0.343549    0.343558    0.343568    0.343329    0.343354    0.343623
   0.047675   0.076778   0.344215   0.343329  LEADING AND TRAILING EDGE COORDINATES
   0.095273    0.100204    0.103902    0.108587    0.112779    0.116724    0.121410    0.125601
   0.130040    0.134232    0.138424    0.144589    0.148534    0.152726    0.156179    0.158893
   0.343647    0.343913    0.344176    0.344442    0.344457    0.344720    0.344738    0.345002
   0.345018    0.345282    0.345298    0.345569    0.345584    0.345848    0.345613    0.345374
   0.103902   0.152726   0.344176   0.345848  LEADING AND TRAILING EDGE COORDINATES
   0.161359    0.163333    0.165552    0.168265    0.170485    0.172951    0.175170    0.178376
   0.182075    0.185034    0.188980    0.191939    0.194159    0.196871    0.213887    0.230657
   0.345135    0.344894    0.344902    0.344912    0.344921    0.344930    0.344938    0.344950
   0.344964    0.344975    0.344990    0.345001    0.345009    0.345019    0.345082    0.345145
   0.165552   0.196871   0.344902   0.345019  LEADING AND TRAILING EDGE COORDINATES
