
OVERALL TURBINE PERFORMANCE
============================================================
Blade-jet speed ratio     0.3962
Pitchline loading         3.1527
Total-Total PR            4.9704
Total-Static PR           5.6019
Energy Extraction           402.6880
Corrected Speed           32.5748
Flow function           0.9511

STAGE PERFORMANCE
====================================================================================================
Stage  Location     Alpha1    Alpha2     Beta2     Beta3    Alpha3      Phi       Psi    Reaction
    1       Hub      -2.39      78.08     -77.04     -77.26     -38.20    0.3297    0.8282      0.3583
    1      Mean      -3.88      72.47      44.21     -66.36     -16.31    0.6261    1.6465      0.4253
    1       Tip      -5.43      79.36     -83.12     -51.26      24.16    0.4688    0.3283      0.4669
    2       Hub     -53.89      73.33      -1.64     -69.73     -22.59    0.4447    1.3810      0.3991
    2      Mean     -20.04      64.32     -10.53     -59.85      -0.63    0.6939    1.1643      0.4588
    2       Tip      26.36      70.09     -50.76     -55.34      12.40    0.6493    0.8302      0.5255


Span station K = 19

  J       %dVm        Vx(m/s)      Vtheta(m/s)    Vr(m/s)       Pstat(Pa)       Tstat(K)    Mrel      Mabs        T0(K)       Vm(m/s)     Swirl(deg)   Pitch(deg)  Density(kg/m3)     mdot(kg/s)
--------------------------------------------------------------------------------------------------------------------------------------------
   1      3.413       54.439           0.000        0.181       342210.3          707.7    0.5835    0.1046      709.00       54.439      -79.673        0.191     1.68484     0.00000
   2      1.241       53.295          -0.550        0.173       342211.9          707.8    0.5842    0.1025      709.01       53.296      -79.902        0.180     1.68470     0.00000
   3      0.893       53.112          -1.159        0.189       342201.5          707.8    0.5853    0.1022      709.01       53.112      -79.955        0.192     1.68465     0.00000
   4      0.407       52.856          -1.761        0.206       342235.0          707.8    0.5863    0.1018      709.02       52.857      -80.021        0.206     1.68477     0.00000
   5     -0.254       52.508          -2.453        0.225       342250.2          707.8    0.5876    0.1014      709.02       52.509      -80.106        0.220     1.68482     0.00000
   6     -1.033       52.098          -3.293        0.243       342274.2          707.8    0.5891    0.1009      709.04       52.099      -80.207        0.234     1.68490     0.00000
   7     -1.935       51.622          -4.272        0.261       342261.5          707.8    0.5908    0.1005      709.04       51.624      -80.322        0.246     1.68482     0.00000
   8     -2.855       51.138          -5.302        0.277       342275.9          707.8    0.5927    0.1002      709.05       51.140      -80.440        0.255     1.68486     0.00000
   9     -3.864       50.606          -6.309        0.293       342242.0          707.8    0.5945    0.0999      709.05       50.609      -80.564        0.263     1.68472     0.00000
  10     -4.824       50.100          -7.303        0.311       342261.2          707.8    0.5964    0.0998      709.08       50.103      -80.682        0.273     1.68475     0.00000
  11     -5.881       49.543          -8.361        0.330       342231.3          707.8    0.5983    0.0997      709.09       49.546      -80.810        0.285     1.68461     0.00000
  12     -6.896       49.009          -9.558        0.350       342225.0          707.8    0.6006    0.1000      709.12       49.013      -80.936        0.298     1.68457     0.00000
  13     -8.062       48.394         -10.844        0.367       342156.1          707.8    0.6030    0.1005      709.12       48.399      -81.076        0.306     1.68429     0.00000
  14     -9.243       47.772         -12.119        0.381       342126.0          707.8    0.6054    0.1011      709.14       47.777      -81.216        0.310     1.68417     0.00000
  15    -10.549       47.084         -13.297        0.393       342024.6          707.8    0.6076    0.1017      709.13       47.089      -81.364        0.308     1.68377     0.00000
  16    -11.682       46.486         -14.470        0.404       341975.1          707.7    0.6099    0.1027      709.15       46.493      -81.494        0.306     1.68359     0.00000
  17    -12.850       45.871         -15.697        0.415       341857.4          707.7    0.6123    0.1039      709.13       45.878      -81.627        0.304     1.68315     0.00000
  18    -13.944       45.294         -17.058        0.430       341798.8          707.7    0.6150    0.1055      709.17       45.302      -81.753        0.310     1.68293     0.00000
  19    -15.310       44.575         -18.352        0.442       341658.5          707.6    0.6175    0.1072      709.16       44.583      -81.900        0.314     1.68239     0.00000
  20    -16.650       43.869         -19.551        0.454       341571.4          707.4    0.6199    0.1089      709.05       43.877      -82.042        0.327     1.68239     0.00000
  21    -18.088       43.111         -20.571        0.464       341391.1          707.1    0.6221    0.1105      708.83       43.121      -82.188        0.349     1.68218     0.00000
  22    -19.294       42.475         -21.844        0.477       341275.2          707.7    0.6243    0.1128      709.49       42.486      -82.316        0.410     1.68023     0.00000
  23    -20.552       41.811         -23.563        0.514       341066.8          708.6    0.6273    0.1162      710.49       41.824      -82.445        1.051     1.67711     0.00000
  24    -20.996       41.169         -24.380        0.530       340910.0          705.1    0.6307    0.1185      707.09       41.589      -82.499        2.321     1.68470     0.00000
  25    -19.220       40.200         -22.184        0.418       340628.9          695.7    0.6313    0.1154      697.67       42.525      -82.347       -0.130     1.70762     0.00000
  26    -18.196       39.222         -11.757        0.472       340491.0          683.5    0.6166    0.1005      685.18       43.064      -82.188        0.095     1.74075     0.00000
  27    -16.987       42.698          -3.323        0.563       340670.6          676.5    0.6028    0.1072      678.32       43.700      -81.975        1.200     1.76257     0.00000
  28    -11.254       46.379          -2.760        0.569       340597.6          676.4    0.6023    0.1158      678.42       46.718      -81.391        1.317     1.76605     0.00000
  29     -6.031       49.429          -4.920        0.582       340458.7          677.1    0.6071    0.1226      679.28       49.468      -80.898        1.106     1.76634     0.00000
  30     -0.367       52.430          -6.182        0.605       340153.4          677.6    0.6103    0.1291      679.88       52.449      -80.368        0.217     1.76539     0.00000
  31      3.560       54.496          -6.724        0.630       339925.2          677.7    0.6122    0.1330      680.14       54.516      -80.006        0.174     1.76491     0.00000
  32      7.543       56.592          -7.357        0.660       339722.1          677.4    0.6145    0.1371      680.00       56.613      -79.657        0.143     1.76569     0.00000
  33     11.712       58.786          -7.619        0.692       339371.8          676.5    0.6163    0.1418      679.32       58.808      -79.306        0.108     1.76769     0.00000
  34     16.623       61.371          -7.758        0.731       339054.0          675.6    0.6181    0.1481      678.61       61.393      -78.881        0.088     1.77064     0.00000
  35     23.612       65.051          -7.264        0.764       338546.8          674.7    0.6190    0.1549      678.00       65.072      -78.287       -0.004     1.77267     0.00000
  36     28.661       67.710          -5.860        0.777       338181.6          674.1    0.6178    0.1591      677.59       67.731      -77.822       -0.041     1.77396     0.00000
  37     32.291       69.620          -4.786        0.789       337978.9          673.8    0.6169    0.1624      677.45       69.642      -77.482       -0.062     1.77457     0.00000
  38     37.003       72.100          -4.276        0.808       337557.9          673.1    0.6176    0.1675      676.94       72.122      -77.069       -0.087     1.77555     0.00000
  39     43.492       75.516          -3.144        0.821       337046.3          671.5    0.6180    0.1739      675.70       75.538      -76.506       -0.134     1.77935     0.00000
  40     49.283       78.565          -0.934        0.821       336542.3          669.4    0.6166    0.1791      673.84       78.586      -75.953       -0.158     1.78558     0.00000
  41     53.062       80.555           1.178        0.821       336288.7          668.0    0.6146    0.1829      672.55       80.576      -75.554       -0.163     1.79083     0.00000
  42     58.345       83.336           2.379        0.828       335783.7          667.3    0.6145    0.1888      672.19       83.357      -75.072       -0.177     1.79157     0.00000
  43     65.229       86.961           4.759        0.804       335089.5          666.7    0.6129    0.1948      671.98       86.981      -74.430       -0.227     1.79101     0.00000
  44     69.233       89.069           7.698        0.756       334671.2          665.5    0.6096    0.1984      670.86       89.089      -73.942       -0.263     1.79448     0.00000
  45     74.328       91.751           9.526        0.747       334429.3          663.3    0.6093    0.2045      669.03       91.771      -73.440       -0.280     1.80244     0.00000
  46     81.236       95.389          12.616        0.715       333390.7          660.9    0.6077    0.2120      667.06       95.407      -72.739       -0.302     1.80682     0.00000
  47     86.070       97.935          16.277        0.653       332926.3          659.2    0.6039    0.2172      665.69       97.952      -72.131       -0.324     1.81157     0.00000
  48     91.937      101.024          19.670        0.598       332309.1          657.8    0.6012    0.2239      664.70      101.040      -71.457       -0.346     1.81488     0.00000
  49     96.710      103.538          23.772        0.518       331547.5          656.4    0.5969    0.2296      663.54      103.553      -70.789       -0.373     1.81789     0.00000
  50    101.648      106.138          27.533        0.447       331061.0          654.5    0.5936    0.2360      662.01      106.152      -70.116       -0.392     1.82407     0.00000
  51    107.290      109.109          32.027        0.357       330072.0          652.0    0.5899    0.2436      659.97      109.123      -69.332       -0.417     1.82967     0.00000
  52    111.799      111.484          36.834        0.248       329392.1          649.6    0.5850    0.2503      658.03      111.497      -68.566       -0.444     1.83631     0.00000
  53    117.259      114.358          41.606        0.137       328473.2          647.3    0.5809    0.2585      656.25      114.371      -67.721       -0.474     1.84200     0.00000
  54    122.337      117.032          47.215        0.002       327409.3          645.1    0.5754    0.2668      654.55      117.044      -66.792       -0.505     1.84676     0.00000
  55    127.167      119.575          52.997       -0.138       326431.8          642.8    0.5697    0.2753      652.78      119.587      -65.822       -0.534     1.85250     0.00000
  56    132.229      122.239          59.304       -0.293       325193.3          640.0    0.5637    0.2849      650.60      122.251      -64.743       -0.566     1.85907     0.00000
  57    137.326      124.922          66.363       -0.465       323892.1          637.1    0.5568    0.2958      648.44      124.935      -63.540       -0.605     1.86629     0.00000
  58    142.552      127.672          73.616       -0.659       322248.2          634.8    0.5499    0.3065      646.95      127.685      -62.217       -0.653     1.86665     0.00000
  59    146.670      129.838          81.346       -0.870       320526.7          633.1    0.5421    0.3168      646.12      129.853      -60.881       -0.702     1.86179     0.00000
  60    150.301      131.748          90.053       -1.089       318624.0          631.4    0.5326    0.3284      645.47      131.765      -59.395       -0.744     1.85536     0.00000
  61    153.683      133.526          99.487       -1.323       316229.0          629.6    0.5226    0.3413      644.77      133.545      -57.706       -0.795     1.84634     0.00000
  62    156.639      135.079         109.606       -1.562       313784.2          627.8    0.5117    0.3555      644.29      135.101      -55.837       -0.847     1.83699     0.00000
  63    158.856      136.242         120.510       -1.797       310843.7          626.0    0.4998    0.3709      643.95      136.268      -53.748       -0.900     1.82427     0.00000
  64    160.337      137.017         131.876       -2.015       307766.3          624.3    0.4874    0.3872      643.78      137.048      -51.465       -0.949     1.81030     0.00000
  65    161.113      137.422         143.735       -2.205       304444.8          622.6    0.4743    0.4046      643.82      137.457      -48.971       -0.995     1.79449     0.00000
  66    160.656      137.177         156.053       -2.363       300697.3          621.0    0.4603    0.4228      643.99      137.216      -46.252       -1.040     1.77583     0.00000
  67    159.756      136.700         168.263       -2.479       296988.3          619.6    0.4466    0.4414      644.46      136.742      -43.390       -1.083     1.75655     0.00000
  68    158.509      136.040         180.608       -2.554       292971.6          618.3    0.4331    0.4607      645.13      136.086      -40.322       -1.122     1.73513     0.00000
  69    157.029      135.258         193.245       -2.589       288668.9          617.1    0.4200    0.4812      646.05      135.307      -37.011       -1.156     1.71142     0.00000
  70    155.521      134.461         206.101       -2.583       284022.3          615.8    0.4076    0.5027      647.07      134.513      -33.469       -1.177     1.68579     0.00000
  71    154.002      133.658         219.179       -2.545       279079.9          614.5    0.3961    0.5253      648.32      133.713      -29.730       -1.186     1.65779     0.00000
  72    152.873      133.059         232.431       -2.497       273915.5          613.4    0.3858    0.5489      649.90      133.119      -25.802       -1.193     1.62742     0.00000
  73    152.075      132.636         245.735       -2.447       268316.6          611.6    0.3777    0.5733      650.90      132.699      -21.740       -1.197     1.59758     0.00000
  74    151.166      132.155         259.561       -2.378       262770.2          608.0    0.3708    0.5997      650.36      132.220      -17.677       -1.174     1.57806     0.00000
  75    150.974      132.052         272.782       -2.353       256772.8          603.2    0.3659    0.6265      648.58      132.119      -13.676       -1.152     1.56231     0.00000
  76    150.530      131.816         283.604       -2.484       250908.0          598.7    0.3627    0.6488      646.60      131.885      -10.197       -1.209     1.54556     0.00000
  77    148.098      130.529         292.042       -2.745       246302.6          595.3    0.3578    0.6654      645.00      130.605       -7.460       -1.345     1.53218     0.00000
  78    144.647      128.704         298.888       -2.993       242391.1          592.6    0.3516    0.6785      643.71      128.788       -5.023       -1.489     1.51877     0.00000
  79    141.007      126.786         305.280       -3.093       238978.7          590.4    0.3455    0.6907      642.75      126.872       -2.546       -1.560     1.50582     0.00000
  80    137.962      125.185         311.704       -3.036       235364.1          588.1    0.3410    0.7033      641.80      125.270       -0.011       -1.551     1.49071     0.00000
  81    135.566      123.923         317.711       -2.934       231635.8          585.7    0.3382    0.7157      640.82      124.008        2.300       -1.531     1.47417     0.00000
  82    133.321      122.735         322.801       -2.872       228149.0          583.6    0.3361    0.7264      639.90      122.826        4.175       -1.552     1.45777     0.00000
  83    131.077      121.543         326.857       -2.850       225093.6          581.8    0.3344    0.7351      639.05      121.645        5.642       -1.608     1.44260     0.00000
  84    128.758      120.310         330.088       -2.817       222387.0          580.2    0.3327    0.7422      638.17      120.424        6.789       -1.661     1.42865     0.00000
  85    126.545      119.137         332.781       -2.733       219963.7          578.8    0.3313    0.7483      637.36      119.259        7.740       -1.683     1.41551     0.00000
  86    124.432      118.018         334.996       -2.593       217702.5          577.4    0.3300    0.7535      636.49      118.147        8.527       -1.668     1.40287     0.00000
  87    122.545      117.019         336.853       -2.424       215657.2          576.2    0.3290    0.7581      635.72      117.154        9.182       -1.634     1.39094     0.00000
  88    120.725      116.049         338.424       -2.268       213628.5          575.2    0.3276    0.7622      635.04      116.195        9.710       -1.622     1.37795     0.00000
  89    119.642      115.463         339.639       -2.138       211878.3          574.5    0.3269    0.7658      634.64      115.625       10.238       -1.614     1.36540     0.00000
  90    118.588      114.895         340.426       -2.029       210412.5          573.7    0.3263    0.7683      633.95      115.070       10.649       -1.582     1.35515     0.00000
  91    117.875      114.505         341.275       -1.944       209309.7          573.2    0.3254    0.7707      633.58      114.695       11.190       -1.555     1.34682     0.00000
  92    116.915      113.985         341.924       -1.882       208021.8          572.6    0.3241    0.7727      633.04      114.190       11.749       -1.540     1.33685     0.00000
  93    116.813      113.921         343.047       -1.817       207321.2          573.5    0.3222    0.7752      634.07      114.136       12.705       -1.484     1.32692     0.00000
  94    116.255      113.610         343.936       -1.836       206515.8          575.6    0.3188    0.7764      636.13      113.842       13.731       -1.510     1.31645     0.00000
  95    116.505      113.738         346.708       -1.877       207653.1          579.8    0.3133    0.7796      640.71      113.974       15.747       -1.407     1.31594     0.00000
  96    113.050      111.901         347.081       -1.978       208818.8          579.4    0.3078    0.7770      640.18      112.155       16.370       -1.496     1.32014     0.00000
  97    102.606      106.326         340.350       -2.339       210468.6          575.8    0.3044    0.7586      634.73      106.657       12.593       -2.080     1.33271     0.00000
  98     91.107      100.125         328.799       -2.966       213382.1          576.9    0.3064    0.7291      632.93      100.603        6.441       -3.028     1.34681     0.00000
  99     83.741       96.158         323.862       -3.260       216743.8          580.8    0.3027    0.7150      635.41       96.726        3.382       -3.507     1.35435     0.00000
 100     90.750       99.954         329.828       -2.761       217093.8          582.8    0.2965    0.7295      638.68      100.416        6.356       -2.516     1.34505     0.00000
 101     98.294      104.004         337.160       -2.135       214784.0          582.6    0.2918    0.7473      640.07      104.387       10.356       -1.707     1.32711     0.00000
 102    101.812      105.878         343.467       -1.683       213986.3          583.5    0.2880    0.7607      642.45      106.239       13.768       -1.358     1.31736     0.00000
 103    106.276      108.254         348.605       -1.251       212623.5          583.9    0.2882    0.7723      644.28      108.589       16.629       -1.031     1.30501     0.00000
 104    109.201      109.811         353.039       -0.863       211645.5          584.8    0.2884    0.7817      646.36      110.129       18.968       -0.799     1.29445     0.00000
 105    112.524      111.573         357.012       -0.467       210498.1          585.6    0.2906    0.7903      648.32      111.878       20.960       -0.565     1.28341     0.00000
 106    114.713      112.729         360.170       -0.122       209764.2          586.6    0.2922    0.7967      650.24      113.031       22.472       -0.393     1.27482     0.00000
 107    116.722      113.783         362.799        0.214       209160.9          587.7    0.2943    0.8018      652.12      114.088       23.614       -0.238     1.26708     0.00000
 108    117.937      114.417         364.783        0.501       208885.7          589.0    0.2953    0.8052      654.10      114.728       24.494       -0.124     1.26081     0.00000
 109    118.890      114.913         366.822        0.881       208741.0          590.4    0.2965    0.8085      656.13      115.229       25.363        0.036     1.25537     0.00000
 110    119.643      115.300         367.875        1.110       208594.4          592.1    0.2968    0.8096      658.17      115.626       25.864        0.121     1.24931     0.00000
 111    126.731      119.221         398.978        5.704       210213.7          606.8    0.3228    0.8644      682.25      119.357       39.867        2.736     1.20714     0.00000
 112    127.539      119.427         398.625       -9.227       210303.0          606.8    0.3230    0.8639      682.18      119.783       39.666       -4.405     1.20763     0.00000
 113    101.449      105.813         393.515       -7.009       212155.6          608.2    0.2948    0.8457      680.71      106.048       41.996       -3.749     1.21530     0.00000
 114     98.802      104.458         393.295       -6.340       212534.1          608.5    0.2926    0.8445      680.82      104.655       42.354       -3.407     1.21691     0.00000
 115     96.028      103.029         393.247       -5.714       212406.3          608.5    0.2907    0.8438      680.67      103.194       42.794       -3.080     1.21628     0.00000
 116     92.811      101.360         393.477       -5.143       212672.6          608.6    0.2889    0.8435      680.83      101.501       43.407       -2.777     1.21745     0.00000
 117     89.086       99.419         393.868       -4.633       212503.4          608.5    0.2872    0.8437      680.77       99.539       44.179       -2.501     1.21667     0.00000
 118     85.317       97.450         394.378       -4.172       212696.3          608.6    0.2857    0.8439      680.98       97.556       45.017       -2.240     1.21752     0.00000
 119     81.044       95.212         395.042       -3.772       212544.7          608.5    0.2843    0.8447      681.04       95.306       46.030       -2.005     1.21681     0.00000
 120     77.109       93.148         395.896       -3.428       212721.3          608.6    0.2837    0.8458      681.38       93.235       47.060       -1.790     1.21760     0.00000
 121     72.662       90.812         396.990       -3.154       212495.9          608.5    0.2834    0.8475      681.57       90.894       48.296       -1.618     1.21657     0.00000
 122     68.646       88.701         398.308       -2.942       212518.3          608.5    0.2840    0.8498      681.99       88.780       49.519       -1.485     1.21670     0.00000
 123     63.998       86.253         399.857       -2.795       212128.0          608.2    0.2851    0.8527      682.28       86.333       50.961       -1.416     1.21493     0.00000
 124     60.004       84.146         401.608       -2.706       212048.9          608.2    0.2872    0.8561      682.82       84.230       52.293       -1.406     1.21463     0.00000
 125     55.541       81.786         403.606       -2.670       211599.3          607.9    0.2899    0.8602      683.27       81.881       53.769       -1.493     1.21260     0.00000
 126     52.007       79.907         405.852       -2.689       211469.9          607.7    0.2939    0.8649      684.00       80.020       55.022       -1.687     1.21211     0.00000
 127     47.893       77.706         408.301       -2.748       210881.7          607.3    0.2984    0.8702      684.57       77.854       56.397       -2.127     1.20949     0.00000
 128     44.869       76.065         410.602       -2.797       210567.6          607.1    0.3033    0.8753      685.31       76.263       57.446       -2.714     1.20807     0.00000
 129     41.215       73.991         413.574       -2.854       209753.2          606.5    0.3097    0.8821      685.94       74.339       58.642       -4.548     1.20456     0.00000
 130     42.476       72.710         417.883       -3.186       209334.0          605.9    0.3196    0.8918      687.11       75.003       58.584       -5.507     1.20337     0.00000
 131     45.301       71.540         419.497       -3.155       208389.4          605.9    0.3239    0.8956      687.83       76.490       58.061       -5.333     1.19802     0.00000
 132     50.260       70.474         416.657       -2.896       207792.0          603.3    0.3204    0.8924      684.37       79.101       56.741       -3.284     1.19979     0.00000
 133     74.416       84.504         408.645       -1.583       207836.4          599.6    0.3169    0.8831      678.70       91.817       50.946        2.679     1.20769     0.00000
 134     83.717       90.595         400.812       -0.172       207470.1          596.4    0.3085    0.8718      673.29       96.714       46.823        4.912     1.21352     0.00000
 135     85.758       93.650         396.970        0.333       207946.0          594.8    0.3043    0.8662      670.64       97.788       44.353        5.648     1.22167     0.00000
 136     92.139       98.254         395.391        0.553       207214.5          592.6    0.3077    0.8669      668.32      101.147       41.109        5.609     1.22343     0.00000
 137     98.201      102.731         394.399        0.745       206887.3          590.6    0.3128    0.8686      666.51      104.338       37.299        5.266     1.22722     0.00000
 138    107.967      108.378         393.837        0.964       205660.2          588.2    0.3225    0.8727      664.53      109.479       33.366        4.521     1.22589     0.00000
 139    118.998      114.438         393.569        1.056       204943.5          588.3    0.3331    0.8752      665.15      115.286       31.071        3.622     1.22079     0.00000
 140    133.222      122.059         391.612        1.391       203727.7          588.3    0.3419    0.8750      665.20      122.774       28.820        3.292     1.21150     0.00000
 141    138.966      125.189         388.607        1.863       203623.9          587.6    0.3426    0.8708      663.64      125.798       27.909        3.064     1.21256     0.00000
 142    144.869      128.356         387.157        2.111       203620.4          587.1    0.3461    0.8701      662.94      128.905       27.249        2.908     1.21441     0.00000
 143    152.417      132.383         386.660        2.233       202773.2          585.9    0.3531    0.8732      662.07      132.879       26.628        2.713     1.21168     0.00000
 144    161.477      137.189         386.145        2.359       202112.8          585.7    0.3606    0.8760      662.30      137.648       25.826        2.623     1.20765     0.00000
 145    169.860      141.625         383.836        2.687       201396.4          585.5    0.3647    0.8747      661.74      142.061       24.625        2.686     1.20276     0.00000
 146    173.177      143.378         380.274        3.145       201361.9          584.6    0.3632    0.8694      659.87      143.808       23.571        2.820     1.20489     0.00000
 147    177.563      145.702         378.559        3.374       201222.9          584.0    0.3658    0.8686      659.04      146.116       22.908        2.819     1.20575     0.00000
 148    185.120      149.691         376.999        3.593       200364.8          583.5    0.3716    0.8697      658.59      150.095       21.973        2.859     1.20065     0.00000
 149    190.440      152.494         373.613        3.997       200021.9          583.1    0.3728    0.8658      657.39      152.895       20.803        2.983     1.19910     0.00000
 150    193.554      154.129         370.124        4.391       199857.0          582.4    0.3722    0.8612      655.73      154.535       19.761        3.121     1.20010     0.00000
 151    198.960      156.968         367.615        4.690       199502.3          582.2    0.3758    0.8596      655.20      157.380       18.720        3.216     1.19790     0.00000
 152    205.374      160.329         362.813        5.221       198969.8          582.1    0.3777    0.8534      654.04      160.757       16.984        3.397     1.19350     0.00000
 153    201.225      158.131         356.068        5.816       199551.5          580.8    0.3667    0.8384      650.08      158.572       15.468        3.605     1.20147     0.00000
 154    198.394      156.640         354.455        5.878       200094.9          579.8    0.3631    0.8358      648.56      157.082       15.429        3.657     1.20889     0.00000
 155    210.091      162.781         354.165        5.938       198699.5          580.0    0.3775    0.8426      649.78      163.240       14.278        3.695     1.19768     0.00000
 156    222.405      169.239         349.294        6.453       196825.3          579.0    0.3881    0.8417      648.50      169.722       12.063        3.881     1.18574     0.00000
 157    226.412      171.321         342.479        7.051       196773.6          578.7    0.3877    0.8314      646.48      171.832        9.997        4.087     1.18623     0.00000
 158    229.709      173.034         336.074        7.549       196467.9          578.1    0.3879    0.8222      644.16      173.567        8.030        4.232     1.18577     0.00000
 159    233.842      175.193         329.951        7.976       196175.2          577.6    0.3899    0.8141      642.30      175.743        6.166        4.345     1.18478     0.00000
 160    237.836      177.274         322.974        8.420       195579.5          576.8    0.3921    0.8049      639.90      177.846        4.042        4.484     1.18216     0.00000
 161    240.652      178.734         315.429        8.848       195276.5          576.2    0.3934    0.7938      637.43      179.328        1.760        4.604     1.18146     0.00000
 162    243.685      180.317         307.363        9.226       194860.4          575.5    0.3955    0.7820      634.75      180.925       -0.622        4.673     1.18025     0.00000
 163    244.964      180.981         298.883        9.541       194358.1          574.4    0.3965    0.7689      631.51      181.598       -3.093        4.729     1.17932     0.00000
 164    248.650      182.920         290.533        9.790       193910.9          573.8    0.4014    0.7576      629.06      183.538       -5.519        4.736     1.17792     0.00000
 165    252.985      185.205         280.600       10.009       192656.3          572.3    0.4085    0.7452      625.57      185.821       -8.301        4.728     1.17211     0.00000
 166    255.050      186.296         269.928       10.152       191724.1          570.9    0.4140    0.7301      621.84      186.907      -11.179        4.710     1.16897     0.00000
 167    256.448      187.040         258.839       10.218       190703.8          569.5    0.4203    0.7141      617.98      187.644      -14.130        4.664     1.16521     0.00000
 168    256.741      187.215         247.072       10.191       189491.1          567.9    0.4271    0.6964      613.76      187.797      -17.227        4.563     1.16060     0.00000
 169    256.563      187.155         235.449       10.020       188349.9          566.3    0.4347    0.6790      609.73      187.704      -20.180        4.410     1.15651     0.00000
 170    255.707      186.741         223.577        9.743       186866.5          564.3    0.4435    0.6612      605.33      187.253      -23.151        4.237     1.15066     0.00000
 171    254.224      185.997         211.740        9.392       185402.6          562.3    0.4529    0.6434      600.98      186.473      -26.043        4.049     1.14521     0.00000
 172    252.778      185.276         199.966        8.962       183660.0          560.1    0.4638    0.6261      596.58      185.712      -28.794        3.834     1.13814     0.00000
 173    252.695      185.272         187.802        8.472       181710.0          557.9    0.4781    0.6102      592.33      185.668      -31.435        3.607     1.12965     0.00000
 174    253.089      185.519         173.955        7.883       179076.3          555.3    0.4967    0.5929      587.69      185.875      -34.236        3.340     1.11640     0.00000
 175    250.586      184.241         159.731        7.226       176485.9          553.0    0.5141    0.5731      583.18      184.557      -37.121        3.054     1.10319     0.00000
 176    247.143      182.465         147.316        6.578       174683.3          551.4    0.5283    0.5549      579.75      182.745      -39.586        2.777     1.09480     0.00000
 177    244.341      181.022         135.011        5.824       172681.6          549.9    0.5439    0.5373      576.39      181.270      -41.905        2.466     1.08509     0.00000
 178    242.623      180.148         122.137        5.067       170311.5          548.1    0.5627    0.5208      572.93      180.365      -44.107        2.163     1.07305     0.00000
 179    241.259      179.457         109.028        4.359       167605.2          546.0    0.5832    0.5055      569.42      179.647      -46.188        1.884     1.05908     0.00000
 180    239.460      178.532          96.163        3.563       164759.5          543.9    0.6036    0.4911      565.97      178.701      -48.182        1.574     1.04448     0.00000
 181    237.566      177.552          84.259        2.790       161875.0          541.8    0.6227    0.4782      562.72      177.703      -49.952        1.264     1.02986     0.00000
 182    235.186      176.314          73.692        2.135       159215.0          540.0    0.6391    0.4665      559.86      176.451      -51.538        0.989     1.01668     0.00000
 183    232.202      174.753          64.647        1.543       156863.7          538.3    0.6523    0.4556      557.31      174.880      -52.971        0.725     1.00552     0.00000
 184    228.940      173.023          56.936        0.739       154765.5          536.8    0.6631    0.4457      555.01      173.162      -54.238        0.312     0.99622     0.00000
 185    225.612      171.237          50.025       -0.126       152887.3          535.4    0.6726    0.4369      552.86      171.410      -55.393       -0.173     0.98838     0.00000
 186    222.496      169.594          43.636       -0.522       151097.7          533.8    0.6818    0.4293      550.72      169.770      -56.432       -0.422     0.98125     0.00000
 187    219.262      167.903          37.921       -0.678       149487.9          532.3    0.6899    0.4229      548.68      168.068      -57.386       -0.542     0.97528     0.00000
 188    216.204      166.305          32.927       -0.730       147932.5          530.7    0.6971    0.4183      546.68      166.458      -58.238       -0.614     0.96971     0.00000
 189    214.012      165.169          28.416       -0.622       146453.1          529.2    0.7040    0.4157      544.94      165.304      -58.948       -0.605     0.96438     0.00000
 190    212.310      164.284          24.412       -0.582       144898.7          527.8    0.7104    0.4151      543.45      164.408      -59.583       -0.663     0.95806     0.00000
 191    211.386      163.798          21.494       -0.731       143677.5          526.8    0.7151    0.4166      542.57      163.922      -59.972       -0.822     0.95303     0.00000
 192    208.700      162.383          19.458       -0.928       142665.0          525.6    0.7174    0.4176      541.40      162.508      -60.544       -1.010     0.94974     0.00000
 193    206.935      161.475          17.802       -0.902       142136.7          523.6    0.7196    0.4195      539.40      161.578      -60.788       -0.827     0.95188     0.00000
 194    207.533      161.812          16.064       -0.634       141452.0          520.8    0.7239    0.4223      536.71      161.893      -60.709       -0.490     0.95481     0.00000
 195    207.032      161.563          14.469       -0.315       140244.3          518.0    0.7278    0.4244      533.91      161.629      -60.959       -0.192     0.95360     0.00000
 196    204.637      160.308          13.888       -0.035       139317.7          515.8    0.7282    0.4254      531.75      160.369      -61.230        0.058     0.95258     0.00000
 197    202.758      159.318          13.612        0.209       138829.5          514.6    0.7280    0.4264      530.49      159.379      -61.385        0.272     0.95245     0.00000
 198    199.706      157.706          13.866        0.424       138013.7          513.0    0.7263    0.4260      528.83      157.773      -61.621        0.441     0.95022     0.00000
 199    198.986      157.321          13.969        0.598       138325.7          512.8    0.7257    0.4252      528.58      157.394      -61.480        0.557     0.95329     0.00000
 200    194.279      154.826          13.862        0.960       137927.1          512.5    0.7233    0.4201      527.85      154.916      -62.060        0.863     0.95133     0.00000
 201    190.211      152.646          13.397        1.419       138230.2          513.3    0.7210    0.4173      528.42      152.775      -62.589        1.433     0.95175     0.00000
 202    180.822      147.575          20.052        2.646       138666.1          509.9    0.7044    0.4147      524.68      147.832      -62.595        2.503     0.96051     0.00000
 203    156.277      134.292          33.309        4.460       139727.6          505.1    0.6659    0.4159      519.81      134.911      -64.047        5.045     0.97646     0.00000
 204    132.803      121.203          49.255        4.793       141236.6          502.4    0.6217    0.4289      517.94      122.553      -66.209        9.279     0.99327     0.00000
 205    117.039      113.217          57.067        3.501       142522.8          504.2    0.5964    0.4299      519.89      114.255      -67.712        9.218     0.99822     0.00000
 206    125.176      118.298          50.283        2.056       143594.7          510.3    0.6117    0.4162      525.25      118.539      -65.494        3.308     0.99177     0.00000
 207    133.992      123.084          42.281        1.464       143196.7          512.0    0.6325    0.4014      525.90      123.179      -64.282        1.332     0.98458     0.00000
 208    135.176      123.737          36.469        1.271       143573.1          512.4    0.6455    0.3867      525.31      123.803      -64.499        0.821     0.98567     0.00000
 209    137.227      124.826          31.578        1.022       143133.1          510.9    0.6580    0.3751      523.00      124.882      -64.608        0.504     0.98504     0.00000
 210    137.637      125.037          24.886        0.633       142705.2          509.8    0.6736    0.3596      520.88      125.098      -65.293        0.230     0.98354     0.00000
 211    141.229      126.924          16.963        0.187       142098.8          509.5    0.6931    0.3457      519.84      126.989      -65.663        0.023     0.97880     0.00000
 212    146.486      129.701           7.621       -0.178       141848.5          511.2    0.7151    0.3341      521.01      129.757      -65.945       -0.109     0.97253     0.00000
 213    153.660      133.480          -3.766        0.332       141614.7          514.4    0.7410    0.3275      523.95      133.533      -66.199        0.115     0.96349     0.00000
 214    161.506      137.562         -15.925        2.097       141339.0          519.4    0.7671    0.3280      529.09      137.664      -66.410        0.844     0.95110     0.00000
 215    171.431      142.613         -26.312        4.777       141336.4          525.8    0.7891    0.3352      535.95      142.888      -66.309        1.798     0.93844     0.00000
 216    182.520      148.221         -37.843        8.363       141258.9          530.7    0.8140    0.3531      541.98      148.726      -66.243        2.949     0.92953     0.00000
 217    184.553      149.751         -43.822        3.686       142503.9          542.3    0.8199    0.3427      552.86      149.796      -66.350        1.410     0.91567     0.00000
 218    184.752      149.888         -43.526       -2.003       142556.7          542.1    0.8195    0.3428      552.72      149.901      -66.317       -0.765     0.91624     0.00000
 219    171.993      143.160         -42.145       -2.261       143418.1          542.8    0.8105    0.3276      552.49      143.184      -67.195       -0.922     0.92068     0.00000
 220    167.948      141.031         -41.892       -2.195       143785.3          542.8    0.8082    0.3230      552.31      141.055      -67.487       -0.914     0.92289     0.00000
 221    162.983      138.416         -41.751       -2.214       143977.8          542.9    0.8058    0.3176      552.02      138.441      -67.858       -0.946     0.92410     0.00000
 222    157.626      135.594         -41.671       -2.225       144409.5          543.1    0.8032    0.3117      551.96      135.621      -68.267       -0.982     0.92643     0.00000
 223    152.029      132.643         -41.579       -2.289       144621.2          543.2    0.8007    0.3056      551.76      132.675      -68.698       -1.051     0.92760     0.00000
 224    146.583      129.772         -41.500       -2.334       145017.5          543.5    0.7983    0.2998      551.75      129.808      -69.121       -1.118     0.92966     0.00000
 225    140.758      126.699         -41.504       -2.410       145248.7          543.6    0.7961    0.2937      551.60      126.741      -69.582       -1.215     0.93088     0.00000
 226    135.230      123.781         -41.728       -2.471       145626.9          543.9    0.7944    0.2883      551.62      123.831      -70.035       -1.314     0.93284     0.00000
 227    129.204      120.597         -42.108       -2.565       145816.0          544.0    0.7932    0.2826      551.49      120.659      -70.539       -1.459     0.93386     0.00000
 228    123.485      117.574         -42.602       -2.611       146108.9          544.2    0.7924    0.2775      551.46      117.648      -71.027       -1.598     0.93542     0.00000
 229    117.318      114.310         -43.048       -2.677       146196.2          544.2    0.7915    0.2721      551.31      114.402      -71.553       -1.795     0.93591     0.00000
 230    111.679      111.324         -43.510       -2.698       146416.4          544.4    0.7910    0.2676      551.30      111.433      -72.038       -1.990     0.93706     0.00000
 231    105.775      108.190         -44.092       -2.754       146439.8          544.4    0.7909    0.2634      551.19      108.325      -72.553       -2.277     0.93721     0.00000
 232    100.523      105.396         -45.091       -2.786       146597.5          544.5    0.7920    0.2606      551.24      105.560      -73.028       -2.594     0.93804     0.00000
 233     94.866      102.366         -46.473       -2.913       146503.0          544.4    0.7941    0.2589      551.15      102.582      -73.544       -3.155     0.93759     0.00000
 234     89.797       99.636         -47.958       -2.950       146515.8          544.3    0.7967    0.2587      551.17       99.914      -74.012       -3.829     0.93771     0.00000
 235     84.630       96.774         -50.030       -3.059       146210.5          544.0    0.8010    0.2609      551.05       97.194      -74.493       -5.258     0.93628     0.00000
 236     81.023       94.599         -51.251       -2.937       146062.5          543.5    0.8040    0.2632      550.71       95.295      -74.830       -7.218     0.93617     0.00000
 237     79.432       92.010         -52.854       -2.802       145529.4          542.6    0.8084    0.2684      550.11       94.458      -74.991       -9.006     0.93436     0.00000
 238     81.163       89.750         -40.457       -2.546       145190.8          542.9    0.7814    0.2486      549.82       95.369      -74.720       -6.960     0.93169     0.00000
 239     94.764      100.541         -27.499       -1.568       145073.6          543.1    0.7570    0.2602      550.32      102.529      -73.090       -4.058     0.93061     0.00000
 240    108.530      108.784         -27.205       -1.228       144610.2          542.6    0.7602    0.2790      550.51      109.775      -71.702       -2.799     0.92846     0.00000
 241    119.169      115.246         -30.857       -1.007       144260.0          542.3    0.7713    0.2941      550.72      115.376      -70.711       -1.821     0.92681     0.00000
 242    130.247      121.122         -33.365       -0.798       143571.4          541.6    0.7807    0.3092      550.62      121.208      -69.719       -1.098     0.92363     0.00000
 243    139.555      126.040         -34.862       -0.623       143177.6          541.2    0.7873    0.3200      550.74      126.108      -68.946       -0.759     0.92176     0.00000
 244    148.734      130.884         -35.934       -0.390       142532.4          540.5    0.7935    0.3297      550.61      130.940      -68.193       -0.510     0.91870     0.00000
 245    154.745      134.052         -36.742       -0.241       142224.3          540.2    0.7979    0.3356      550.66      134.105      -67.756       -0.400     0.91722     0.00000
 246    161.279      137.494         -38.028       -0.075       141728.7          539.8    0.8037    0.3430      550.62      137.544      -67.298       -0.297     0.91483     0.00000
 247    167.642      140.848         -39.707        0.082       141339.7          539.4    0.8099    0.3501      550.69      140.894      -66.931       -0.177     0.91292     0.00000
 248    175.097      144.780         -40.741        0.296       140830.4          538.9    0.8152    0.3574      550.70      144.818      -66.459       -0.021     0.91039     0.00000
 249    180.701      147.734         -40.822        0.488       140497.6          538.6    0.8179    0.3619      550.71      147.768      -66.103        0.084     0.90872     0.00000
 250    185.153      150.079         -41.162        0.660       140152.1          538.3    0.8208    0.3659      550.70      150.112      -65.831        0.157     0.90699     0.00000
 251    190.199      152.737         -41.903        0.850       139787.3          538.0    0.8248    0.3713      550.76      152.768      -65.560        0.243     0.90515     0.00000
 252    196.793      156.212         -41.565        1.107       139286.8          537.6    0.8272    0.3769      550.78      156.240      -65.127        0.364     0.90256     0.00000
 253    200.067      157.935         -40.238        1.285       139051.2          537.3    0.8263    0.3784      550.73      157.963      -64.892        0.424     0.90134     0.00000
 254    204.130      160.073         -39.916        1.475       138785.7          537.1    0.8280    0.3826      550.86      160.102      -64.628        0.485     0.89997     0.00000
 255    210.932      163.655         -38.631        1.768       138230.0          536.6    0.8291    0.3885      550.88      163.682      -64.157        0.593     0.89706     0.00000
 256    214.514      165.539         -36.258        1.999       137922.5          536.4    0.8265    0.3902      550.80      165.568      -63.812        0.663     0.89547     0.00000
 257    218.543      167.658         -35.107        2.222       137721.4          536.2    0.8268    0.3940      551.00      167.689      -63.519        0.726     0.89439     0.00000
 258    225.671      171.408         -33.134        2.535       137009.5          535.6    0.8274    0.4006      550.93      171.441      -62.973        0.820     0.89073     0.00000
 259    231.322      174.380         -30.728        2.795       136628.6          535.2    0.8264    0.4053      551.00      174.416      -62.515        0.887     0.88877     0.00000
 260    237.848      177.813         -26.810        3.062       136167.2          534.9    0.8231    0.4098      551.12      177.852      -61.896        0.959     0.88621     0.00000
 261    236.895      177.308         -21.961        3.176       136128.8          534.9    0.8133    0.4058      550.86      177.350      -61.650        0.989     0.88585     0.00000
 262    238.254      178.019         -21.445        3.338       136328.2          535.0    0.8136    0.4081      551.17      178.065      -61.541        1.025     0.88708     0.00000
 263    250.403      184.410         -19.339        3.769       134994.2          533.7    0.8186    0.4220      551.18      184.461      -60.711        1.131     0.88019     0.00000
 264    257.715      188.253         -12.930        4.152       134004.7          532.8    0.8126    0.4278      550.83      188.311      -59.861        1.213     0.87495     0.00000
 265    259.665      189.275          -7.894        4.391       134181.9          533.0    0.8049    0.4283      551.20      189.337      -59.397        1.263     0.87576     0.00000
 266    264.324      191.721          -2.682        4.655       133601.2          532.5    0.7995    0.4330      551.13      191.790      -58.751        1.315     0.87271     0.00000
 267    267.969      193.634           3.404        4.910       133210.5          532.1    0.7921    0.4367      551.17      193.708      -58.084        1.361     0.87062     0.00000
 268    272.011      195.755           9.743        5.176       132689.3          531.6    0.7848    0.4416      551.15      195.836      -57.339        1.413     0.86790     0.00000
 269    276.182      197.945          17.237        5.444       132112.5          531.1    0.7760    0.4472      551.19      198.032      -56.469        1.462     0.86483     0.00000
 270    278.437      199.125          25.431        5.682       131540.3          530.5    0.7649    0.4514      551.07      199.219      -55.604        1.503     0.86179     0.00000
 271    280.236      200.066          33.534        5.895       131146.0          530.1    0.7538    0.4560      551.13      200.166      -54.748        1.535     0.85976     0.00000
 272    284.086      202.086          42.914        6.144       130332.0          529.3    0.7430    0.4645      551.13      202.193      -53.608        1.569     0.85553     0.00000
 273    286.556      203.379          53.940        6.368       129342.8          528.3    0.7293    0.4733      550.98      203.493      -52.302        1.592     0.85033     0.00000
 274    286.769      203.484          64.762        6.507       128625.1          527.6    0.7140    0.4804      550.97      203.605      -51.054        1.589     0.84654     0.00000
 275    286.095      203.121          76.013        6.628       127850.1          526.8    0.6977    0.4882      550.94      203.250      -49.736        1.579     0.84245     0.00000
 276    285.511      202.806          87.757        6.751       126913.2          525.9    0.6813    0.4979      550.89      202.943      -48.241        1.571     0.83754     0.00000
 277    283.705      201.845          99.599        6.866       125898.2          524.9    0.6643    0.5077      550.78      201.992      -46.695        1.562     0.83219     0.00000
 278    280.544      200.170         111.470        6.936       124934.1          524.0    0.6459    0.5174      550.69      200.328      -45.107        1.546     0.82711     0.00000
 279    277.110      198.352         122.983        6.992       123944.0          523.0    0.6280    0.5276      550.61      198.520      -43.463        1.541     0.82193     0.00000
 280    273.239      196.305         134.535        7.081       122833.4          521.9    0.6100    0.5386      550.47      196.483      -41.731        1.567     0.81612     0.00000
 281    269.212      194.177         146.116        7.068       121631.8          520.8    0.5921    0.5507      550.36      194.363      -39.885        1.559     0.80978     0.00000
 282    264.897      191.898         157.614        6.941       120306.1          519.5    0.5744    0.5635      550.24      192.091      -37.944        1.511     0.80273     0.00000
 283    260.550      189.603         169.192        6.833       118909.7          518.2    0.5570    0.5775      550.16      189.803      -35.875        1.484     0.79530     0.00000
 284    256.385      187.406         180.908        6.720       117325.1          516.7    0.5401    0.5928      550.07      187.610      -33.640        1.467     0.78682     0.00000
 285    252.536      185.376         192.639        6.544       115622.0          515.2    0.5242    0.6093      550.04      185.584      -31.248        1.433     0.77764     0.00000
 286    249.059      183.543         204.348        6.329       113770.9          513.5    0.5093    0.6270      550.04      183.754      -28.706        1.387     0.76760     0.00000
 287    245.829      181.840         216.182        6.094       111745.7          511.7    0.4955    0.6459      550.03      182.053      -25.998        1.334     0.75656     0.00000
 288    243.737      180.738         228.049        5.802       109631.3          509.8    0.4838    0.6664      550.18      180.952      -23.096        1.260     0.74496     0.00000
 289    241.548      179.591         239.552        5.353       107339.5          507.8    0.4734    0.6869      550.27      179.799      -20.197        1.135     0.73222     0.00000
 290    237.950      177.705         249.471        4.640       105143.8          506.0    0.4630    0.7037      550.28      177.906      -17.720        0.910     0.71979     0.00000
 291    232.495      174.835         256.783        3.727       103426.0          505.1    0.4515    0.7141      550.37      175.034      -15.981        0.589     0.70980     0.00000
 292    225.315      171.045         261.999        2.820       102208.1          504.8    0.4387    0.7192      550.57      171.254      -14.825        0.232     0.70249     0.00000
 293    218.103      167.228         266.357        2.047       101314.6          504.9    0.4262    0.7226      550.94      167.458      -13.825       -0.104     0.69695     0.00000
 294    211.722      163.836         270.323        1.380       100410.5          505.0    0.4155    0.7260      551.28      164.099      -12.837       -0.429     0.69135     0.00000
 295    205.680      160.603         273.869        0.715        99547.5          505.0    0.4066    0.7291      551.65      160.918      -12.011       -0.818     0.68590     0.00000
 296    199.897      157.473         276.525       -0.025        98767.2          505.0    0.3996    0.7308      551.89      157.873      -11.471       -1.316     0.68101     0.00000
 297    194.275      154.400         278.247       -0.804        98150.4          505.2    0.3943    0.7308      552.13      154.914      -11.226       -1.894     0.67700     0.00000
 298    188.486      151.225         279.514       -1.553        97715.0          505.9    0.3892    0.7296      552.86      151.867      -11.185       -2.509     0.67331     0.00000
 299    183.427      148.447         280.006       -2.220        97395.2          506.6    0.3859    0.7274      553.47      149.203      -11.230       -3.033     0.67038     0.00000
 300    176.118      144.547         280.400       -2.494        97154.4          503.7    0.3827    0.7252      550.36      145.355      -11.556       -3.258     0.67334     0.00000
 301    172.317      142.511         281.214       -2.625        96287.7          498.5    0.3840    0.7274      545.30      143.355      -11.600       -3.343     0.67681     0.00000
 302    170.319      141.418         281.329       -2.874        95102.0          494.0    0.3862    0.7292      540.91      142.303      -11.696       -3.464     0.67631     0.00000
 303    168.208      140.256         281.226       -3.161        94535.2          491.4    0.3864    0.7295      538.19      141.192      -11.882       -3.603     0.67688     0.00000
 304    166.079      139.077         280.716       -3.469        93722.2          489.0    0.3859    0.7289      535.56      140.071      -12.156       -3.767     0.67464     0.00000
 305    165.374      138.666         280.731       -3.722        93411.8          488.0    0.3837    0.7295      534.34      139.700      -12.025       -3.803     0.67375     0.00000
 306    163.970      137.863         279.199       -4.160        93091.0          487.7    0.3798    0.7259      533.38      138.961      -12.128       -4.048     0.67087     0.00000
 307    161.258      136.366         278.675       -4.767        94138.6          490.4    0.3705    0.7210      535.34      137.533      -11.955       -4.177     0.67422     0.00000
 308    153.849      132.142         276.850       -6.016        95117.9          493.7    0.3595    0.7102      537.54      133.632      -13.036       -4.970     0.67632     0.00000
 309    139.214      123.596         271.511       -7.926        96086.5          497.3    0.3522    0.6890      539.53      125.928      -16.111       -6.979     0.67756     0.00000
 310    130.485      117.897         264.398       -9.938        97011.5          501.7    0.3552    0.6679      542.36      121.333      -18.868       -8.800     0.67793     0.00000
 311    124.475      113.927         260.671      -11.531        97655.1          505.6    0.3539    0.6557      545.23      118.169      -20.602      -10.161     0.67652     0.00000
 312    128.555      116.472         264.372      -12.192        97827.5          507.6    0.3470    0.6642      547.86      120.317      -19.177       -9.619     0.67412     0.00000
 313    133.727      119.527         269.101      -12.707        97239.0          508.3    0.3404    0.6756      549.36      123.040      -17.220       -9.037     0.66886     0.00000
 314    136.192      120.896         273.388      -13.186        97211.0          509.3    0.3334    0.6847      551.10      124.338      -15.633       -8.890     0.66698     0.00000
 315    140.329      123.180         277.644      -13.727        96768.5          509.5    0.3290    0.6949      552.19      126.515      -13.638       -8.635     0.66347     0.00000
 316    142.956      124.566         281.729      -14.265        96616.5          510.0    0.3243    0.7040      553.48      127.899      -11.799       -8.589     0.66164     0.00000
 317    146.852      126.627         285.710      -14.854        96231.6          510.0    0.3221    0.7137      554.39      129.949       -9.734       -8.476     0.65893     0.00000
 318    150.100      128.300         289.486      -15.480        96009.1          510.0    0.3204    0.7227      555.36      131.659       -7.781       -8.467     0.65720     0.00000
 319    153.949      130.314         293.028      -16.035        95623.7          509.7    0.3205    0.7318      555.96      133.686       -5.858       -8.390     0.65491     0.00000
 320    157.503      132.166         296.396      -16.623        95404.5          509.5    0.3213    0.7403      556.70      135.556       -4.049       -8.367     0.65356     0.00000
 321    161.358      134.236         298.960      -17.000        95072.3          509.2    0.3239    0.7475      557.12      137.585       -2.642       -8.234     0.65174     0.00000
 322    166.217      136.672         301.501      -18.039        94760.6          508.6    0.3283    0.7553      557.44      140.144       -1.282       -8.335     0.65026     0.00000
 323    192.422      153.922         328.293        2.269        95505.7          496.2    0.3593    0.8322      553.43      153.938       10.482        0.845     0.67062     0.00000
 324    191.609      153.368         328.311       -6.620        95589.3          496.2    0.3584    0.8318      553.37      153.511       10.517       -2.469     0.67122     0.00000
 325    173.598      143.918         332.175       -5.572        96181.1          497.0    0.3391    0.8309      554.11      144.029       12.810       -2.206     0.67433     0.00000
 326    170.399      142.248         332.949       -5.136        96434.7          497.2    0.3360    0.8310      554.39      142.345       13.293       -2.050     0.67578     0.00000
 327    167.520      140.742         333.843       -4.802        96321.7          497.0    0.3334    0.8319      554.32      140.829       13.817       -1.930     0.67524     0.00000
 328    164.034      138.913         334.857       -4.508        96515.0          497.2    0.3303    0.8325      554.61      138.994       14.444       -1.828     0.67635     0.00000
 329    160.284      136.943         335.997       -4.295        96436.1          497.0    0.3271    0.8336      554.62      137.020       15.167       -1.759     0.67598     0.00000
 330    156.727      135.072         337.221       -4.153        96601.9          497.2    0.3243    0.8348      554.97      135.148       15.934       -1.718     0.67694     0.00000
 331    152.683      132.942         338.537       -4.047        96560.9          497.1    0.3212    0.8363      555.11      133.019       16.814       -1.696     0.67676     0.00000
 332    149.098      131.052         339.895       -4.003        96739.5          497.3    0.3188    0.8380      555.54      131.132       17.699       -1.701     0.67778     0.00000
 333    144.711      128.738         341.342       -3.982        96684.1          497.2    0.3160    0.8398      555.73      128.822       18.743       -1.722     0.67751     0.00000
 334    140.834      126.690         342.831       -3.999        96804.6          497.3    0.3140    0.8419      556.16      126.781       19.789       -1.765     0.67821     0.00000
 335    136.125      124.200         344.478       -4.049        96685.9          497.1    0.3116    0.8444      556.38      124.302       21.065       -1.839     0.67759     0.00000
 336    132.247      122.146         346.172       -4.147        96770.9          497.1    0.3105    0.8473      556.88      122.261       22.298       -1.947     0.67810     0.00000
 337    127.579      119.669         348.041       -4.253        96638.4          497.0    0.3094    0.8506      557.21      119.803       23.782       -2.085     0.67740     0.00000
 338    123.761      117.634         349.840       -4.396        96710.5          497.0    0.3095    0.8540      557.77      117.794       25.132       -2.266     0.67786     0.00000
 339    118.885      115.031         351.866       -4.548        96517.5          496.7    0.3097    0.8580      558.16      115.227       26.825       -2.510     0.67683     0.00000
 340    114.794      112.827         353.903       -4.722        96493.0          496.6    0.3114    0.8623      558.76      113.073       28.385       -2.842     0.67676     0.00000
 341    109.597      110.008         356.274       -4.949        96173.4          496.2    0.3137    0.8677      559.22      110.337       30.366       -3.429     0.67502     0.00000
 342    105.493      107.691         358.791       -5.229        96055.1          496.0    0.3184    0.8737      559.94      108.177       31.999       -4.556     0.67453     0.00000
 343    101.496      104.923         362.328       -5.741        95614.6          495.3    0.3261    0.8827      560.68      106.073       33.860       -8.026     0.67233     0.00000
 344    104.506      102.409         362.578       -5.767        95252.8          494.9    0.3290    0.8845      560.69      107.657       32.855       -4.869     0.67031     0.00000
 345    130.199      119.393         355.368       -5.322        94777.8          494.7    0.3357    0.8751      559.43      121.183       25.530       -0.871     0.66705     0.00000
 346    145.679      128.738         350.182       -4.799        93969.3          493.4    0.3439    0.8694      557.44      129.332       13.994        0.583     0.66307     0.00000
 347    155.779      134.135         347.487       -4.560        93829.1          493.2    0.3525    0.8667      557.00      134.649       11.523        0.101     0.66230     0.00000
 348    165.954      139.562         344.404       -4.295        93365.8          492.5    0.3602    0.8643      555.91      140.005        9.898        0.048     0.65984     0.00000
 349    169.169      141.292         342.158       -4.004        93403.4          492.6    0.3620    0.8605      555.40      141.697        9.321       -0.042     0.66007     0.00000
 350    175.548      144.666         341.044       -3.936        92993.0          492.0    0.3688    0.8615      554.95      145.055        8.568       -0.052     0.65790     0.00000
 351    180.829      147.451         340.136       -3.865        92676.8          491.5    0.3751    0.8625      554.69      147.836        7.831       -0.018     0.65620     0.00000
 352    189.389      151.964         339.193       -3.855        92130.4          490.8    0.3850    0.8654      554.42      152.342        6.860        0.046     0.65322     0.00000
 353    198.894      156.993         336.909       -3.714        91677.6          490.2    0.3936    0.8659      553.90      157.346        5.628        0.172     0.65066     0.00000
 354    203.724      159.575         333.324       -3.335        91433.4          489.9    0.3959    0.8611      552.74      159.888        4.669        0.249     0.64929     0.00000
 355    205.552      160.557         331.092       -3.056        91504.9          490.0    0.3965    0.8573      552.28      160.850        4.101        0.288     0.64972     0.00000
 356    211.808      163.858         329.778       -2.970        91008.6          489.3    0.4038    0.8589      551.78      164.144        3.399        0.335     0.64701     0.00000
 357    218.748      167.527         327.568       -2.796        90620.4          488.8    0.4109    0.8590      551.25      167.797        2.487        0.415     0.64483     0.00000
 358    223.943      170.283         324.280       -2.491        90261.4          488.3    0.4151    0.8559      550.24      170.532        1.464        0.506     0.64279     0.00000
 359    226.204      171.489         321.529       -2.180        90228.7          488.3    0.4166    0.8517      549.57      171.722        0.694        0.573     0.64264     0.00000
 360    232.485      174.805         319.628       -2.039        89783.5          487.6    0.4239    0.8527      549.04      175.028       -0.039        0.620     0.64018     0.00000
 361    239.536      178.533         316.303       -1.779        89313.5          487.0    0.4312    0.8514      548.16      178.741       -1.139        0.713     0.63750     0.00000
 362    242.534      180.128         312.400       -1.390        89088.4          486.7    0.4334    0.8459      546.96      180.319       -2.122        0.788     0.63625     0.00000
 363    246.629      182.294         309.812       -1.136        88912.2          486.4    0.4381    0.8440      546.39      182.474       -2.882        0.846     0.63532     0.00000
 364    254.328      186.358         306.241       -0.886        88270.4          485.5    0.4471    0.8436      545.34      186.527       -3.978        0.921     0.63167     0.00000
 365    258.310      188.468         301.864       -0.507        87998.0          485.1    0.4512    0.8385      544.14      188.624       -5.081        1.000     0.63014     0.00000
 366    263.287      191.099         297.961       -0.193        87679.1          484.7    0.4570    0.8352      543.17      191.244       -6.070        1.060     0.62835     0.00000
 367    268.285      193.739         293.337        0.154        87235.9          484.1    0.4631    0.8310      541.85      193.875       -7.216        1.130     0.62581     0.00000
 368    272.717      196.082         288.700        0.503        86923.9          483.6    0.4686    0.8262      540.68      196.208       -8.306        1.187     0.62406     0.00000
 369    277.816      198.774         283.671        0.871        86476.1          483.0    0.4755    0.8217      539.32      198.892       -9.485        1.253     0.62149     0.00000
 370    281.918      200.942         278.203        1.289        86087.2          482.5    0.4813    0.8157      537.84      201.051      -10.699        1.319     0.61928     0.00000
 371    286.147      203.175         272.710        1.677        85702.3          482.0    0.4878    0.8100      536.42      203.277      -11.925        1.377     0.61709     0.00000
 372    290.842      205.653         266.578        2.042        85200.7          481.3    0.4954    0.8038      534.76      205.749      -13.219        1.421     0.61422     0.00000
 373    294.931      207.810         260.065        2.406        84736.5          480.6    0.5028    0.7967      533.06      207.902      -14.575        1.464     0.61154     0.00000
 374    298.914      209.912         253.047        2.786        84227.5          480.0    0.5107    0.7889      531.21      209.999      -15.998        1.503     0.60859     0.00000
 375    302.583      211.847         245.513        3.166        83694.1          479.3    0.5191    0.7803      529.24      211.930      -17.494        1.538     0.60550     0.00000
 376    306.262      213.787         237.449        3.544        83094.1          478.5    0.5284    0.7712      527.10      213.867      -19.064        1.571     0.60204     0.00000
 377    309.881      215.692         228.854        3.923        82431.3          477.6    0.5387    0.7617      524.82      215.772      -20.682        1.603     0.59823     0.00000
 378    313.300      217.492         219.695        4.299        81703.9          476.6    0.5500    0.7517      522.41      217.572      -22.364        1.638     0.59401     0.00000
 379    316.330      219.086         209.985        4.669        80908.3          475.5    0.5621    0.7410      519.83      219.167      -24.112        1.670     0.58939     0.00000
 380    319.203      220.597         199.926        5.009        80053.3          474.3    0.5753    0.7302      517.16      220.679      -25.863        1.692     0.58444     0.00000
 381    321.393      221.748         189.577        5.314        79144.7          473.0    0.5888    0.7189      514.38      221.832      -27.638        1.710     0.57915     0.00000
 382    323.135      222.663         179.240        5.582        78213.1          471.7    0.6027    0.7076      511.61      222.749      -29.354        1.720     0.57371     0.00000
 383    324.546      223.403         168.910        5.811        77263.0          470.4    0.6171    0.6965      508.91      223.492      -31.030        1.724     0.56813     0.00000
 384    325.286      223.790         158.513        6.021        76263.0          469.1    0.6316    0.6850      506.14      223.882      -32.694        1.730     0.56223     0.00000
 385    325.768      224.042         148.546        6.200        75280.7          467.7    0.6459    0.6741      503.50      224.135      -34.231        1.733     0.55644     0.00000
 386    326.137      224.234         138.759        6.329        74264.9          466.4    0.6606    0.6638      500.89      224.329      -35.697        1.730     0.55046     0.00000
 387    326.321      224.331         128.727        6.388        73187.5          464.9    0.6762    0.6536      498.22      224.427      -37.187        1.718     0.54408     0.00000
 388    326.903      224.639         118.721        6.374        72033.2          463.2    0.6929    0.6445      495.54      224.733      -38.561        1.685     0.53724     0.00000
 389    327.184      224.789         108.675        6.344        70815.1          461.5    0.7100    0.6361      492.84      224.881      -39.924        1.656     0.52999     0.00000
 390    327.429      224.918          98.533        6.345        69568.5          459.8    0.7278    0.6280      490.17      225.010      -41.249        1.645     0.52250     0.00000
 391    327.191      224.794          88.782        6.330        68256.3          457.9    0.7452    0.6206      487.49      224.884      -42.494        1.635     0.51462     0.00000
 392    326.622      224.496          79.301        6.277        67060.7          456.3    0.7621    0.6131      485.06      224.585      -43.726        1.615     0.50735     0.00000
 393    325.007      223.649          71.179        6.159        65854.6          454.7    0.7760    0.6064      482.78      223.735      -44.773        1.577     0.50000     0.00000
 394    320.188      221.116          64.454        5.992        64948.5          453.7    0.7845    0.5971      480.89      221.198      -45.950        1.542     0.49440     0.00000
 395    314.593      218.174          58.741        5.814        64277.5          453.3    0.7900    0.5854      479.42      218.253      -47.149        1.510     0.49018     0.00000
 396    308.773      215.116          55.251        5.574        63706.6          453.2    0.7912    0.5743      478.33      215.189      -48.029        1.454     0.48670     0.00000
 397    301.044      211.052          52.813        5.279        63533.9          453.5    0.7887    0.5619      477.66      211.120      -48.936        1.384     0.48561     0.00000
 398    294.218      207.463          49.668        5.034        63353.4          453.7    0.7884    0.5498      476.86      207.527      -49.875        1.326     0.48453     0.00000
 399    288.860      204.646          46.166        4.817        63016.4          453.6    0.7906    0.5398      475.88      204.706      -50.716        1.271     0.48257     0.00000
 400    284.172      202.182          42.732        4.617        62686.6          453.4    0.7934    0.5313      474.99      202.238      -51.500        1.220     0.48060     0.00000
 401    279.869      199.919          39.742        4.428        62370.0          453.2    0.7957    0.5241      474.24      199.973      -52.206        1.169     0.47866     0.00000
 402    275.443      197.592          37.363        4.251        62108.0          453.1    0.7969    0.5176      473.62      197.643      -52.858        1.116     0.47703     0.00000
 403    270.942      195.224          35.624        4.070        61888.1          453.0    0.7968    0.5117      473.09      195.273      -53.454        1.056     0.47563     0.00000
 404    266.713      192.999          34.305        3.903        61710.1          453.0    0.7960    0.5064      472.67      193.047      -53.981        0.998     0.47448     0.00000
 405    262.810      190.946          32.964        3.748        61590.4          453.1    0.7956    0.5013      472.36      190.992      -54.490        0.949     0.47365     0.00000
 406    259.117      189.003          31.796        3.617        61448.5          453.1    0.7951    0.4969      472.03      189.048      -54.973        0.908     0.47272     0.00000
 407    256.016      187.372          30.891        3.492        61363.0          453.1    0.7945    0.4933      471.82      187.416      -55.350        0.870     0.47210     0.00000
 408    253.279      185.931          29.910        3.405        61232.0          453.1    0.7943    0.4901      471.55      185.975      -55.729        0.839     0.47124     0.00000
 409    251.680      185.090          29.052        3.339        61154.4          453.1    0.7949    0.4881      471.41      185.133      -55.975        0.818     0.47070     0.00000
 410    248.513      183.423          29.194        3.228        61013.5          452.9    0.7924    0.4855      471.05      183.466      -56.263        0.774     0.46985     0.00000
 411    247.158      182.711          29.086        3.162        61290.9          453.5    0.7912    0.4828      471.41      182.753      -56.275        0.783     0.47137     0.00000
 412    243.489      180.780          28.709        3.079        61239.4          453.4    0.7892    0.4780      471.03      180.822      -56.720        0.766     0.47106     0.00000
 413    242.943      180.494          27.557        2.993        61523.1          453.8    0.7906    0.4736      471.06      180.534      -56.763        0.765     0.47286     0.00000
 414    238.918      178.379          29.043        2.749        61685.1          454.4    0.7841    0.4664      471.15      178.415      -56.836        0.717     0.47350     0.00000
 415    217.044      166.861          35.589        1.831        62627.4          457.3    0.7544    0.4524      473.13      166.900      -58.166        0.221     0.47756     0.00000
 416    193.753      154.500          47.858        0.460        63899.1          460.5    0.7134    0.4534      476.50      154.639      -59.433       -1.308     0.48351     0.00000
 417    178.261      146.209          55.883       -0.720        65100.2          462.1    0.6856    0.4533      478.09      146.484      -60.062       -2.554     0.49058     0.00000
 418    190.760      152.912          50.128       -0.472        65679.0          461.6    0.7039    0.4480      477.19      153.064      -58.364       -1.242     0.49529     0.00000
 419    204.334      160.127          42.208        0.192        64799.6          459.2    0.7288    0.4419      474.25      160.209      -57.738       -0.438     0.49149     0.00000
 420    209.434      162.831          35.783        0.573        64652.8          458.6    0.7445    0.4343      473.03      162.894      -58.035       -0.131     0.49118     0.00000
 421    215.645      166.115          30.524        1.147        63966.2          457.3    0.7594    0.4315      471.56      166.163      -58.042        0.210     0.48742     0.00000
 422    218.722      167.728          24.469        1.987        63578.8          456.3    0.7739    0.4275      470.21      167.784      -58.459        0.613     0.48566     0.00000
 423    221.826      169.375          19.965        1.449        63032.3          455.2    0.7855    0.4254      468.93      169.418      -58.674        0.377     0.48268     0.00000
 424    224.595      170.696          13.146       -2.411        62610.5          452.9    0.8028    0.4245      466.58      170.875      -59.119       -1.090     0.48187     0.00000
 425    226.507      171.854           7.555        1.672        62052.0          452.5    0.8153    0.4205      465.92      171.882      -59.513        0.547     0.47803     0.00000
 426    229.444      173.269           3.260        5.745        61641.2          451.6    0.8266    0.4215      465.01      173.428      -59.667        2.020     0.47580     0.00000
 427    231.789      174.404           0.519        7.399        61537.2          450.9    0.8343    0.4232      464.38      174.662      -59.716        2.554     0.47571     0.00000
 428    233.570      175.355          -1.484        7.177        61489.1          450.3    0.8400    0.4249      463.88      175.600      -59.755        2.453     0.47593     0.00000
 429    234.192      175.726          -2.714        6.391        61523.1          449.9    0.8433    0.4255      463.50      175.927      -59.816        2.180     0.47659     0.00000
 430    234.722      176.044          -2.829        5.476        61687.4          449.8    0.8439    0.4260      463.44      176.206      -59.788        1.865     0.47793     0.00000
 431    234.977      176.215          -2.504        4.401        61948.2          450.0    0.8433    0.4263      463.60      176.341      -59.738        1.495     0.47977     0.00000
 432    235.895      176.729          -2.393        3.388        62195.1          450.1    0.8435    0.4273      463.76      176.824      -59.655        1.137     0.48156     0.00000
 433    237.206      177.436          -2.437        2.302        62360.3          449.9    0.8445    0.4288      463.70      177.514      -59.554        0.757     0.48298     0.00000
 434    241.749      179.838          -2.958        1.745        62115.5          449.5    0.8489    0.4346      463.65      179.906      -59.253        0.565     0.48152     0.00000
