
OVERALL TURBINE PERFORMANCE
============================================================
Blade-jet speed ratio     0.3962
Pitchline loading         3.1527
Total-Total PR            4.9704
Total-Static PR           5.6019
Energy Extraction           402.6880
Corrected Speed           32.5748
Flow function           0.9511

STAGE PERFORMANCE
====================================================================================================
Stage  Location     Alpha1    Alpha2     Beta2     Beta3    Alpha3      Phi       Psi    Reaction
    1       Hub      -2.39      78.08     -77.04     -77.26     -38.20    0.3297    0.8282      0.3583
    1      Mean      -3.88      72.47      44.21     -66.36     -16.31    0.6261    1.6465      0.4253
    1       Tip      -5.43      79.36     -83.12     -51.26      24.16    0.4688    0.3283      0.4669
    2       Hub     -53.89      73.33      -1.64     -69.73     -22.59    0.4447    1.3810      0.3991
    2      Mean     -20.04      64.32     -10.53     -59.85      -0.63    0.6939    1.1643      0.4588
    2       Tip      26.36      70.09     -50.76     -55.34      12.40    0.6493    0.8302      0.5255


Span station K = 37

  J       %dVm        Vx(m/s)      Vtheta(m/s)    Vr(m/s)       Pstat(Pa)       Tstat(K)    Mrel      Mabs        T0(K)       Vm(m/s)     Swirl(deg)   Pitch(deg)  Density(kg/m3)     mdot(kg/s)
--------------------------------------------------------------------------------------------------------------------------------------------
   1     -0.137       52.569           0.000        0.359       342390.1          707.8    0.6292    0.1010      709.00       52.571      -80.761        0.391     1.68552     0.00000
   2     -9.538       47.613          -0.671        0.883       342493.9          708.0    0.6289    0.0915      709.04       47.621      -81.635        1.061     1.68542     0.00000
   3    -12.722       45.942          -1.391        0.541       342476.2          708.1    0.6299    0.0884      709.06       45.946      -81.943        0.674     1.68514     0.00000
   4    -15.853       44.292          -2.091        0.662       342496.4          708.2    0.6308    0.0854      709.08       44.297      -82.244        0.856     1.68504     0.00000
   5    -18.808       42.738          -2.860        0.502       342556.1          708.3    0.6319    0.0827      709.12       42.741      -82.530        0.672     1.68513     0.00000
   6    -21.620       41.259          -3.736        0.439       342564.3          708.4    0.6332    0.0803      709.13       41.261      -82.804        0.608     1.68504     0.00000
   7    -24.288       39.855          -4.708        0.341       342617.5          708.4    0.6347    0.0783      709.16       39.857      -83.065        0.489     1.68515     0.00000
   8    -26.963       38.448          -5.695        0.226       342619.0          708.5    0.6364    0.0764      709.17       38.448      -83.326        0.334     1.68507     0.00000
   9    -29.536       37.094          -6.649        0.129       342659.1          708.5    0.6379    0.0748      709.19       37.094      -83.575        0.195     1.68516     0.00000
  10    -32.152       35.717          -7.609        0.034       342651.8          708.5    0.6395    0.0733      709.20       35.717      -83.825        0.049     1.68508     0.00000
  11    -34.699       34.376          -8.680       -0.054       342685.5          708.6    0.6414    0.0723      709.22       34.376      -84.070       -0.099     1.68516     0.00000
  12    -37.310       33.002          -9.894       -0.145       342653.2          708.6    0.6435    0.0717      709.22       33.002      -84.319       -0.268     1.68500     0.00000
  13    -39.993       31.589         -11.158       -0.209       342655.5          708.6    0.6458    0.0715      709.24       31.589      -84.574       -0.406     1.68498     0.00000
  14    -42.828       30.096         -12.339       -0.272       342604.3          708.5    0.6479    0.0715      709.24       30.097      -84.838       -0.561     1.68477     0.00000
  15    -45.414       28.734         -13.446       -0.318       342589.3          708.5    0.6499    0.0720      709.25       28.736      -85.078       -0.681     1.68471     0.00000
  16    -47.916       27.416         -14.606       -0.361       342512.6          708.5    0.6520    0.0729      709.27       27.418      -85.308       -0.817     1.68435     0.00000
  17    -50.262       26.180         -15.837       -0.400       342479.9          708.6    0.6543    0.0743      709.38       26.184      -85.523       -1.020     1.68402     0.00000
  18    -52.896       24.792         -16.997       -0.438       342376.6          708.5    0.6565    0.0759      709.35       24.797      -85.759       -1.375     1.68366     0.00000
  19    -55.361       23.494         -17.901       -0.462       342332.1          708.1    0.6584    0.0774      708.96       23.499      -85.979       -2.186     1.68447     0.00000
  20    -56.572       22.236         -18.732       -0.446       342205.7          707.8    0.6602    0.0789      708.71       22.862      -86.089       -1.461     1.68456     0.00000
  21    -55.638       21.356         -19.699       -0.403       342152.1          709.0    0.6615    0.0810      709.91       23.353      -86.018       -0.070     1.68157     0.00000
  22    -54.930       20.834         -20.944       -0.274       342011.1          710.7    0.6630    0.0835      711.71       23.726      -85.968        1.973     1.67682     0.00000
  23    -54.085       20.979         -21.797       -0.046       341951.1          708.5    0.6658    0.0858      709.59       24.171      -85.906        4.217     1.68167     0.00000
  24    -53.473       21.568         -21.489        0.089       341779.6          698.9    0.6703    0.0862      699.95       24.493      -85.867        5.810     1.70506     0.00000
  25    -52.294       22.529         -18.427        0.251       341701.4          685.3    0.6719    0.0820      686.31       25.114      -85.768        7.213     1.74284     0.00000
  26    -52.147       22.936          -9.525        0.055       341535.6          671.2    0.6614    0.0676      672.03       25.191      -85.722        5.422     1.78404     0.00000
  27    -51.494       24.345          -2.844       -0.336       341864.3          663.9    0.6512    0.0718      664.74       25.535      -85.618        2.279     1.80737     0.00000
  28    -49.659       26.051          -1.911       -0.651       341860.9          663.3    0.6496    0.0772      664.22       26.501      -85.449        1.125     1.80933     0.00000
  29    -47.544       27.576          -3.513       -0.719       341876.7          663.8    0.6527    0.0796      664.82       27.614      -85.269        1.334     1.80817     0.00000
  30    -46.706       28.033          -4.902       -0.713       341700.9          664.2    0.6554    0.0814      665.19       28.055      -85.205        0.620     1.80648     0.00000
  31    -46.170       28.226          -5.303       -2.407       341902.6          664.2    0.6562    0.0821      665.15       28.338      -85.169       -3.701     1.80808     0.00000
  32    -40.289       31.101          -5.137       -4.494       341681.6          663.2    0.6571    0.0875      664.31       31.434      -84.657       -7.273     1.81050     0.00000
  33    -35.737       33.448          -4.629       -5.008       341392.7          661.9    0.6573    0.0924      663.11       33.830      -84.261       -7.764     1.81397     0.00000
  34    -31.811       35.502          -4.051       -5.258       341248.9          660.4    0.6574    0.0974      661.74       35.896      -83.919       -7.822     1.81912     0.00000
  35    -27.226       37.867          -3.512       -5.759       340978.4          658.8    0.6578    0.1034      660.29       38.310      -83.522       -8.094     1.82456     0.00000
  36    -21.974       40.580          -2.436       -6.315       340759.0          657.1    0.6573    0.1091      658.69       41.075      -83.064       -8.353     1.83120     0.00000
  37    -17.594       42.825          -0.933       -6.881       340482.3          655.0    0.6560    0.1137      656.77       43.381      -82.662       -8.704     1.83849     0.00000
  38    -13.511       44.928           0.292       -7.344       340331.8          653.1    0.6553    0.1186      654.95       45.530      -82.288       -8.924     1.84615     0.00000
  39     -8.612       47.459           1.375       -7.844       339960.4          651.0    0.6551    0.1246      653.05       48.109      -81.853       -9.082     1.85335     0.00000
  40     -3.117       50.281           3.131       -8.514       339708.8          648.7    0.6539    0.1305      650.90       51.002      -81.354       -9.343     1.86259     0.00000
  41      1.252       52.519           5.244       -9.068       339340.6          645.8    0.6522    0.1353      648.13       53.302      -80.924       -9.520     1.87346     0.00000
  42      5.458       54.673           6.645       -9.604       339189.3          643.1    0.6518    0.1409      645.63       55.516      -80.528       -9.692     1.88534     0.00000
  43     11.779       57.936           8.733      -10.262       338664.0          640.4    0.6506    0.1479      643.22       58.843      -79.945       -9.795     1.89505     0.00000
  44     15.531       59.843          11.335      -10.818       338365.9          637.5    0.6479    0.1523      640.44       60.819      -79.532       -9.967     1.90691     0.00000
  45     20.356       62.279          13.210      -11.616       338130.8          634.5    0.6472    0.1586      637.64       63.358      -79.061      -10.309     1.92045     0.00000
  46     26.553       65.455          15.768      -12.384       337472.1          631.2    0.6458    0.1660      634.59       66.621      -78.452      -10.459     1.93345     0.00000
  47     30.950       67.702          18.644      -12.952       337065.0          628.0    0.6433    0.1716      631.64       68.935      -77.962      -10.554     1.94722     0.00000
  48     36.050       70.283          21.455      -13.749       336638.5          625.1    0.6411    0.1782      628.96       71.620      -77.415      -10.792     1.95980     0.00000
  49     41.042       72.785          24.847      -14.639       336023.5          621.9    0.6380    0.1847      626.03       74.248      -76.831      -11.060     1.97208     0.00000
  50     46.098       75.343          28.050      -15.421       335550.3          618.5    0.6354    0.1918      622.92       76.910      -76.239      -11.241     1.98678     0.00000
  51     51.702       78.198          31.758      -16.184       334752.7          614.7    0.6325    0.1997      619.49       79.860      -75.568      -11.367     2.00214     0.00000
  52     56.102       80.421          35.731      -16.863       334115.5          610.9    0.6289    0.2067      615.97       82.176      -74.956      -11.489     2.01910     0.00000
  53     60.951       82.862          39.681      -17.661       333371.3          607.1    0.6256    0.2145      612.51       84.729      -74.304      -11.676     2.03598     0.00000
  54     66.072       85.407          44.351      -18.644       332461.2          603.2    0.6213    0.2231      609.07       87.424      -73.557      -11.924     2.05184     0.00000
  55     71.097       87.908          49.357      -19.585       331451.2          599.2    0.6165    0.2320      605.55       90.070      -72.762      -12.147     2.06764     0.00000
  56     76.119       90.449          54.732      -20.337       330350.9          595.0    0.6113    0.2417      601.84       92.714      -71.912      -12.241     2.08474     0.00000
  57     80.981       92.873          60.865      -21.207       329021.4          590.4    0.6051    0.2524      597.83       95.273      -70.978      -12.401     2.10317     0.00000
  58     85.929       95.328          67.374      -22.176       327538.0          585.8    0.5987    0.2636      593.78       97.878      -69.949      -12.640     2.12138     0.00000
  59     89.930       97.302          74.225      -22.996       325771.7          581.2    0.5917    0.2744      589.85       99.984      -68.915      -12.863     2.13676     0.00000
  60     93.767       99.186          81.620      -23.802       323962.0          577.1    0.5837    0.2858      586.53      102.004      -67.763      -13.021     2.14813     0.00000
  61     97.138      100.863          89.517      -24.419       321495.2          573.2    0.5748    0.2977      583.54      103.779      -66.499      -13.125     2.15227     0.00000
  62     99.387      101.981          97.777      -24.831       319094.9          569.9    0.5648    0.3094      581.23      104.963      -65.180      -13.200     2.15237     0.00000
  63    100.906      102.700         106.659      -25.260       316118.5          566.9    0.5534    0.3219      579.28      105.762      -63.715      -13.317     2.14609     0.00000
  64    101.490      102.952         115.964      -25.519       312983.3          564.4    0.5408    0.3350      577.90      106.070      -62.120      -13.418     2.13579     0.00000
  65    100.945      102.700         125.508      -25.347       309483.1          562.3    0.5270    0.3484      576.96      105.783      -60.426      -13.361     2.12074     0.00000
  66     98.425      101.382         135.394      -25.146       305804.1          560.6    0.5112    0.3617      576.53      104.456      -58.674      -13.426     2.10157     0.00000
  67     95.418       99.859         145.076      -24.714       301932.4          559.4    0.4949    0.3753      576.56      102.873      -56.828      -13.396     2.07906     0.00000
  68     90.902       97.598         154.567      -23.951       297840.8          558.5    0.4776    0.3885      576.85      100.496      -54.995      -13.299     2.05400     0.00000
  69     85.858       95.043         163.996      -23.223       293737.6          558.1    0.4595    0.4021      577.66       97.840      -53.070      -13.241     2.02670     0.00000
  70     80.320       92.265         173.234      -22.305       289110.9          557.8    0.4409    0.4159      578.57       94.925      -51.093      -13.127     1.99576     0.00000
  71     74.472       89.337         182.178      -21.313       284618.2          557.9    0.4219    0.4296      579.92       91.847      -49.094      -12.958     1.96399     0.00000
  72     69.094       86.652         190.779      -20.363       279700.3          558.3    0.4034    0.4435      581.45       89.015      -47.033      -12.797     1.92830     0.00000
  73     63.993       84.085         199.201      -19.547       274776.7          559.0    0.3851    0.4576      583.36       86.330      -44.915      -12.716     1.89077     0.00000
  74     60.083       82.233         207.601      -18.393       269618.2          559.5    0.3674    0.4728      585.14       84.272      -42.707      -12.144     1.85308     0.00000
  75     56.424       80.472         215.618      -17.374       264180.8          559.2    0.3503    0.4882      586.01       82.346      -40.623      -11.682     1.81897     0.00000
  76     53.317       78.942         222.138      -16.739       258935.1          558.5    0.3357    0.5016      586.15       80.710      -38.987      -11.552     1.78986     0.00000
  77     49.064       76.877         226.701      -15.672       253984.0          557.4    0.3225    0.5111      585.60       78.471      -38.217      -11.161     1.76456     0.00000
  78     43.838       74.273         229.732      -14.665       249963.0          556.6    0.3099    0.5177      584.93       75.720      -38.279      -10.855     1.74456     0.00000
  79     38.769       71.744         231.890      -13.694       246049.6          555.7    0.2984    0.5229      584.00       73.051      -38.878      -10.549     1.72411     0.00000
  80     33.897       69.325         233.657      -12.680       242429.0          554.8    0.2879    0.5276      583.03       70.487      -39.714      -10.156     1.70396     0.00000
  81     29.918       67.350         235.150      -11.830       238777.1          553.7    0.2789    0.5322      581.92       68.392      -40.539       -9.792     1.68251     0.00000
  82     26.403       65.611         236.118      -11.033       235346.6          552.7    0.2713    0.5359      580.89       66.542      -41.452       -9.410     1.66042     0.00000
  83     23.437       64.150         236.508      -10.298       232171.7          551.9    0.2653    0.5386      579.93       64.980      -42.468       -9.014     1.63833     0.00000
  84     20.592       62.747         236.543       -9.581       229268.0          551.2    0.2602    0.5405      579.04       63.483      -43.556       -8.601     1.61713     0.00000
  85     18.008       61.482         236.311       -8.839       226610.0          550.6    0.2561    0.5417      578.24       62.122      -44.657       -8.128     1.59652     0.00000
  86     15.345       60.160         235.854       -8.178       224189.6          550.1    0.2527    0.5422      577.50       60.720      -45.836       -7.708     1.57671     0.00000
  87     13.172       59.083         235.246       -7.595       222055.2          549.8    0.2504    0.5423      576.91       59.576      -46.988       -7.312     1.55798     0.00000
  88     11.088       58.048         234.449       -7.037       219995.8          549.4    0.2488    0.5419      576.26       58.480      -48.220       -6.917     1.53930     0.00000
  89      9.616       57.339         233.407       -6.427       218413.9          549.0    0.2483    0.5409      575.60       57.705      -49.457       -6.417     1.52368     0.00000
  90      8.084       56.588         232.347       -5.879       217010.0          548.3    0.2480    0.5394      574.63       56.898      -50.758       -5.951     1.51035     0.00000
  91      7.204       56.159         231.515       -5.525       216092.8          547.8    0.2477    0.5382      573.82       56.435      -51.891       -5.643     1.50093     0.00000
  92      6.430       55.795         230.841       -5.040       214946.1          547.2    0.2472    0.5371      573.03       56.027      -52.939       -5.189     1.49020     0.00000
  93      5.738       55.471         230.105       -4.530       214473.6          547.6    0.2463    0.5354      573.17       55.663      -53.984       -4.696     1.48294     0.00000
  94      3.837       54.489         228.982       -4.335       213954.2          548.8    0.2458    0.5317      573.96       54.662      -55.258       -4.548     1.47782     0.00000
  95      1.952       53.494         228.348       -4.221       215021.2          550.4    0.2442    0.5281      575.27       53.670      -56.352       -4.444     1.48497     0.00000
  96     -1.592       51.707         226.017       -3.108       215855.5          548.8    0.2465    0.5200      573.05       51.805      -57.750       -3.431     1.49112     0.00000
  97    -12.321       46.105         218.187       -1.826       217131.2          546.9    0.2571    0.4980      569.76       46.156      -61.207       -2.486     1.49704     0.00000
  98    -22.666       40.667         207.664       -1.261       219555.0          552.4    0.2720    0.4700      573.58       40.711      -64.630       -2.108     1.49328     0.00000
  99    -30.018       36.831         203.681       -0.439       221510.7          564.3    0.2707    0.4564      584.70       36.840      -67.076       -0.788     1.46213     0.00000
 100    -27.403       38.216         209.003        0.074       221831.6          577.0    0.2536    0.4637      597.76       38.217      -67.166        0.090     1.42082     0.00000
 101    -22.655       40.716         216.930        0.177       220551.6          586.0    0.2354    0.4765      607.86       40.717      -65.911        0.261     1.38220     0.00000
 102    -20.323       41.942         223.965        0.321       220311.1          593.1    0.2202    0.4872      616.15       41.944      -64.583        0.461     1.35606     0.00000
 103    -17.619       43.365         229.711        0.382       219442.2          597.9    0.2091    0.4964      621.93       43.367      -62.919        0.530     1.33327     0.00000
 104    -16.200       44.112         234.319        0.437       219025.9          601.8    0.2003    0.5033      626.72       44.114      -61.437        0.598     1.31641     0.00000
 105    -15.145       44.666         238.239        0.488       218248.3          604.8    0.1932    0.5093      630.54       44.670      -59.999        0.652     1.30070     0.00000
 106    -13.978       45.281         241.604        0.522       217985.5          607.4    0.1874    0.5144      633.89       45.284      -58.501        0.687     1.28914     0.00000
 107    -13.180       45.701         244.428        0.458       217458.2          609.3    0.1826    0.5189      636.37       45.704      -57.181        0.593     1.27847     0.00000
 108    -11.307       46.685         246.604        0.685       217558.8          611.2    0.1796    0.5224      638.81       46.690      -55.726        0.858     1.27219     0.00000
 109    -11.502       46.586         247.837        0.400       217056.9          612.0    0.1771    0.5241      639.88       46.588      -55.277        0.499     1.26420     0.00000
 110     -9.860       47.444         248.402        0.852       217450.6          616.4    0.1766    0.5235      644.44       47.452      -54.425        1.032     1.25617     0.00000
 111     -5.102       49.927         248.922        1.732       217186.0          562.1    0.1826    0.5475      590.11       49.957      -53.846        1.986     1.34639     0.00000
 112     -3.794       50.622         251.834       -1.533       217402.0          569.7    0.1773    0.5502      598.39       50.646      -52.271       -1.734     1.32971     0.00000
 113    -52.815       24.828         257.361        0.371       219304.0          575.5    0.1400    0.5521      604.86       24.839      -68.855        0.587     1.32779     0.00000
 114    -55.144       23.594         241.221       -0.172       218736.0          586.8    0.1711    0.5127      612.66       23.613      -73.021       -1.329     1.29890     0.00000
 115    -52.861       23.597         232.887        0.834       219133.2          595.6    0.1881    0.4921      619.90       24.815      -72.703        1.806     1.28223     0.00000
 116    -43.183       20.970         231.449       -0.127       218708.3          599.9    0.1940    0.4887      624.07       29.910      -69.379       -2.529     1.27086     0.00000
 117    -31.625        8.422         235.493       -1.294       218696.7          602.8    0.1914    0.4978      628.07       35.994      -65.328       -6.436     1.26453     0.00000
 118    -10.428       -6.975         242.842       -1.695       218419.0          605.9    0.1911    0.5152      633.27       47.153      -55.255       -4.201     1.25650     0.00000
 119      5.281      -17.945         250.614       -1.176       218202.5          607.8    0.1938    0.5332      637.46       55.423      -45.118       -1.990     1.25136     0.00000
 120     10.098      -22.406         256.747       -0.735       218097.0          609.0    0.1934    0.5460      640.34       57.958      -38.972       -1.222     1.24834     0.00000
 121      8.003      -22.759         261.571       -0.518       218306.5          610.6    0.1885    0.5544      643.27       56.856      -34.716       -1.417     1.24603     0.00000
 122      2.627      -20.808         265.820       -0.342       218502.1          612.1    0.1822    0.5613      645.72       54.025      -30.228       -1.119     1.24424     0.00000
 123     -3.659      -18.002         269.412       -0.212       218733.3          613.2    0.1764    0.5669      647.73       50.716      -25.696       -1.224     1.24324     0.00000
 124    -10.712      -14.574         272.610       -0.039       218850.3          614.1    0.1715    0.5719      649.48       47.003      -20.852       -1.280     1.24196     0.00000
 125    -18.271      -10.740         275.574        0.134       218958.1          614.9    0.1679    0.5766      651.02       43.024      -15.599       -1.250     1.24098     0.00000
 126    -26.138       -6.451         278.231        0.278       218974.1          615.5    0.1655    0.5810      652.30       38.883      -10.364       -1.110     1.23988     0.00000
 127    -33.110       -2.111         280.527        0.274       218956.0          616.0    0.1647    0.5848      653.48       35.213       -6.147       -0.576     1.23869     0.00000
 128    -38.327        2.127         282.695        0.157       218869.2          616.4    0.1652    0.5887      654.49       32.466       -2.903       -1.525     1.23743     0.00000
 129    -41.445        6.036         284.989        0.145       218755.8          616.6    0.1672    0.5931      655.38       30.825       -0.712       -0.253     1.23637     0.00000
 130    -42.497        9.836         287.398        0.011       218583.1          616.7    0.1701    0.5979      656.23       30.271        0.463        2.565     1.23520     0.00000
 131    -40.823       13.368         289.381       -0.475       218455.7          616.9    0.1733    0.6020      657.01       31.152        0.272       -1.482     1.23420     0.00000
 132    -38.386       16.355         290.834       -0.219       218208.6          616.9    0.1763    0.6051      657.52       32.435       -0.428       -0.044     1.23279     0.00000
 133    -36.446       18.731         291.823        0.319       218102.1          617.1    0.1789    0.6071      658.06       33.456       -1.498        3.345     1.23181     0.00000
 134    -34.316       21.298         292.537        0.631       217955.1          617.3    0.1818    0.6087      658.64       34.577       -2.677        4.312     1.23043     0.00000
 135    -32.559       23.467         293.069        0.992       217772.3          617.7    0.1843    0.6097      659.19       35.502       -4.137        4.815     1.22876     0.00000
 136    -29.763       25.915         293.330        1.249       217594.6          618.1    0.1875    0.6103      659.82       36.975       -6.103        5.073     1.22689     0.00000
 137    -27.426       28.112         293.268        1.405       217373.4          618.6    0.1900    0.6103      660.39       38.205       -7.141        4.990     1.22466     0.00000
 138    -26.015       29.785         293.055        1.588       217208.1          619.3    0.1917    0.6096      661.02       38.947       -7.573        4.291     1.22251     0.00000
 139    -23.782       31.839         292.801        1.542       217023.6          619.9    0.1939    0.6090      661.69       40.123       -7.788        3.932     1.22022     0.00000
 140    -20.847       34.172         292.380        1.924       216748.9          620.5    0.1962    0.6085      662.27       41.668       -8.022        3.230     1.21754     0.00000
 141    -19.343       35.662         291.879        2.674       216540.7          621.2    0.1970    0.6073      662.86       42.460       -8.117        3.837     1.21505     0.00000
 142    -18.406       36.942         291.356        2.814       216426.8          622.0    0.1975    0.6060      663.52       42.953       -8.122        3.547     1.21296     0.00000
 143    -16.871       38.382         290.812        2.610       216234.0          622.7    0.1984    0.6049      664.11       43.761       -8.098        3.553     1.21057     0.00000
 144    -15.540       39.655         290.087        2.636       216049.9          623.4    0.1993    0.6033      664.69       44.462       -8.183        3.589     1.20818     0.00000
 145    -14.391       40.750         289.301        2.634       215869.0          624.1    0.1999    0.6016      665.24       45.067       -8.341        3.849     1.20581     0.00000
 146    -12.770       42.067         288.603        2.512       215720.7          624.8    0.2007    0.6002      665.83       45.920       -8.535        3.690     1.20361     0.00000
 147    -11.407       43.207         287.892        2.416       215513.8          625.5    0.2014    0.5987      666.36       46.637       -8.777        3.167     1.20119     0.00000
 148     -9.808       44.327         287.095        2.208       215387.9          626.2    0.2022    0.5970      666.90       47.479       -9.126        3.040     1.19917     0.00000
 149     -7.390       45.793         286.312        1.993       215170.7          626.7    0.2038    0.5955      667.33       48.753       -9.574        2.567     1.19688     0.00000
 150     -4.886       47.296         285.651        1.785       215011.9          627.3    0.2053    0.5942      667.82       50.071       -9.994        2.512     1.19488     0.00000
 151     -1.546       49.073         284.958        1.577       214794.3          627.8    0.2075    0.5930      668.23       51.829      -10.490        3.167     1.19271     0.00000
 152      2.545       51.144         284.227        1.552       214588.0          628.3    0.2102    0.5918      668.65       53.982      -11.029        2.014     1.19060     0.00000
 153      6.517       53.258         283.752        1.349       214346.2          628.8    0.2130    0.5911      669.10       56.073      -11.479        1.664     1.18839     0.00000
 154     11.961       56.163         283.250        0.850       214125.9          629.2    0.2173    0.5908      669.56       58.939      -12.037        1.139     1.18636     0.00000
 155     18.218       59.502         282.602        0.560       213693.4          629.4    0.2226    0.5905      669.82       62.233      -12.666        0.815     1.18354     0.00000
 156     24.994       63.181         282.168        0.305       213367.1          629.7    0.2286    0.5909      670.24       65.800      -13.120        0.477     1.18119     0.00000
 157     33.564       67.858         281.970        0.321       212798.4          629.8    0.2365    0.5924      670.63       70.312      -13.418        0.373     1.17787     0.00000
 158     42.206       72.545         281.994        0.374       212202.5          629.8    0.2449    0.5945      671.06       74.861      -13.581        0.303     1.17447     0.00000
 159     52.737       78.235         282.313        0.189       211514.4          629.8    0.2554    0.5981      671.67       80.405      -13.565        0.086     1.17063     0.00000
 160     63.802       84.204         282.961        0.235       210529.3          629.6    0.2668    0.6028      672.23       86.230      -13.352        0.011     1.16556     0.00000
 161     76.454       91.003         284.054        0.262       209557.0          629.4    0.2801    0.6092      673.04       92.890      -12.971       -0.082     1.16056     0.00000
 162     90.823       98.708         285.681        0.589       208117.2          628.9    0.2956    0.6177      673.83      100.454      -12.408       -0.001     1.15358     0.00000
 163    105.792      106.722         287.818        1.278       206639.2          628.3    0.3122    0.6278      674.87      108.334      -11.707        0.196     1.14641     0.00000
 164    123.064      115.918         290.539        2.073       204688.1          627.3    0.3316    0.6405      675.94      117.427      -10.930        0.402     1.13732     0.00000
 165    141.517      125.721         294.058        2.824       202453.1          626.2    0.3529    0.6558      677.25      127.141      -10.045        0.563     1.12697     0.00000
 166    161.558      136.335         297.791        3.967       199762.4          624.5    0.3782    0.6732      678.54      137.691       -9.160        0.804     1.11493     0.00000
 167    184.898      148.657         301.678        5.716       196500.6          622.2    0.4090    0.6940      679.95      149.978       -8.365        1.161     1.10059     0.00000
 168    211.119      162.543         306.720        7.626       192419.5          619.3    0.4437    0.7195      681.52      163.781       -7.577        1.501     1.08266     0.00000
 169    237.634      176.472         314.928       10.316       187937.0          616.0    0.4783    0.7511      683.82      177.739       -6.388        1.966     1.06288     0.00000
 170    264.745      190.621         325.879       13.260       183008.6          611.9    0.5153    0.7887      686.79      192.011       -4.859        2.422     1.04131     0.00000
 171    288.979      203.372         335.074       13.924       177766.5          606.3    0.5574    0.8249      688.51      204.769       -3.875        2.344     1.01992     0.00000
 172    311.325      215.033         339.837       14.361       172754.2          601.2    0.6000    0.8559      689.88      216.532       -3.605        2.130     0.99846     0.00000
 173    342.272      231.212         349.385       16.552       166788.4          595.3    0.6397    0.8977      692.18      232.823       -2.711        2.275     0.97140     0.00000
 174    379.009      250.601         366.641       17.631       161936.6          585.4    0.6913    0.9624      694.61      252.163       -1.018        2.434     0.95320     0.00000
 175    408.269      266.005         383.392       18.644       158855.2          576.2    0.7461    1.0294      698.02      267.566        0.302        2.543     0.94435     0.00000
 176    423.387      273.617         383.158       19.818       157182.0          575.3    0.7607    1.0386      699.70      275.524       -0.012        2.552     0.93662     0.00000
 177    428.553      276.616         368.121       16.981       156048.1          570.2    0.7682    1.0305      689.19      278.244       -1.815        2.227     0.93618     0.00000
 178    435.352      280.564         351.729       12.764       153036.2          560.9    0.7839    1.0292      675.36      281.823       -3.831        1.708     0.93029     0.00000
 179    443.334      284.839         340.333       11.457       149060.9          552.5    0.8013    1.0329      665.33      286.025       -5.308        1.540     0.91635     0.00000
 180    453.071      289.713         333.028       12.670       145786.3          548.2    0.8094    1.0320      659.87      291.151       -6.149        1.681     0.90133     0.00000
 181    456.021      291.436         322.113       10.672       144657.8          551.1    0.7956    1.0056      658.30      292.704       -7.035        1.423     0.89268     0.00000
 182    462.729      295.178         312.675        7.991       143617.6          553.5    0.7911    0.9868      659.44      296.235       -8.036        1.066     0.88442     0.00000
 183    477.671      303.069         304.684        8.408       141602.6          557.9    0.7953    0.9748      664.51      304.101       -8.989        1.013     0.86998     0.00000
 184    497.118      313.188         297.968       12.850       138046.0          558.9    0.8161    0.9810      666.96      314.338       -9.790        1.505     0.84884     0.00000
 185    518.146      324.042         289.470       18.511       135203.9          554.3    0.8426    0.9954      662.67      325.408      -10.755        2.266     0.83498     0.00000
 186    522.571      326.327         286.752       20.278       135303.0          550.4    0.8552    1.0027      658.14      327.737      -11.287        2.593     0.83853     0.00000
 187    517.608      323.929         278.943       19.010       137252.3          553.1    0.8411    0.9783      655.61      325.125      -11.905        2.715     0.85138     0.00000
 188    517.819      324.233         263.684       19.250       138818.8          556.8    0.8222    0.9423      651.47      325.236      -13.261        2.856     0.86122     0.00000
 189    518.520      324.689         247.712       19.438       140047.6          559.9    0.8139    0.9129      648.61      325.605      -15.233        2.976     0.86720     0.00000
 190    519.780      325.396         232.706       18.514       141198.5          563.0    0.8107    0.8893      647.14      326.268      -17.127        2.904     0.87115     0.00000
 191    523.368      327.205         218.902       19.009       140878.6          563.6    0.8143    0.8740      644.23      328.157      -18.771        2.995     0.86924     0.00000
 192    525.707      328.323         205.524       21.246       140471.2          563.5    0.8203    0.8600      641.15      329.388      -20.495        3.348     0.86746     0.00000
 193    525.326      328.093         192.056       22.774       140175.8          563.7    0.8256    0.8441      638.24      329.188      -22.327        3.632     0.86590     0.00000
 194    523.182      327.038         178.830       22.560       139710.5          563.4    0.8310    0.8279      634.97      328.059      -24.187        3.664     0.86370     0.00000
 195    523.244      327.116         166.307       22.222       138793.8          562.3    0.8400    0.8161      631.57      328.092      -25.862        3.648     0.85987     0.00000
 196    522.532      326.665         154.447       23.560       137484.0          560.8    0.8491    0.8051      627.98      327.717      -27.449        3.925     0.85411     0.00000
 197    513.824      322.030         143.085       24.306       137572.5          560.7    0.8495    0.7858      624.63      323.133      -29.190        4.141     0.85500     0.00000
 198    507.210      318.611         132.524       23.466       137777.8          560.6    0.8519    0.7698      621.85      319.651      -30.733        4.074     0.85660     0.00000
 199    502.539      316.128         122.856       23.916       136735.6          559.3    0.8575    0.7580      618.56      317.192      -32.145        4.234     0.85208     0.00000
 200    491.228      310.169         113.664       24.060       137048.0          559.4    0.8554    0.7387      615.74      311.238      -33.693        4.352     0.85394     0.00000
 201    485.363      307.170         104.421       23.123       136707.9          558.7    0.8600    0.7263      613.13      308.150      -35.043        4.240     0.85289     0.00000
 202    478.277      303.464          94.656       23.190       135639.1          557.6    0.8660    0.7132      610.06      304.420      -36.565        4.323     0.84799     0.00000
 203    459.979      293.901          85.279       22.325       136192.0          558.4    0.8599    0.6868      607.36      294.787      -38.497        4.282     0.85027     0.00000
 204    436.281      281.510          76.960       20.905       137079.4          559.6    0.8482    0.6546      604.57      282.312      -40.627        4.190     0.85390     0.00000
 205    411.150      268.178          71.040       21.844       138330.0          561.0    0.8325    0.6217      601.92      269.082      -42.652        4.607     0.85957     0.00000
 206    391.038      257.451          67.432       23.099       139652.0          562.4    0.8172    0.5953      600.08      258.495      -44.133        5.093     0.86555     0.00000
 207    373.467      248.155          63.556       23.217       140272.4          563.3    0.8060    0.5725      598.29      249.245      -45.494        5.326     0.86787     0.00000
 208    354.755      238.280          60.551       23.040       141038.7          564.4    0.7934    0.5494      596.67      239.395      -46.845        5.519     0.87092     0.00000
 209    335.536      228.096          58.174       23.222       141727.0          565.5    0.7794    0.5268      595.16      229.277      -48.106        5.809     0.87339     0.00000
 210    315.451      217.408          55.411       23.758       142902.3          567.0    0.7656    0.5042      594.05      218.704      -49.391        6.213     0.87835     0.00000
 211    299.615      208.937          51.725       24.476       143842.1          567.9    0.7609    0.4899      593.48      210.367      -50.346        6.627     0.88285     0.00000
 212    295.730      206.684          45.819       26.059       143405.5          567.2    0.7721    0.4889      592.79      208.322      -50.805        7.111     0.88145     0.00000
 213    299.297      208.062          39.251       29.901       141978.9          566.3    0.7854    0.4904      591.83      210.200      -51.223        8.089     0.87430     0.00000
 214    293.070      204.277          34.133       32.972       140073.3          564.4    0.7852    0.4798      588.23      206.922      -52.267        9.050     0.86565     0.00000
 215    280.447      197.569          32.659       32.819       141704.8          566.1    0.7708    0.4628      587.76      200.277      -53.314        9.309     0.87305     0.00000
 216    266.507      189.796          31.623       34.672       141392.5          568.0    0.7573    0.4479      587.91      192.938      -54.309       10.185     0.86811     0.00000
 217    263.002      187.994          84.347       34.278       140292.7          580.3    0.6416    0.4433      599.34      191.093      -50.798       10.170     0.84230     0.00000
 218    259.714      186.417          83.193       33.272       139229.0          580.0    0.6414    0.4391      598.61      189.363      -51.191        9.965     0.83643     0.00000
 219    226.296      168.322          79.989       34.244       141372.8          583.0    0.6232    0.4014      598.66      171.770      -54.280       11.275     0.84492     0.00000
 220    210.105      159.930          76.818       32.744       142444.1          585.0    0.6178    0.3816      599.25      163.247      -56.024       11.342     0.84834     0.00000
 221    198.353      153.414          73.917       33.647       141923.3          585.2    0.6161    0.3672      598.33      157.061      -57.374       12.092     0.84506     0.00000
 222    186.471      147.002          71.697       33.656       142864.4          586.3    0.6129    0.3530      598.52      150.806      -58.669       12.581     0.84899     0.00000
 223    179.407      143.141          70.153       33.839       142729.0          586.4    0.6121    0.3447      598.01      147.087      -59.474       12.956     0.84810     0.00000
 224    173.094      139.614          68.978       34.292       143247.9          587.0    0.6108    0.3372      598.18      143.764      -60.173       13.417     0.85024     0.00000
 225    168.342      137.025          67.851       34.341       143292.6          587.1    0.6106    0.3316      597.87      141.262      -60.725       13.666     0.85044     0.00000
 226    164.696      134.961          66.661       34.668       143661.7          587.5    0.6110    0.3270      598.03      139.343      -61.177       13.973     0.85198     0.00000
 227    160.311      132.598          65.763       34.586       143774.2          587.8    0.6105    0.3219      598.07      137.034      -61.669       14.167     0.85215     0.00000
 228    156.612      130.616          65.318       34.469       144066.9          588.3    0.6095    0.3180      598.34      135.087      -62.054       14.313     0.85315     0.00000
 229    150.710      127.489          64.854       34.137       144173.2          588.6    0.6077    0.3119      598.29      131.980      -62.651       14.502     0.85337     0.00000
 230    144.680      124.367          64.378       33.522       144673.5          589.2    0.6059    0.3056      598.55      128.806      -63.260       14.582     0.85545     0.00000
 231    134.788      119.264          64.012       32.444       144975.8          589.6    0.6025    0.2959      598.50      123.598      -64.244       14.697     0.85660     0.00000
 232    123.345      113.490          63.113       30.713       145764.9          590.4    0.6000    0.2845      598.76      117.575      -65.430       14.561     0.86012     0.00000
 233    107.485      105.474          62.168       28.342       146098.0          590.8    0.5971    0.2700      598.66      109.226      -67.086       14.272     0.86142     0.00000
 234     91.203       97.292          60.786       25.536       146793.2          591.5    0.5960    0.2562      598.92      100.654      -68.832       13.047     0.86449     0.00000
 235     73.623       87.345          60.342       22.488       146727.8          591.4    0.5943    0.2464      598.64       91.400      -70.697        6.277     0.86422     0.00000
 236     71.774       78.415          60.746       20.266       147089.5          591.0    0.5928    0.2471      598.41       90.426      -70.811        2.423     0.86696     0.00000
 237     75.112       71.702          64.828       20.697       146701.7          590.2    0.5846    0.2649      598.46       92.184      -70.148        7.825     0.86577     0.00000
 238     76.214       70.967          66.878       23.689       147086.0          590.8    0.5805    0.2810      599.57       92.764      -69.888       12.735     0.86720     0.00000
 239     94.763       91.845          62.416       27.280       145139.1          589.8    0.5986    0.2867      599.14      102.528      -66.847       13.423     0.85710     0.00000
 240    106.209      100.776          59.995       29.286       143710.0          588.5    0.6108    0.2951      598.30      108.554      -65.491       14.319     0.85046     0.00000
 241    108.125      104.373          55.576       29.277       144338.0          589.4    0.6205    0.2989      599.14      109.562      -65.602       15.915     0.85307     0.00000
 242    116.418      109.624          50.952       29.859       143642.8          588.8    0.6333    0.3044      598.76      113.928      -65.251       16.164     0.84972     0.00000
 243    119.743      111.378          47.898       30.536       143922.0          589.3    0.6393    0.3055      599.09      115.678      -65.275       15.611     0.85082     0.00000
 244    125.721      114.630          44.945       30.890       143324.7          588.8    0.6474    0.3089      598.77      118.825      -65.039       15.037     0.84792     0.00000
 245    127.108      115.322          42.424       31.181       143465.9          589.1    0.6518    0.3084      598.91      119.555      -65.186       14.989     0.84842     0.00000
 246    129.526      116.612          39.769       31.356       143191.7          589.0    0.6574    0.3097      598.79      120.828      -65.214       14.849     0.84696     0.00000
 247    130.769      117.235          37.276       31.583       143296.8          589.3    0.6617    0.3100      599.02      121.483      -65.333       14.817     0.84720     0.00000
 248    132.519      118.137          35.209       31.843       143047.2          589.2    0.6656    0.3107      598.97      122.404      -65.379       14.740     0.84578     0.00000
 249    133.552      118.736          33.995       31.755       143091.5          589.4    0.6675    0.3103      599.13      122.948      -65.439       14.594     0.84575     0.00000
 250    134.547      119.204          32.713       32.054       142770.1          589.3    0.6702    0.3105      598.99      123.472      -65.482       14.678     0.84406     0.00000
 251    133.859      118.804          31.278       32.146       142804.2          589.5    0.6721    0.3095      599.10      123.110      -65.684       14.751     0.84401     0.00000
 252    136.031      120.018          30.802       32.075       142489.4          589.3    0.6735    0.3107      599.04      124.253      -65.596       14.553     0.84235     0.00000
 253    135.793      119.838          30.716       32.274       142374.6          589.4    0.6734    0.3094      599.01      124.127      -65.694       14.662     0.84165     0.00000
 254    136.677      120.252          30.094       32.517       142182.5          589.3    0.6750    0.3104      599.01      124.593      -65.704       14.713     0.84063     0.00000
 255    138.852      121.371          30.323       32.804       141840.8          589.0    0.6753    0.3116      598.82      125.738      -65.607       14.675     0.83903     0.00000
 256    139.104      121.489          31.069       32.872       141634.1          588.8    0.6740    0.3106      598.63      125.870      -65.617       14.691     0.83804     0.00000
 257    140.567      122.235          31.083       33.061       141407.8          588.7    0.6746    0.3120      598.60      126.641      -65.566       14.679     0.83691     0.00000
 258    142.477      123.269          32.417       33.117       141011.6          588.4    0.6729    0.3124      598.35      127.646      -65.430       14.576     0.83500     0.00000
 259    140.029      122.022          34.031       32.790       140996.4          588.4    0.6690    0.3085      598.21      126.357      -65.572       14.593     0.83481     0.00000
 260    139.214      121.542          33.282       32.901       140805.4          588.3    0.6706    0.3092      598.14      125.929      -65.701       14.697     0.83388     0.00000
 261    143.936      123.991          33.389       33.383       140191.0          587.8    0.6727    0.3147      598.03      128.414      -65.418       14.608     0.83096     0.00000
 262    147.698      125.988          35.944       33.591       139591.8          587.4    0.6698    0.3175      597.84      130.394      -65.068       14.475     0.82798     0.00000
 263    149.446      126.910          38.551       33.704       139352.5          587.2    0.6660    0.3184      597.79      131.315      -64.839       14.438     0.82675     0.00000
 264    150.444      127.395          40.818       33.925       138944.9          586.9    0.6626    0.3191      597.50      131.840      -64.670       14.479     0.82481     0.00000
 265    151.452      128.012          43.460       33.666       138758.6          586.9    0.6584    0.3204      597.61      132.371      -64.457       14.322     0.82368     0.00000
 266    154.275      129.520          46.602       33.775       138229.2          586.6    0.6543    0.3239      597.57      133.857      -64.052       14.222     0.82090     0.00000
 267    154.920      129.846          50.458       33.870       137827.2          586.5    0.6479    0.3254      597.59      134.196      -63.766       14.232     0.81861     0.00000
 268    155.866      130.458          54.846       33.495       137480.6          586.5    0.6406    0.3277      597.74      134.695      -63.396       14.035     0.81655     0.00000
 269    156.746      130.944          59.756       33.464       136931.2          586.3    0.6326    0.3307      597.81      135.158      -62.979       13.984     0.81346     0.00000
 270    156.975      131.139          65.174       33.189       136443.6          586.3    0.6235    0.3339      597.99      135.278      -62.564       13.863     0.81061     0.00000
 271    156.905      131.198          70.886       32.808       135765.3          585.8    0.6142    0.3377      597.80      135.241      -62.143       13.716     0.80724     0.00000
 272    155.563      130.584          77.114       32.353       135147.2          585.1    0.6036    0.3413      597.43      134.535      -61.762       13.609     0.80446     0.00000
 273    154.533      130.159          83.592       31.812       134362.3          584.2    0.5930    0.3463      596.96      133.993      -61.295       13.441     0.80095     0.00000
 274    153.085      129.512          90.802       31.251       133435.8          583.3    0.5810    0.3524      596.52      133.231      -60.765       13.292     0.79664     0.00000
 275    151.672      128.885          98.880       30.671       132489.8          582.4    0.5676    0.3604      596.21      132.487      -60.092       13.126     0.79217     0.00000
 276    149.541      127.881         107.281       30.038       131406.1          581.4    0.5532    0.3690      595.90      131.365      -59.379       12.973     0.78693     0.00000
 277    145.764      126.065         115.930       29.067       130393.4          580.5    0.5373    0.3774      595.71      129.376      -58.704       12.760     0.78191     0.00000
 278    141.176      123.813         124.377       28.078       129274.4          579.6    0.5210    0.3860      595.41      126.961      -58.082       12.572     0.77637     0.00000
 279    135.841      121.202         132.789       26.878       128197.1          578.6    0.5040    0.3948      595.08      124.153      -57.482       12.321     0.77113     0.00000
 280    129.539      118.090         141.098       25.577       126989.3          577.3    0.4867    0.4037      594.43      120.835      -56.915       12.057     0.76555     0.00000
 281    121.696      114.165         149.270       24.176       125848.3          576.0    0.4681    0.4120      593.70      116.706      -56.459       11.818     0.76038     0.00000
 282    113.596      110.133         157.464       22.616       124654.4          574.5    0.4488    0.4210      592.83      112.442      -55.964       11.489     0.75513     0.00000
 283    105.840      106.244         165.465       21.241       123366.3          572.8    0.4299    0.4308      591.84      108.360      -55.402       11.200     0.74954     0.00000
 284     98.302      102.442         173.359       20.002       122028.3          571.0    0.4110    0.4413      590.83      104.391      -54.763       10.964     0.74370     0.00000
 285     91.709       99.146         181.095       18.760       120548.3          569.0    0.3929    0.4527      589.67      100.921      -53.978       10.652     0.73724     0.00000
 286     87.030       96.832         188.421       17.731       118965.6          567.0    0.3766    0.4650      588.62       98.457      -52.986       10.332     0.73009     0.00000
 287     83.204       94.928         195.449       16.943       117222.8          564.8    0.3615    0.4775      587.40       96.443      -51.888       10.084     0.72211     0.00000
 288     80.493       93.621         201.810       16.139       115505.1          562.6    0.3482    0.4895      586.11       95.016      -50.725        9.739     0.71429     0.00000
 289     78.323       92.576         207.180       15.474       113753.0          560.4    0.3369    0.5001      584.65       93.874      -49.664        9.430     0.70622     0.00000
 290     75.546       91.205         211.495       14.810       112154.6          558.4    0.3269    0.5083      583.17       92.412      -48.895        9.149     0.69882     0.00000
 291     72.242       89.571         214.896       14.020       110736.1          556.4    0.3184    0.5144      581.62       90.673      -48.431        8.807     0.69238     0.00000
 292     68.363       87.613         217.444       13.320       109462.4          554.6    0.3114    0.5188      580.04       88.630      -48.377        8.532     0.68670     0.00000
 293     64.079       85.449         219.156       12.552       108327.0          552.9    0.3062    0.5213      578.53       86.375      -48.812        8.226     0.68164     0.00000
 294     59.790       83.286         220.005       11.736       107402.0          551.6    0.3032    0.5220      577.26       84.118      -49.660        7.867     0.67749     0.00000
 295     55.262       80.978         220.145       11.027       106618.8          550.6    0.3019    0.5211      576.22       81.734      -50.854        7.576     0.67385     0.00000
 296     51.060       78.848         219.892       10.262       106043.2          549.8    0.3019    0.5194      575.31       79.522      -52.146        7.210     0.67131     0.00000
 297     47.598       77.093         219.320        9.614       105558.4          549.0    0.3032    0.5173      574.44       77.700      -53.335        6.869     0.66930     0.00000
 298     44.052       75.288         218.871        8.987       105192.8          548.7    0.3042    0.5150      574.06       75.833      -54.408        6.549     0.66744     0.00000
 299     41.998       74.265         218.707        8.425       104891.7          549.1    0.3051    0.5137      574.48       74.751      -55.088        6.247     0.66514     0.00000
 300     42.758       74.630         219.183        8.722       104566.9          549.0    0.3068    0.5150      574.54       75.151      -55.085        6.377     0.66336     0.00000
 301     45.575       76.084         220.246        8.945       103954.1          547.0    0.3096    0.5191      572.92       76.635      -54.644        6.360     0.66208     0.00000
 302     48.093       77.484         220.786        8.468       103316.5          544.3    0.3130    0.5222      570.51       77.960      -54.314        5.987     0.66162     0.00000
 303     49.645       78.346         220.416        8.129       102893.1          542.1    0.3165    0.5230      568.26       78.777      -54.261        5.741     0.66206     0.00000
 304     50.285       78.708         219.351        7.875       102583.2          540.1    0.3198    0.5218      566.06       79.114      -54.436        5.562     0.66293     0.00000
 305     51.150       79.209         217.821        7.409       102449.4          538.6    0.3231    0.5197      564.23       79.569      -54.697        5.240     0.66431     0.00000
 306     48.994       78.169         215.241        6.406       102490.9          538.0    0.3245    0.5133      562.94       78.434      -55.509        4.746     0.66535     0.00000
 307     45.246       76.233         212.913        5.628       103152.9          539.3    0.3230    0.5055      563.45       76.461      -56.445        4.302     0.66806     0.00000
 308     40.055       73.554         210.599        4.949       103630.7          540.4    0.3215    0.4972      563.70       73.728      -57.533        3.853     0.66965     0.00000
 309     35.701       71.315         207.943        4.069       104358.3          541.5    0.3232    0.4884      564.24       71.437      -58.203        3.203     0.67250     0.00000
 310     31.786       69.262         203.010        3.811       104763.7          542.1    0.3317    0.4759      564.02       69.376      -59.005        2.979     0.67448     0.00000
 311     29.230       67.913         200.007        3.926       105268.8          542.0    0.3373    0.4680      563.52       68.030      -59.365        3.277     0.67787     0.00000
 312     37.029       72.022         202.917        4.006       105271.8          541.3    0.3347    0.4775      563.34       72.136      -57.842        3.196     0.67875     0.00000
 313     45.013       76.228         207.093        4.068       104676.2          539.5    0.3305    0.4900      562.33       76.339      -56.154        3.076     0.67711     0.00000
 314     50.303       79.019         210.825        4.020       104404.3          538.5    0.3263    0.5000      562.01       79.123      -54.813        2.931     0.67668     0.00000
 315     56.233       82.148         214.267        3.970       103904.0          537.6    0.3233    0.5098      561.75       82.245      -53.365        2.795     0.67460     0.00000
 316     60.681       84.497         217.534        3.877       103505.2          537.0    0.3199    0.5183      561.83       84.587      -52.108        2.652     0.67268     0.00000
 317     65.896       87.251         220.474        3.724       103061.4          536.5    0.3177    0.5266      561.93       87.332      -50.737        2.477     0.67039     0.00000
 318     70.393       89.618         222.860        3.768       102570.8          536.0    0.3164    0.5334      561.93       89.699      -49.567        2.440     0.66779     0.00000
 319     75.035       92.091         224.835        3.061       102184.6          535.6    0.3159    0.5394      562.06       92.143      -48.437        1.905     0.66561     0.00000
 320     80.694       95.023         226.677        4.287       101702.1          535.5    0.3165    0.5456      562.41       95.122      -47.151        2.659     0.66256     0.00000
 321     84.250       96.984         227.360        1.252       101360.1          535.2    0.3177    0.5485      562.38       96.994      -46.420        0.703     0.66056     0.00000
 322     90.938      100.356         227.137        5.578       101169.4          536.3    0.3229    0.5505      563.70      100.515      -45.389        3.257     0.65787     0.00000
 323     98.487      104.435         247.749        3.335       100973.0          537.4    0.2941    0.5930      568.90      104.489      -38.409        1.828     0.65463     0.00000
 324     97.100      103.613         251.510       -5.488       100669.7          537.0    0.2878    0.6003      569.22      103.758      -37.314       -3.027     0.65319     0.00000
 325     55.177       81.587         251.203        4.075       102185.0          540.3    0.2510    0.5815      570.71       81.689      -44.217        2.883     0.65900     0.00000
 326     57.290       82.799         245.666        0.473       102174.4          541.8    0.2612    0.5699      571.17       82.801      -45.743        0.321     0.65703     0.00000
 327     57.513       82.904         242.380        1.549       102021.2          542.7    0.2667    0.5628      571.33       82.919      -46.765        1.081     0.65504     0.00000
 328     58.338       83.345         240.636        1.145       102123.4          543.4    0.2702    0.5592      571.72       83.353      -47.145        0.793     0.65485     0.00000
 329     59.927       84.185         239.889        0.803       101971.2          543.5    0.2730    0.5582      571.83       84.190      -47.061        0.554     0.65365     0.00000
 330     60.937       84.715         239.730        1.004       101992.7          543.8    0.2743    0.5582      572.17       84.722      -46.891        0.692     0.65342     0.00000
 331     62.830       85.714         239.951        0.745       101909.1          544.0    0.2759    0.5594      572.46       85.718      -46.440        0.510     0.65273     0.00000
 332     64.539       86.613         240.437        0.814       101867.7          544.1    0.2769    0.5611      572.81       86.617      -45.935        0.557     0.65229     0.00000
 333     66.814       87.811         241.156        0.733       101795.4          544.2    0.2782    0.5636      573.17       87.815      -45.252        0.498     0.65173     0.00000
 334     69.083       89.006         242.074        0.690       101711.6          544.2    0.2792    0.5665      573.54       89.010      -44.504        0.469     0.65115     0.00000
 335     71.688       90.377         243.148        0.671       101610.5          544.2    0.2804    0.5699      573.92       90.381      -43.647        0.455     0.65051     0.00000
 336     74.804       92.017         244.303        0.778       101501.6          544.2    0.2821    0.5737      574.32       92.022      -42.687        0.520     0.64985     0.00000
 337     78.168       93.785         245.568        0.962       101363.7          544.1    0.2841    0.5778      574.71       93.792      -41.658        0.628     0.64907     0.00000
 338     82.209       95.909         247.026        1.140       101235.8          544.0    0.2866    0.5827      575.16       95.919      -40.487        0.724     0.64838     0.00000
 339     86.630       98.233         248.602        1.259       101045.4          543.8    0.2895    0.5880      575.54       98.247      -39.254        0.782     0.64744     0.00000
 340     91.608      100.851         250.392        1.357       100876.1          543.5    0.2930    0.5940      576.02      100.867      -37.916        0.824     0.64661     0.00000
 341     96.933      103.648         252.116        1.547       100614.7          543.2    0.2971    0.6001      576.37      103.671      -36.624        0.904     0.64538     0.00000
 342    103.045      106.853         254.154        1.872       100399.0          542.8    0.3022    0.6073      576.89      106.888      -35.197        1.039     0.64439     0.00000
 343    108.517      109.707         256.002        2.499       100051.5          542.3    0.3068    0.6140      577.13      109.769      -33.965        1.298     0.64281     0.00000
 344    113.678      112.388         257.330        1.640        99932.0          542.0    0.3116    0.6193      577.53      112.486      -33.022        0.894     0.64233     0.00000
 345    120.604      115.970         259.261        0.867        99637.9          541.5    0.3184    0.6269      577.96      116.132      -31.802        0.546     0.64106     0.00000
 346    126.209      119.022         261.371        1.493        99187.2          540.7    0.3244    0.6344      578.13      119.082      -30.668        0.742     0.63907     0.00000
 347    131.261      121.673         263.206        1.831        98965.7          540.2    0.3299    0.6410      578.47      121.742      -29.652        0.817     0.63825     0.00000
 348    137.031      124.671         265.294        0.966        98653.9          539.5    0.3365    0.6486      578.76      124.779      -28.587        0.468     0.63707     0.00000
 349    142.639      127.517         267.621       -0.092        98322.0          538.7    0.3433    0.6568      579.06      127.732      -27.529        0.088     0.63586     0.00000
 350    148.418      130.454         270.144       -1.075        97957.6          538.0    0.3506    0.6654      579.53      130.773      -26.447       -0.239     0.63435     0.00000
 351    154.255      133.469         272.503       -1.888        97543.4          537.2    0.3582    0.6738      579.93      133.846      -25.473       -0.483     0.63256     0.00000
 352    160.530      136.670         274.826       -2.967        97137.5          536.3    0.3664    0.6825      580.23      137.150      -24.532       -0.780     0.63099     0.00000
 353    167.333      140.125         276.899       -4.028        96641.6          535.3    0.3754    0.6912      580.47      140.731      -23.697       -1.042     0.62887     0.00000
 354    174.310      143.685         279.215       -4.946        96113.3          534.2    0.3849    0.7005      580.75      144.404      -22.831       -1.253     0.62663     0.00000
 355    181.357      147.204         281.539       -6.205        95524.1          533.2    0.3947    0.7101      581.08      148.114      -22.010       -1.535     0.62396     0.00000
 356    188.342      150.788         284.222       -6.936        94910.7          532.0    0.4049    0.7204      581.50      151.791      -21.121       -1.680     0.62120     0.00000
 357    195.783      154.650         286.827       -7.574        94246.8          530.9    0.4159    0.7309      582.02      155.708      -20.298       -1.794     0.61804     0.00000
 358    203.498      158.577         289.572       -8.667        93520.3          529.7    0.4276    0.7421      582.48      159.769      -19.498       -2.002     0.61463     0.00000
 359    210.938      162.375         292.330       -9.968        92843.3          528.5    0.4391    0.7531      583.07      163.686      -18.727       -2.288     0.61142     0.00000
 360    221.621      167.876         295.369      -11.474        91927.5          526.9    0.4545    0.7672      583.65      169.310      -17.876       -2.570     0.60707     0.00000
 361    230.738      172.443         298.500      -13.168        90939.2          525.2    0.4686    0.7809      584.05      174.109      -17.114       -2.817     0.60232     0.00000
 362    239.563      176.946         301.617      -14.799        90136.6          523.8    0.4823    0.7941      584.83      178.755      -16.372       -3.120     0.59839     0.00000
 363    251.948      183.255         306.071      -16.889        88861.4          521.3    0.5019    0.8136      585.46      185.275      -15.410       -3.447     0.59238     0.00000
 364    262.342      188.412         309.473      -19.187        87666.5          519.3    0.5187    0.8294      586.20      190.746      -14.749       -3.774     0.58617     0.00000
 365    272.691      193.530         315.460      -21.505        86411.4          516.1    0.5391    0.8523      586.73      196.194      -13.572       -4.139     0.58078     0.00000
 366    286.474      200.502         320.725      -23.880        84856.6          513.7    0.5627    0.8754      588.50      203.450      -12.791       -4.373     0.57226     0.00000
 367    302.397      209.302         330.797      -23.244        83198.5          508.9    0.5970    0.9139      590.81      211.832      -11.526       -4.143     0.56480     0.00000
 368    303.518      210.012         341.607      -22.949        81999.2          504.0    0.6194    0.9462      591.04      212.423       -9.605       -4.184     0.56113     0.00000
 369    305.743      211.247         338.316      -23.098        80789.7          505.3    0.6164    0.9381      590.74      213.594       -9.182       -4.239     0.55179     0.00000
 370    330.655      224.370         340.349      -23.990        79057.9          503.5    0.6493    0.9635      594.55      226.708       -9.355       -4.100     0.53991     0.00000
 371    333.848      225.458         349.695      -26.416        78372.9          497.2    0.6816    1.0043      594.15      228.389       -8.371       -4.417     0.53923     0.00000
 372    322.925      219.437         355.602      -26.643        77238.7          484.6    0.7283    1.0821      582.91      222.639       -6.794       -4.715     0.54350     0.00000
 373    313.603      214.677         358.880      -25.450        76116.0          475.9    0.7548    1.1333      574.71      217.731       -5.565       -4.770     0.54603     0.00000
 374    312.651      214.040         357.233      -25.741        75063.0          470.2    0.7566    1.1381      568.31      217.230       -5.182       -4.945     0.54222     0.00000
 375    321.944      218.841         355.399      -26.493        74082.6          472.1    0.7093    1.0620      570.51      222.122       -5.287       -5.119     0.53314     0.00000
 376    338.188      227.737         358.861      -25.296        72925.2          468.4    0.7388    1.0853      570.82      230.673       -5.343       -4.965     0.52548     0.00000
 377    352.985      235.455         361.648      -22.778        72192.2          467.1    0.7695    1.1073      573.88      238.463       -5.519       -4.554     0.51912     0.00000
 378    355.888      236.525         358.649      -21.940        71975.3          471.5    0.7607    1.0856      576.99      239.991       -5.702       -4.410     0.51481     0.00000
 379    365.270      241.338         355.840      -23.233        71248.4          472.3    0.7695    1.0811      578.32      244.930       -6.195       -4.405     0.50868     0.00000
 380    376.336      247.575         353.386      -22.161        70551.7          471.4    0.7858    1.0859      578.50      250.756       -6.804       -4.152     0.50388     0.00000
 381    382.899      251.225         344.116      -20.478        69870.6          470.8    0.7824    1.0686      573.67      254.210       -7.639       -3.932     0.49956     0.00000
 382    398.040      258.764         340.161      -17.640        68844.8          468.9    0.8057    1.0804      573.25      262.181       -8.340       -3.587     0.49264     0.00000
 383    413.068      265.918         339.873      -14.294        67995.0          467.4    0.8354    1.1019      575.63      270.092       -8.806       -3.263     0.48668     0.00000
 384    418.626      268.256         335.314      -11.486        67409.9          464.7    0.8546    1.1155      572.02      273.018       -9.361       -2.863     0.48432     0.00000
 385    425.913      272.136         330.142       -9.883        66803.9          462.2    0.8610    1.1105      568.63      276.854       -9.995       -2.571     0.48231     0.00000
 386    433.639      276.712         324.794      -10.565        66135.1          461.4    0.8647    1.1012      567.14      280.921      -10.645       -2.604     0.47898     0.00000
 387    439.456      280.044         317.798      -11.923        65334.6          459.6    0.8753    1.1011      563.84      283.983      -11.558       -2.717     0.47496     0.00000
 388    438.300      279.679         309.772      -13.034        64675.3          457.0    0.8732    1.0895      557.82      283.375      -12.458       -2.781     0.47239     0.00000
 389    436.537      279.941         296.872      -15.762        64187.0          458.4    0.8485    1.0445      553.46      282.447      -13.804       -2.897     0.46989     0.00000
 390    439.187      281.942         288.139      -19.071        63431.1          458.0    0.8479    1.0278      550.83      283.842      -14.955       -3.217     0.46587     0.00000
 391    443.501      283.905         284.554      -19.667        62452.6          454.1    0.8680    1.0406      547.59      286.113      -15.659       -3.348     0.46112     0.00000
 392    440.085      282.042         276.781      -17.835        61917.6          452.2    0.8720    1.0330      543.74      284.314      -16.983       -2.995     0.45903     0.00000
 393    432.943      278.533         267.485      -17.972        62076.1          452.8    0.8635    1.0102      540.74      280.555      -18.482       -2.833     0.46085     0.00000
 394    432.649      278.306         257.465      -21.426        61577.5          452.6    0.8607    0.9897      537.06      280.400      -19.771       -3.185     0.45846     0.00000
 395    440.057      281.734         248.267      -25.711        60813.8          454.4    0.8636    0.9701      537.21      284.300      -21.063       -3.571     0.45271     0.00000
 396    454.849      289.017         240.211      -29.822        60551.2          457.2    0.8781    0.9630      540.47      292.087      -22.104       -3.785     0.45005     0.00000
 397    469.926      297.402         232.373      -28.338        60585.2          459.6    0.8892    0.9544      542.81      300.024      -22.765       -3.511     0.45098     0.00000
 398    472.859      300.089         226.239      -21.624        61193.3          460.6    0.8904    0.9425      541.70      301.568      -23.232       -2.910     0.45737     0.00000
 399    474.312      301.353         219.139      -17.885        61765.4          461.2    0.8914    0.9302      539.95      302.333      -23.874       -2.581     0.46306     0.00000
 400    475.828      302.332         211.594      -16.134        61709.1          460.5    0.8960    0.9207      537.27      303.131      -24.656       -2.359     0.46412     0.00000
 401    476.166      302.542         203.828      -14.825        61717.5          460.1    0.8999    0.9102      534.80      303.309      -25.470       -2.152     0.46502     0.00000
 402    474.586      301.772         196.190      -13.982        61743.8          459.8    0.9013    0.8981      532.11      302.477      -26.292       -2.026     0.46604     0.00000
 403    472.404      300.713         188.353      -12.875        61837.8          459.7    0.9020    0.8851      529.62      301.328      -27.207       -1.889     0.46724     0.00000
 404    471.877      300.510         180.492      -11.569        61533.0          458.9    0.9057    0.8748      526.94      301.051      -28.159       -1.708     0.46588     0.00000
 405    467.443      298.258         172.549      -10.067        61567.7          458.8    0.9045    0.8594      524.22      298.716      -29.236       -1.527     0.46655     0.00000
 406    464.185      296.611         164.420       -8.909        61535.3          458.7    0.9048    0.8449      521.67      297.001      -30.305       -1.403     0.46670     0.00000
 407    463.299      296.204         156.493       -7.582        61104.3          457.9    0.9090    0.8343      519.05      296.535      -31.331       -1.209     0.46437     0.00000
 408    458.179      293.572         148.640       -5.908        61028.9          457.8    0.9082    0.8188      516.39      293.840      -32.440       -0.973     0.46418     0.00000
 409    454.219      291.524         140.271       -4.681        60938.0          457.6    0.9094    0.8045      513.91      291.755      -33.566       -0.815     0.46383     0.00000
 410    452.912      290.847         132.560       -3.754        60394.2          456.7    0.9148    0.7951      511.37      291.067      -34.565       -0.675     0.46069     0.00000
 411    446.735      287.599         125.236       -2.926        60383.1          456.8    0.9136    0.7800      509.13      287.815      -35.654       -0.565     0.46064     0.00000
 412    442.555      285.415         118.274       -1.686        60232.8          456.6    0.9149    0.7681      507.05      285.615      -36.619       -0.387     0.45978     0.00000
 413    439.747      283.973         111.550       -0.199        59817.9          456.0    0.9186    0.7587      504.90      284.137      -37.518       -0.148     0.45729     0.00000
 414    437.894      283.002         104.165        1.683        59270.5          455.4    0.9242    0.7499      502.84      283.161      -38.463        0.211     0.45373     0.00000
 415    424.867      276.065          95.927        5.057        59144.8          455.4    0.9195    0.7267      499.83      276.303      -40.021        0.909     0.45274     0.00000
 416    403.573      264.790          88.008        6.866        59932.4          457.0    0.9052    0.6927      497.38      265.094      -41.942        1.347     0.45719     0.00000
 417    390.010      257.741          80.992        6.100        60288.1          457.8    0.8989    0.6693      495.39      257.954      -43.445        1.231     0.45911     0.00000
 418    380.152      252.647          74.305        4.491        60465.5          458.6    0.8963    0.6510      494.03      252.765      -44.707        0.891     0.45963     0.00000
 419    372.314      248.563          67.870        3.166        60170.1          458.7    0.8962    0.6359      492.31      248.638      -45.854        0.625     0.45723     0.00000
 420    360.456      242.335          63.021        2.880        60081.1          459.2    0.8905    0.6166      490.64      242.396      -47.103        0.612     0.45607     0.00000
 421    346.779      235.147          59.508        2.634        60437.1          460.2    0.8805    0.5958      489.36      235.196      -48.305        0.588     0.45783     0.00000
 422    333.439      228.130          57.267        2.047        60799.9          461.2    0.8692    0.5761      488.44      228.174      -49.381        0.509     0.45951     0.00000
 423    318.053      220.041          56.760        1.107        61339.0          462.5    0.8539    0.5556      487.78      220.074      -50.423        0.266     0.46224     0.00000
 424    294.600      207.697          57.483        1.465        62515.5          463.9    0.8373    0.5358      487.57      207.728      -51.205        0.418     0.46995     0.00000
 425    282.925      201.555          56.468        1.991        63757.4          467.5    0.8141    0.5087      488.26      201.582      -52.824        0.616     0.47559     0.00000
 426    282.385      201.294          54.758        1.052        63557.5          467.2    0.8138    0.5054      487.45      201.298      -53.274        0.304     0.47436     0.00000
 427    281.253      200.700          50.763        0.375        62889.9          466.0    0.8205    0.5016      485.76      200.701      -53.914        0.108     0.47059     0.00000
 428    277.102      198.514          46.912        0.894        62641.9          465.1    0.8251    0.4940      484.17      198.516      -54.682        0.261     0.46963     0.00000
 429    273.564      196.652          43.789        0.679        62598.1          464.4    0.8283    0.4871      482.93      196.654      -55.336        0.192     0.46993     0.00000
 430    271.224      195.421          41.275        0.428        62424.7          463.5    0.8316    0.4822      481.60      195.422      -55.831        0.123     0.46949     0.00000
 431    268.563      194.021          39.338        0.143        62333.2          462.9    0.8337    0.4775      480.56      194.021      -56.256        0.039     0.46944     0.00000
 432    264.542      191.904          38.617       -0.159        62316.4          462.6    0.8322    0.4719      479.83      191.905      -56.649       -0.051     0.46960     0.00000
 433    260.063      189.545          37.529       -0.484        62368.4          462.5    0.8310    0.4656      479.23      189.546      -57.116       -0.146     0.47012     0.00000
 434    259.046      189.008          38.221        0.008        62115.6          461.9    0.8295    0.4654      478.64      189.011      -57.198       -0.028     0.46877     0.00000
