
OVERALL TURBINE PERFORMANCE
============================================================
Blade-jet speed ratio     0.3962
Pitchline loading         3.1527
Total-Total PR            4.9704
Total-Static PR           5.6019
Energy Extraction           402.6880
Corrected Speed           32.5748
Flow function           0.9511

STAGE PERFORMANCE
====================================================================================================
Stage  Location     Alpha1    Alpha2     Beta2     Beta3    Alpha3      Phi       Psi    Reaction
    1       Hub      -2.39      78.08     -77.04     -77.26     -38.20    0.3297    0.8282      0.3583
    1      Mean      -3.88      72.47      44.21     -66.36     -16.31    0.6261    1.6465      0.4253
    1       Tip      -5.43      79.36     -83.12     -51.26      24.16    0.4688    0.3283      0.4669
    2       Hub     -53.89      73.33      -1.64     -69.73     -22.59    0.4447    1.3810      0.3991
    2      Mean     -20.04      64.32     -10.53     -59.85      -0.63    0.6939    1.1643      0.4588
    2       Tip      26.36      70.09     -50.76     -55.34      12.40    0.6493    0.8302      0.5255


Span station K = 1

  J       %dVm        Vx(m/s)      Vtheta(m/s)    Vr(m/s)       Pstat(Pa)       Tstat(K)    Mrel      Mabs        T0(K)       Vm(m/s)     Swirl(deg)   Pitch(deg)  Density(kg/m3)     mdot(kg/s)
--------------------------------------------------------------------------------------------------------------------------------------------
   1      6.263       55.940           0.000       -0.030       342087.9          707.6    0.5380    0.1075      709.00       55.940      -78.472       -0.031     1.68440     0.00000
   2     -9.778       47.475           0.015       -1.400       342735.7          708.1    0.5347    0.0913      709.11       47.495      -80.174       -1.687     1.68642     0.00000
   3    -13.396       45.590          -0.310       -0.334       342525.2          708.1    0.5346    0.0876      709.05       45.591      -80.570       -0.420     1.68535     0.00000
   4    -17.489       43.430          -0.642       -0.730       342624.2          708.3    0.5345    0.0836      709.10       43.436      -81.018       -0.962     1.68554     0.00000
   5    -20.953       41.612          -1.046       -0.258       342720.4          708.4    0.5347    0.0802      709.13       41.612      -81.401       -0.355     1.68578     0.00000
   6    -24.270       39.865          -1.569       -0.223       342719.7          708.4    0.5352    0.0770      709.13       39.866      -81.770       -0.320     1.68564     0.00000
   7    -27.458       38.188          -2.205       -0.026       342825.0          708.5    0.5360    0.0741      709.17       38.188      -82.129       -0.039     1.68596     0.00000
   8    -30.299       36.692          -2.901        0.138       342843.1          708.5    0.5369    0.0716      709.17       36.693      -82.450        0.216     1.68595     0.00000
   9    -33.206       35.161          -3.604        0.246       342878.2          708.6    0.5379    0.0693      709.19       35.162      -82.777        0.400     1.68600     0.00000
  10    -35.700       33.847          -4.322        0.402       342941.3          708.7    0.5390    0.0674      709.23       33.849      -83.059        0.682     1.68615     0.00000
  11    -38.377       32.436          -5.109        0.476       342949.2          708.7    0.5403    0.0656      709.25       32.440      -83.360        0.841     1.68611     0.00000
  12    -40.888       31.113          -5.996        0.573       343029.8          708.8    0.5417    0.0643      709.29       31.118      -83.642        1.060     1.68637     0.00000
  13    -43.838       29.558          -6.938        0.643       342996.5          708.8    0.5433    0.0628      709.28       29.565      -83.971        1.254     1.68620     0.00000
  14    -46.706       28.046          -7.836        0.709       343058.6          708.8    0.5448    0.0618      709.30       28.055      -84.287        1.467     1.68645     0.00000
  15    -49.824       26.403          -8.670        0.753       342981.6          708.8    0.5463    0.0607      709.28       26.414      -84.627        1.664     1.68611     0.00000
  16    -52.426       25.032          -9.556        0.780       343033.7          708.9    0.5478    0.0606      709.40       25.044      -84.910        1.823     1.68608     0.00000
  17    -55.203       23.568         -10.529        0.806       342949.5          709.0    0.5496    0.0608      709.49       23.582      -85.209        2.029     1.68548     0.00000
  18    -57.771       22.215         -11.468        0.823       343009.1          708.8    0.5514    0.0615      709.36       22.230      -85.484        2.308     1.68614     0.00000
  19    -60.920       20.555         -12.208        0.835       342902.8          708.3    0.5529    0.0620      708.85       20.573      -85.815        3.146     1.68686     0.00000
  20    -62.559       19.057         -13.005        0.819       342928.8          708.6    0.5543    0.0631      709.20       19.710      -85.991        4.330     1.68622     0.00000
  21    -62.094       17.634         -14.047        0.753       342782.4          710.1    0.5556    0.0649      710.75       19.955      -85.954        1.131     1.68190     0.00000
  22    -61.961       16.998         -15.155        0.548       342809.5          710.2    0.5577    0.0671      710.84       20.025      -85.952       -2.210     1.68193     0.00000
  23    -62.317       16.986         -15.624        0.286       342679.9          704.1    0.5612    0.0682      704.76       19.837      -85.998       -4.143     1.69620     0.00000
  24    -62.726       17.600         -15.159        0.279       342716.0          692.0    0.5658    0.0675      692.71       19.622      -86.053       -5.498     1.72850     0.00000
  25    -63.382       17.731         -12.229        0.409       342576.5          679.7    0.5656    0.0618      680.34       19.276      -86.120       -5.244     1.76417     0.00000
  26    -64.722       16.948          -5.279        1.536       342649.9          672.2    0.5545    0.0536      672.69       18.571      -86.231       -0.798     1.78724     0.00000
  27    -60.156       20.103          -1.027        3.363       342756.7          670.8    0.5467    0.0626      671.35       20.975      -85.703        7.177     1.79111     0.00000
  28    -55.077       23.153          -1.153        4.211       342642.6          672.3    0.5466    0.0692      673.06       23.648      -85.147       10.393     1.78562     0.00000
  29    -50.737       25.522          -2.417        4.535       342450.6          672.7    0.5495    0.0748      673.49       25.933      -84.685        9.491     1.78411     0.00000
  30    -47.443       27.197          -3.013        5.035       342314.9          672.1    0.5514    0.0787      672.92       27.667      -84.343        9.868     1.78609     0.00000
  31    -43.842       29.023          -3.395        5.584       342246.2          671.6    0.5529    0.0829      672.54       29.563      -83.965       10.445     1.78778     0.00000
  32    -39.752       31.130          -3.820        6.041       342002.0          670.8    0.5547    0.0873      671.80       31.716      -83.549       10.520     1.78970     0.00000
  33    -36.127       32.987          -4.075        6.488       341869.6          669.6    0.5563    0.0919      670.74       33.624      -83.192       10.759     1.79372     0.00000
  34    -31.118       35.557          -3.964        7.082       341663.4          668.2    0.5574    0.0981      669.49       36.261      -82.690       10.930     1.79874     0.00000
  35    -26.064       38.161          -2.824        7.629       341402.2          666.4    0.5567    0.1030      667.73       38.922      -82.171       10.993     1.80519     0.00000
  36    -22.669       39.870          -1.426        8.190       341247.9          664.1    0.5556    0.1065      665.59       40.709      -81.791       11.299     1.81333     0.00000
  37    -18.652       41.924          -0.580        8.699       341109.5          661.8    0.5557    0.1115      663.39       42.823      -81.362       11.413     1.82210     0.00000
  38    -14.189       44.201           0.179        9.287       340785.1          659.1    0.5563    0.1173      660.87       45.173      -80.894       11.575     1.83170     0.00000
  39     -8.188       47.239           1.731       10.189       340620.6          656.1    0.5559    0.1238      657.97       48.332      -80.263       11.901     1.84454     0.00000
  40     -3.637       49.546           3.733       10.854       340216.9          652.7    0.5546    0.1287      654.72       50.728      -79.739       12.074     1.85733     0.00000
  41      0.032       51.408           5.243       11.380       340174.0          649.8    0.5539    0.1334      651.96       52.660      -79.317       12.195     1.87014     0.00000
  42      5.286       54.068           6.551       12.157       339660.3          646.7    0.5541    0.1399      649.09       55.425      -78.755       12.366     1.88095     0.00000
  43     11.030       56.968           8.973       13.043       339450.9          643.3    0.5525    0.1462      645.83       58.449      -78.105       12.575     1.89570     0.00000
  44     15.507       59.210          11.673       13.805       338960.7          639.1    0.5505    0.1518      641.86       60.806      -77.531       12.767     1.91201     0.00000
  45     20.239       61.576          13.309       14.624       338924.7          635.5    0.5506    0.1584      638.42       63.297      -76.995       12.991     1.93007     0.00000
  46     26.584       64.772          15.924       15.622       338163.2          631.9    0.5493    0.1660      635.14       66.637      -76.269       13.192     1.94374     0.00000
  47     31.578       67.240          18.914       16.595       337845.9          628.7    0.5468    0.1722      632.19       69.266      -75.624       13.441     1.95798     0.00000
  48     37.500       70.257          21.889       17.385       337237.1          625.2    0.5450    0.1796      628.97       72.384      -74.894       13.472     1.97195     0.00000
  49     41.770       72.336          25.553       18.331       336743.5          621.5    0.5415    0.1856      625.41       74.631      -74.251       13.749     1.98822     0.00000
  50     47.258       75.059          28.641       19.342       336282.8          617.5    0.5398    0.1933      621.80       77.521      -73.517       13.940     2.00591     0.00000
  51     52.835       77.830          32.551       20.351       335409.4          613.4    0.5369    0.2014      618.00       80.456      -72.718       14.134     2.02264     0.00000
  52     58.091       80.412          36.651       21.404       334795.9          609.5    0.5335    0.2093      614.43       83.223      -71.892       14.331     2.03996     0.00000
  53     63.720       83.223          40.741       22.364       333836.3          605.4    0.5308    0.2180      610.75       86.187      -71.030       14.457     2.05667     0.00000
  54     69.286       85.923          45.666       23.597       332981.8          601.3    0.5267    0.2271      607.05       89.117      -70.065       14.721     2.07484     0.00000
  55     75.300       88.896          50.672       24.723       331777.1          596.9    0.5231    0.2371      603.12       92.283      -69.010       14.876     2.09263     0.00000
  56     80.989       91.728          56.193       25.713       330608.5          592.3    0.5189    0.2476      599.05       95.277      -67.903       14.968     2.11249     0.00000
  57     87.197       94.771          62.409       26.949       329108.1          587.4    0.5142    0.2596      594.82       98.545      -66.630       15.138     2.13218     0.00000
  58     93.478       97.867          69.104       28.175       327344.2          582.5    0.5093    0.2722      590.66      101.852      -65.232       15.325     2.15024     0.00000
  59     98.980      100.516          76.317       29.459       325295.2          577.9    0.5038    0.2845      586.88      104.748      -63.778       15.605     2.16360     0.00000
  60    104.660      103.294          84.180       30.609       323019.3          574.1    0.4976    0.2978      584.02      107.738      -62.121       15.733     2.16913     0.00000
  61    109.549      105.712          92.761       31.510       320014.8          570.7    0.4902    0.3115      581.72      110.312      -60.312       15.813     2.16484     0.00000
  62    113.840      107.806         102.029       32.395       317009.7          568.1    0.4819    0.3259      580.31      112.571      -58.307       15.939     2.15523     0.00000
  63    117.247      109.536         112.056       32.873       313113.5          565.7    0.4725    0.3414      579.28      114.365      -56.075       15.914     2.13799     0.00000
  64    118.942      110.353         122.685       33.256       309190.5          563.8    0.4615    0.3572      578.81      115.257      -53.676       15.981     2.11805     0.00000
  65    120.430      111.125         133.609       33.410       304775.3          562.1    0.4504    0.3743      578.70      116.040      -51.020       15.946     2.09399     0.00000
  66    119.960      110.943         144.903       33.154       299900.3          560.6    0.4378    0.3916      578.81      115.793      -48.213       15.862     2.06639     0.00000
  67    119.036      110.498         156.029       32.943       295035.9          559.6    0.4251    0.4092      579.45      115.306      -45.250       15.833     2.03687     0.00000
  68    117.689      109.931         167.034       32.360       289645.5          558.7    0.4126    0.4272      580.24      114.597      -42.148       15.660     2.00331     0.00000
  69    115.368      108.886         178.066       31.580       284173.9          558.1    0.3995    0.4453      581.41      113.375      -38.900       15.456     1.96794     0.00000
  70    113.128      107.821         189.178       31.019       278185.2          557.5    0.3871    0.4645      582.62      112.196      -35.443       15.360     1.92977     0.00000
  71    111.202      107.014         200.240       30.150       271909.4          557.0    0.3754    0.4844      584.03      111.182      -31.818       15.071     1.88913     0.00000
  72    108.425      105.795         211.286       29.076       265114.9          556.6    0.3637    0.5043      585.56      109.720      -28.096       14.757     1.84370     0.00000
  73    105.728      104.521         222.304       28.355       258317.9          556.3    0.3530    0.5246      587.31      108.300      -24.284       14.615     1.79785     0.00000
  74    104.039      103.937         233.290       27.069       250976.2          555.6    0.3436    0.5461      588.75      107.412      -20.450       13.996     1.75032     0.00000
  75    101.653      102.977         243.526       25.696       243460.0          554.7    0.3343    0.5664      589.76      106.155      -16.875       13.400     1.70301     0.00000
  76     99.055      101.799         251.020       24.781       236195.8          553.6    0.3264    0.5818      590.07      104.788      -14.278       13.141     1.65904     0.00000
  77     94.280       99.590         254.192       23.212       229980.4          553.0    0.3175    0.5881      589.73      102.274      -13.241       12.638     1.62172     0.00000
  78     86.970       96.055         253.748       21.402       225694.6          553.4    0.3064    0.5864      589.37       98.426      -13.521       12.126     1.59432     0.00000
  79     79.516       92.402         252.229       19.749       222459.7          554.0    0.2945    0.5827      589.06       94.502      -14.312       11.686     1.57149     0.00000
  80     73.300       89.401         251.684       18.112       219297.5          554.2    0.2834    0.5815      588.62       91.229      -14.741       11.131     1.54887     0.00000
  81     68.484       87.087         252.050       16.753       215679.4          553.7    0.2747    0.5829      587.79       88.695      -14.652       10.615     1.52472     0.00000
  82     64.374       85.118         251.895       15.517       212035.3          553.1    0.2690    0.5836      586.85       86.531      -14.662       10.092     1.50011     0.00000
  83     60.066       83.048         250.215       14.201       208838.7          552.8    0.2655    0.5814      586.01       84.263      -15.296        9.496     1.47629     0.00000
  84     55.433       80.772         247.377       13.021       206333.3          552.9    0.2631    0.5766      585.41       81.824      -16.443        8.970     1.45467     0.00000
  85     51.449       78.849         244.198       11.743       204169.2          553.2    0.2617    0.5713      584.90       79.727      -17.706        8.307     1.43414     0.00000
  86     47.245       76.777         241.301       10.606       202143.8          553.4    0.2594    0.5662      584.34       77.513      -18.858        7.724     1.41426     0.00000
  87     44.467       75.432         238.987        9.630       200360.7          553.7    0.2578    0.5626      584.01       76.051      -19.781        7.155     1.39570     0.00000
  88     41.630       74.057         237.146        8.566       198281.7          553.6    0.2553    0.5599      583.37       74.557      -20.547        6.497     1.37570     0.00000
  89     39.411       72.975         235.630        7.726       196705.0          553.6    0.2526    0.5576      582.90       73.389      -21.249        5.969     1.35900     0.00000
  90     37.320       71.956         234.143        6.870       194894.6          553.0    0.2497    0.5554      581.89       72.289      -22.074        5.387     1.34232     0.00000
  91     35.325       70.986         232.724        5.942       193916.9          552.7    0.2459    0.5525      581.03       71.239      -22.989        4.738     1.33179     0.00000
  92     32.812       69.716         231.349        5.212       192809.4          552.1    0.2411    0.5492      579.96       69.915      -24.082        4.251     1.32147     0.00000
  93     30.638       68.627         229.603        4.332       192673.7          552.6    0.2356    0.5443      579.78       68.771      -25.462        3.590     1.31691     0.00000
  94     24.953       65.668         226.485        3.797       192609.3          553.3    0.2294    0.5342      579.42       65.778      -28.060        3.280     1.31769     0.00000
  95     19.346       62.701         222.706        3.812       194673.6          555.2    0.2262    0.5209      580.27       62.827      -30.848        3.401     1.33442     0.00000
  96     10.141       57.965         215.301        1.043       196152.1          557.0    0.2309    0.4975      580.61       57.981      -34.911        1.045     1.33937     0.00000
  97    -13.398       45.565         198.833       -1.296       197904.4          562.1    0.2455    0.4509      583.13       45.590      -41.766       -1.326     1.32930     0.00000
  98    -29.097       37.307         180.009       -0.551       200484.2          573.6    0.2687    0.4043      592.34       37.325      -47.256       -0.496     1.30818     0.00000
  99    -37.059       33.090         171.942       -1.121       201513.6          586.6    0.2712    0.3832      604.03       33.134      -50.975       -2.880     1.27180     0.00000
 100    -34.656       34.348         176.621       -1.581       202158.0          598.5    0.2515    0.3901      615.69       34.399      -52.447       -2.994     1.23907     0.00000
 101    -29.345       37.159         184.957       -1.469       201156.8          607.8    0.2289    0.4044      625.49       37.194      -53.042       -2.376     1.20480     0.00000
 102    -25.903       38.957         192.861       -1.855       201070.0          615.6    0.2095    0.4172      634.00       39.006      -53.586       -2.816     1.18192     0.00000
 103    -22.382       40.817         199.487       -1.797       200062.2          620.4    0.1950    0.4284      639.52       40.860      -53.807       -2.548     1.16189     0.00000
 104    -19.648       42.240         204.634       -2.179       199839.1          624.1    0.1851    0.4367      643.92       42.299      -53.903       -3.034     1.15003     0.00000
 105    -18.879       42.655         208.316       -1.994       198776.4          626.1    0.1785    0.4425      646.44       42.704      -54.289       -2.670     1.13772     0.00000
 106    -16.921       43.670         210.959       -2.335       198999.2          628.8    0.1755    0.4463      649.55       43.735      -54.104       -3.136     1.13159     0.00000
 107    -18.948       42.604         212.926       -2.231       197854.0          630.3    0.1721    0.4487      651.39       42.668      -54.685       -1.949     1.11975     0.00000
 108    -16.818       43.077         214.202       -1.822       198897.7          634.0    0.1713    0.4495      655.34       43.789      -54.164       -0.273     1.11511     0.00000
 109    -16.700       41.484         212.476       -4.080       197794.9          637.1    0.1736    0.4439      658.04       43.851      -55.405       -6.806     1.09845     0.00000
 110    -26.501       32.029         212.353        2.921       198714.9          641.0    0.1668    0.4393      661.73       38.692      -57.934        7.305     1.09460     0.00000
 111    -74.965       11.196         249.376       -6.953       201157.0          634.8    0.0701    0.5067      661.97       13.179      -67.572      -27.814     1.10407     0.00000
 112    -69.364       15.434         244.436       -4.678       200971.3          618.8    0.0827    0.5035      644.93       16.128      -66.374      -16.176     1.13161     0.00000
 113    -45.348       -5.064         232.905        2.682       201501.2          606.8    0.1199    0.4883      631.18       28.770      -56.564        7.569     1.15714     0.00000
 114     13.600      -35.243         213.956        1.546       199322.8          587.5    0.2008    0.4698      609.56       59.802      -45.649        0.483     1.18317     0.00000
 115     40.093      -49.061         221.940        3.375       199957.0          588.6    0.2196    0.4946      613.40       73.748      -35.670        2.661     1.18457     0.00000
 116     37.173      -47.250         224.609        2.679       199888.9          592.8    0.2170    0.4967      618.29       72.211      -31.361        2.004     1.17543     0.00000
 117     32.057      -45.559         224.769        2.647       201120.7          595.3    0.2159    0.4945      620.85       69.518      -29.170        2.452     1.17765     0.00000
 118     29.651      -44.369         228.115        3.048       201303.7          596.8    0.2149    0.4999      623.24       68.252      -25.218        3.271     1.17556     0.00000
 119     28.639      -44.330         232.840        2.782       201929.9          598.5    0.2150    0.5085      626.14       67.719      -21.464        2.038     1.17585     0.00000
 120     26.453      -43.168         237.933        2.953       202122.7          599.9    0.2156    0.5176      628.78       66.568      -17.666        2.702     1.17429     0.00000
 121     25.493      -42.483         243.031        2.723       202448.8          601.2    0.2180    0.5269      631.47       66.063      -14.029        1.758     1.17355     0.00000
 122     24.085      -41.144         248.114        2.687       202544.9          602.3    0.2211    0.5362      633.93       65.321      -10.710        1.844     1.17198     0.00000
 123     22.072      -39.636         253.055        2.369       202651.3          603.4    0.2246    0.5451      636.37       64.262       -7.754        1.450     1.17051     0.00000
 124     18.421      -36.916         257.798        2.058       202695.3          604.4    0.2273    0.5531      638.66       62.340       -4.992        1.595     1.16881     0.00000
 125     13.383      -33.681         262.404        1.691       202738.7          605.2    0.2298    0.5607      640.77       59.688       -2.252        1.160     1.16741     0.00000
 126      8.017      -29.652         266.981        1.299       202764.4          605.9    0.2325    0.5683      642.69       56.863        0.491        1.177     1.16627     0.00000
 127      2.118      -25.480         271.871        0.764       202684.4          606.3    0.2362    0.5767      644.48       53.757        3.346        0.265     1.16503     0.00000
 128     -4.713      -20.350         276.722        0.080       202600.3          606.4    0.2404    0.5852      646.05       50.162        6.262       -1.171     1.16420     0.00000
 129    -12.435      -14.344         281.491       -0.893       202385.9          606.5    0.2440    0.5935      647.44       46.097        9.172       -2.554     1.16292     0.00000
 130    -20.385       -6.971         284.706       -2.018       202175.5          606.4    0.2461    0.5989      648.26       41.911       11.613       -5.080     1.16189     0.00000
 131    -27.335        0.693         286.436       -2.780       201831.3          606.2    0.2458    0.6015      648.51       38.253       13.548       -8.030     1.16030     0.00000
 132    -30.739        7.712         286.477       -2.825       201545.9          605.3    0.2451    0.6015      647.73       36.461       13.639       -5.707     1.16032     0.00000
 133    -17.507       13.848         276.441       -2.462       200843.2          603.7    0.2507    0.5830      644.17       43.426        1.954       -2.724     1.15923     0.00000
 134    -10.942       19.601         265.106       -2.242       200077.6          602.9    0.2564    0.5611      640.97       46.882       -9.206       -2.368     1.15637     0.00000
 135    -11.760       24.231         259.705       -2.654       199813.6          603.4    0.2517    0.5498      640.03       46.452      -15.258       -4.041     1.15396     0.00000
 136    -13.958       27.770         254.159       -2.730       199678.9          603.8    0.2510    0.5382      639.03       45.295      -21.976       -5.626     1.15248     0.00000
 137    -15.700       31.581         249.711       -2.940       199371.0          603.9    0.2552    0.5291      638.24       44.378      -28.026       -7.544     1.15047     0.00000
 138    -14.421       35.876         246.517       -3.203       198867.7          603.8    0.2609    0.5232      637.60       45.051      -30.079       -8.745     1.14775     0.00000
 139    -10.869       40.397         243.910       -3.405       198344.0          603.7    0.2675    0.5188      637.15       46.921      -30.869       -9.277     1.14500     0.00000
 140     -4.338       45.490         241.335       -3.643       197826.8          603.6    0.2742    0.5150      636.74       50.359      -31.690       -8.077     1.14225     0.00000
 141      2.910       50.462         237.459       -3.752       197430.9          603.6    0.2773    0.5086      635.98       54.174      -32.257       -7.222     1.13991     0.00000
 142      5.745       52.876         233.179       -3.832       197388.9          604.0    0.2757    0.5003      635.16       55.667      -32.468       -6.587     1.13907     0.00000
 143      9.787       55.780         230.396       -3.922       197407.0          604.3    0.2770    0.4955      634.91       57.795      -32.171       -5.960     1.13856     0.00000
 144     14.894       59.093         227.929       -4.190       196941.3          604.3    0.2802    0.4920      634.45       60.483      -32.395       -5.787     1.13599     0.00000
 145     20.139       62.406         224.280       -4.041       196911.5          604.6    0.2815    0.4861      633.92       63.244      -32.960       -6.041     1.13536     0.00000
 146     23.087       64.360         219.625       -3.848       196759.7          605.0    0.2798    0.4777      633.12       64.796      -33.509       -7.014     1.13380     0.00000
 147     24.848       65.396         215.579       -4.000       197041.0          605.5    0.2788    0.4700      632.70       65.723      -33.770       -5.612     1.13441     0.00000
 148     28.446       67.291         211.532       -4.055       196814.6          605.6    0.2804    0.4633      631.85       67.617      -34.490       -4.689     1.13313     0.00000
 149     30.810       68.534         206.376       -3.895       196904.5          605.7    0.2806    0.4540      630.80       68.862      -35.643       -4.182     1.13343     0.00000
 150     31.871       69.059         201.195       -3.728       196816.5          605.5    0.2804    0.4448      629.40       69.420      -36.609       -3.733     1.13327     0.00000
 151     32.911       69.589         196.441       -3.606       196940.9          604.9    0.2820    0.4368      627.78       69.968      -37.571       -3.412     1.13495     0.00000
 152     35.244       70.823         191.136       -3.545       196703.9          603.6    0.2850    0.4287      625.42       71.196      -39.007       -3.281     1.13576     0.00000
 153     34.122       70.191         186.098       -3.592       196678.2          602.4    0.2854    0.4203      623.22       70.605      -40.176       -3.039     1.13753     0.00000
 154     34.853       70.554         181.585       -3.460       196590.5          600.5    0.2892    0.4144      620.63       70.990      -40.969       -2.599     1.14017     0.00000
 155     37.261       71.665         176.232       -3.468       196229.8          597.4    0.2956    0.4081      616.76       72.258      -42.554       -2.110     1.14341     0.00000
 156     39.216       72.161         170.845       -3.321       196166.3          594.1    0.3024    0.4016      612.61       73.287      -45.070       -1.644     1.14894     0.00000
 157     40.215       72.583         166.648       -3.145       196206.4          591.4    0.3085    0.3967      609.36       73.813      -46.355       -1.574     1.15412     0.00000
 158     39.369       72.510         163.649       -3.250       196238.8          590.2    0.3121    0.3932      607.83       73.368      -46.770       -1.655     1.15660     0.00000
 159     39.201       72.651         160.963       -3.491       196131.0          590.2    0.3162    0.3907      607.56       73.279      -46.984       -1.795     1.15604     0.00000
 160     39.988       73.078         157.811       -3.730       195857.2          590.6    0.3214    0.3876      607.71       73.693      -47.587       -1.845     1.15346     0.00000
 161     41.407       73.791         154.539       -3.372       195660.1          591.2    0.3275    0.3844      608.05       74.440      -48.273       -1.507     1.15094     0.00000
 162     44.565       75.525         151.565       -3.035       195402.5          591.7    0.3348    0.3827      608.41       76.103      -48.463       -1.394     1.14825     0.00000
 163     48.072       77.481         148.831       -3.164       195000.4          592.2    0.3424    0.3816      608.74       77.949      -48.505       -1.700     1.14491     0.00000
 164     53.279       80.299         146.094       -3.522       194662.0          592.7    0.3511    0.3812      609.21       80.690      -48.464       -2.121     1.14177     0.00000
 165     59.570       83.633         143.110       -4.171       193987.2          593.0    0.3608    0.3808      609.43       84.002      -48.494       -2.674     1.13713     0.00000
 166     66.997       87.580         140.172       -4.472       193453.5          593.3    0.3713    0.3808      609.67       87.912      -48.462       -2.955     1.13337     0.00000
 167     76.113       92.422         136.483       -4.424       192462.0          593.3    0.3838    0.3808      609.59       92.711      -48.541       -2.936     1.12753     0.00000
 168     85.643       97.464         131.674       -4.312       191493.8          593.4    0.3981    0.3797      609.55       97.727      -48.873       -2.829     1.12158     0.00000
 169     95.720      102.776         126.420       -4.367       190200.8          593.2    0.4133    0.3790      609.21      103.032      -49.219       -2.791     1.11434     0.00000
 170    105.217      107.779         120.557       -4.567       188733.6          592.8    0.4289    0.3777      608.59      108.031      -49.733       -2.835     1.10649     0.00000
 171    114.874      112.877         114.055       -4.741       187047.4          592.2    0.4456    0.3769      607.72      113.115      -50.267       -2.859     1.09780     0.00000
 172    124.639      118.014         106.664       -5.248       184986.8          591.2    0.4639    0.3765      606.56      118.255      -50.852       -3.060     1.08738     0.00000
 173    133.112      122.460          98.370       -5.836       182663.5          589.9    0.4828    0.3759      605.12      122.716      -51.581       -3.295     1.07575     0.00000
 174    140.757      126.480          89.298       -6.357       180149.6          588.3    0.5029    0.3757      603.35      126.741      -52.396       -3.453     1.06342     0.00000
 175    147.238      129.872          79.601       -7.073       177399.8          586.4    0.5237    0.3756      601.26      130.152      -53.285       -3.678     1.05015     0.00000
 176    151.460      132.083          69.282       -7.431       174528.7          584.3    0.5445    0.3746      598.91      132.375      -54.305       -3.754     1.03626     0.00000
 177    154.739      133.810          59.042       -7.526       171670.2          582.2    0.5649    0.3742      596.58      134.101      -55.278       -3.715     1.02238     0.00000
 178    157.566      135.272          48.803       -8.059       168754.5          580.0    0.5856    0.3743      594.21      135.590      -56.269       -3.868     1.00825     0.00000
 179    159.373      136.211          37.721       -8.360       165682.5          577.6    0.6076    0.3742      591.67      136.541      -57.406       -3.923     0.99329     0.00000
 180    160.783      136.976          26.306       -8.128       162240.5          574.9    0.6306    0.3750      588.85      137.283      -58.480       -3.744     0.97647     0.00000
 181    161.006      137.108          15.776       -7.994       158996.1          572.4    0.6514    0.3753      586.21      137.400      -59.519       -3.621     0.96054     0.00000
 182    158.834      135.963           6.691       -8.040       156380.3          570.5    0.6679    0.3716      583.91      136.257      -60.647       -3.604     0.94772     0.00000
 183    154.292      133.591          -0.141       -7.663       154471.0          569.3    0.6785    0.3638      582.04      133.866      -61.744       -3.430     0.93856     0.00000
 184    149.501      131.093          -5.206       -7.095       153322.6          568.8    0.6853    0.3542      580.78      131.344      -62.732       -3.170     0.93321     0.00000
 185    144.672      128.552          -9.846       -6.905       152237.6          568.2    0.6914    0.3438      579.52      128.801      -63.739       -3.061     0.92832     0.00000
 186    141.191      126.717         -14.844       -6.882       151167.8          567.7    0.6992    0.3348      578.35      126.969      -64.673       -3.005     0.92354     0.00000
 187    139.158      125.639         -19.786       -7.040       149651.2          566.7    0.7080    0.3287      576.99      125.899      -65.424       -3.025     0.91658     0.00000
 188    136.852      124.424         -24.607       -7.111       148149.2          565.7    0.7166    0.3236      575.69      124.685      -66.166       -3.042     0.90960     0.00000
 189    135.976      123.952         -29.638       -7.401       146571.8          564.7    0.7263    0.3197      574.41      124.224      -66.837       -3.174     0.90217     0.00000
 190    135.728      123.801         -34.064       -7.819       144944.6          563.5    0.7354    0.3167      573.13      124.093      -67.357       -3.375     0.89459     0.00000
 191    135.916      123.898         -37.174       -8.004       143717.4          562.8    0.7420    0.3150      572.29      124.192      -67.711       -3.495     0.88879     0.00000
 192    135.754      123.789         -39.815       -8.348       142599.0          562.2    0.7474    0.3130      571.67      124.107      -68.076       -3.680     0.88318     0.00000
 193    136.147      123.957         -41.736       -8.420       141800.1          562.1    0.7516    0.3116      571.58      124.314      -68.309       -3.673     0.87875     0.00000
 194    137.323      124.501         -43.473       -8.410       141029.2          562.1    0.7555    0.3112      571.60      124.933      -68.438       -3.632     0.87429     0.00000
 195    138.319      124.973         -45.675       -8.374       140102.7          561.8    0.7604    0.3116      571.41      125.457      -68.577       -3.592     0.86916     0.00000
 196    139.415      125.544         -47.449       -8.402       139025.1          561.4    0.7645    0.3129      571.05      126.034      -68.653       -3.591     0.86333     0.00000
 197    139.285      125.481         -48.419       -8.451       138563.8          561.5    0.7663    0.3126      571.15      125.966      -68.724       -3.638     0.86039     0.00000
 198    138.778      125.197         -48.926       -8.570       138190.5          561.6    0.7668    0.3118      571.17      125.699      -68.801       -3.711     0.85807     0.00000
 199    137.037      124.272         -48.954       -8.842       138056.4          561.6    0.7660    0.3100      571.06      124.782      -68.894       -3.882     0.85720     0.00000
 200    133.620      122.549         -48.044       -8.687       137857.2          561.4    0.7627    0.3070      570.68      122.983      -69.059       -3.871     0.85625     0.00000
 201    132.765      122.135         -48.456       -9.060       138092.6          561.2    0.7632    0.3058      570.35      122.533      -69.117       -4.152     0.85787     0.00000
 202    125.640      118.443         -47.859       -8.312       138502.8          560.9    0.7594    0.2993      569.58      118.783      -69.474       -3.958     0.86074     0.00000
 203    109.525      110.075         -41.494       -6.180       140769.7          562.4    0.7394    0.2864      570.24      110.300      -69.974       -3.170     0.87219     0.00000
 204     89.049       99.306         -30.891       -5.609       144378.0          564.9    0.7079    0.2681      571.86       99.520      -70.761       -3.210     0.89013     0.00000
 205     74.954       91.876         -28.486       -6.244       148523.0          567.4    0.6936    0.2424      573.15       92.100      -72.660       -3.813     0.91125     0.00000
 206     78.994       93.966         -35.173       -6.934       148902.0          566.3    0.7078    0.2341      571.56       94.227      -73.022       -4.149     0.91568     0.00000
 207     84.773       96.991         -43.180       -7.298       145958.8          562.5    0.7276    0.2384      567.91       97.269      -73.073       -4.271     0.90401     0.00000
 208     84.168       96.653         -49.839       -7.560       144471.8          560.4    0.7416    0.2397      565.90       96.951      -73.532       -4.443     0.89813     0.00000
 209     82.859       95.932         -54.993       -7.928       143124.4          558.8    0.7524    0.2418      564.34       96.262      -73.912       -4.690     0.89236     0.00000
 210     81.224       95.031         -59.281       -8.371       142240.3          557.8    0.7611    0.2441      563.40       95.401      -74.248       -5.004     0.88845     0.00000
 211     78.324       93.463         -62.279       -8.754       141436.2          557.0    0.7667    0.2445      562.60       93.874      -74.614       -5.325     0.88469     0.00000
 212     75.712       91.984         -64.093       -9.732       141180.7          556.8    0.7696    0.2443      562.37       92.499      -74.897       -6.009     0.88341     0.00000
 213     72.057       89.921         -65.093      -10.861       140658.0          556.3    0.7707    0.2424      561.78       90.575      -75.227       -6.839     0.88093     0.00000
 214     70.457       89.020         -64.934      -11.274       141298.8          557.0    0.7692    0.2406      562.39       89.733      -75.344       -7.162     0.88385     0.00000
 215     69.135       88.022         -63.662      -13.405       140956.2          557.0    0.7657    0.2377      562.24       89.037      -75.398       -8.562     0.88175     0.00000
 216     62.939       85.032         -62.645      -11.259       141500.0          557.9    0.7608    0.2305      562.81       85.775      -75.865       -7.473     0.88379     0.00000
 217     47.636       76.397         -60.126      -14.276       143936.0          560.0    0.7493    0.2123      564.19       77.720      -77.050      -10.408     0.89559     0.00000
 218     53.644       79.590         -59.329      -14.403       143614.9          559.7    0.7493    0.2168      564.10       80.882      -76.511      -10.097     0.89401     0.00000
 219     52.803       79.412         -55.758      -12.817       143600.2          559.8    0.7413    0.2120      564.05       80.439      -76.450       -9.048     0.89377     0.00000
 220     45.315       75.256         -53.784      -13.728       143287.2          559.6    0.7348    0.2029      563.53       76.498      -77.006      -10.183     0.89210     0.00000
 221     39.219       72.189         -53.026      -12.649       143744.5          560.1    0.7310    0.1966      563.78       73.289      -77.497       -9.790     0.89420     0.00000
 222     35.082       69.986         -52.935      -12.598       143521.6          559.9    0.7297    0.1933      563.47       71.110      -77.850      -10.054     0.89315     0.00000
 223     29.766       67.242         -53.334      -12.045       143835.2          560.2    0.7290    0.1897      563.64       68.312      -78.327      -10.006     0.89466     0.00000
 224     25.265       64.933         -54.104      -11.497       143721.7          560.0    0.7297    0.1879      563.49       65.943      -78.747       -9.891     0.89417     0.00000
 225     18.638       61.475         -55.295      -11.015       143847.8          560.1    0.7310    0.1855      563.55       62.454      -79.368      -10.012     0.89480     0.00000
 226     11.718       57.922         -56.881      -10.186       143817.0          560.1    0.7335    0.1848      563.54       58.811      -80.019       -9.791     0.89468     0.00000
 227      2.713       53.242         -58.861       -9.427       143774.2          560.0    0.7369    0.1850      563.53       54.071      -80.856       -9.825     0.89455     0.00000
 228     -8.064       47.684         -61.203       -8.260       143681.1          559.8    0.7415    0.1876      563.52       48.398      -81.834       -8.952     0.89424     0.00000
 229    -10.150       39.194         -63.589       -6.396       143430.1          559.4    0.7468    0.1932      563.44       47.299      -82.034        0.371     0.89324     0.00000
 230      9.553       26.617         -65.775       -3.565       143042.8          558.7    0.7538    0.2065      563.31       57.672      -80.372        1.227     0.89195     0.00000
 231     32.162       13.410         -68.210       -1.718       142435.5          557.6    0.7637    0.2287      563.16       69.573      -78.503        1.120     0.88999     0.00000
 232     44.038        6.312         -71.299       -1.794       142007.4          556.7    0.7738    0.2498      563.23       75.825      -77.509       -0.010     0.88875     0.00000
 233     44.062        5.924         -74.211       -2.487       141668.3          556.0    0.7810    0.2628      563.16       75.838      -77.448       -0.604     0.88769     0.00000
 234     37.798        9.774         -77.124       -3.636       141474.9          555.5    0.7867    0.2701      563.03       72.540      -77.879       -2.834     0.88723     0.00000
 235     28.145       16.334         -80.207       -5.221       141203.8          555.0    0.7922    0.2750      562.84       67.459      -78.603       -4.868     0.88631     0.00000
 236     20.266       24.442         -85.746       -7.012       140820.5          554.3    0.8034    0.2846      562.88       63.311      -79.274       -7.758     0.88493     0.00000
 237     22.741       32.631         -92.218       -8.898       140244.7          553.3    0.8181    0.2992      563.07       64.614      -79.282       -7.941     0.88288     0.00000
 238     26.701       41.336         -76.645       -9.455       138983.2          552.5    0.7850    0.2664      560.27       66.699      -78.978       -6.781     0.87593     0.00000
 239     21.425       45.187         -54.705      -10.773       141192.6          554.4    0.7356    0.2295      560.83       63.921      -79.275       -6.807     0.88710     0.00000
 240     22.865       53.234         -48.602      -11.785       141110.3          554.1    0.7234    0.2345      560.83       64.680      -79.267      -10.415     0.88695     0.00000
 241     27.107       63.492         -49.450      -13.090       140316.6          553.9    0.7268    0.2388      560.91       66.913      -79.143      -13.693     0.88223     0.00000
 242     36.027       69.782         -46.906      -14.394       140052.7          554.2    0.7228    0.2515      561.53       71.608      -78.316      -15.899     0.88009     0.00000
 243     47.858       76.273         -44.091      -15.095       139528.3          554.0    0.7191    0.2631      561.71       77.836      -77.063      -12.304     0.87708     0.00000
 244     57.400       81.202         -41.769      -16.167       139276.1          554.0    0.7161    0.2708      562.01       82.860      -76.000      -11.762     0.87545     0.00000
 245     66.007       85.694         -39.792      -16.941       138937.4          553.8    0.7140    0.2773      562.11       87.391      -74.996      -11.330     0.87356     0.00000
 246     75.107       90.446         -38.384      -17.642       138632.3          553.7    0.7136    0.2833      562.29       92.181      -74.009      -11.060     0.87179     0.00000
 247     81.856       93.914         -36.932      -18.464       138272.7          553.5    0.7126    0.2869      562.23       95.734      -73.238      -11.039     0.86985     0.00000
 248     88.904       97.634         -35.936      -18.791       138072.0          553.5    0.7127    0.2910      562.39       99.444      -72.493      -10.761     0.86866     0.00000
 249     97.659      102.176         -35.482      -19.606       137524.7          553.1    0.7150    0.2976      562.36      104.053      -71.658      -10.711     0.86578     0.00000
 250    105.199      106.060         -34.544      -20.425       137242.7          553.0    0.7157    0.3019      562.48      108.022      -70.947      -10.732     0.86417     0.00000
 251    111.180      109.143         -32.685      -21.085       136910.0          552.8    0.7141    0.3043      562.43      111.171      -70.314      -10.758     0.86233     0.00000
 252    116.189      111.707         -32.219      -21.728       136708.9          552.7    0.7150    0.3071      562.53      113.807      -69.861      -10.813     0.86114     0.00000
 253    122.809      115.231         -31.395      -21.843       136314.5          552.5    0.7160    0.3104      562.53      117.292      -69.326      -10.572     0.85895     0.00000
 254    127.578      117.673         -29.514      -22.460       136041.2          552.3    0.7142    0.3123      562.52      119.803      -68.849      -10.634     0.85742     0.00000
 255    133.175      120.554         -28.172      -23.085       135746.1          552.2    0.7139    0.3157      562.60      122.749      -68.358      -10.669     0.85577     0.00000
 256    138.229      123.215         -25.628      -23.330       135393.1          552.0    0.7111    0.3177      562.52      125.410      -67.837      -10.564     0.85381     0.00000
 257    142.176      125.225         -23.138      -23.892       135196.4          551.9    0.7079    0.3193      562.58      127.487      -67.390      -10.633     0.85265     0.00000
 258    147.428      127.946         -20.950      -24.383       134799.9          551.6    0.7062    0.3228      562.58      130.253      -66.878      -10.627     0.85048     0.00000
 259    153.122      130.922         -18.172      -24.782       134407.1          551.4    0.7036    0.3265      562.61      133.250      -66.301      -10.564     0.84831     0.00000
 260    158.726      133.839         -14.644      -25.231       134026.2          551.2    0.6997    0.3297      562.64      136.200      -65.675      -10.534     0.84617     0.00000
 261    161.528      135.265         -10.283      -25.630       133806.5          551.1    0.6927    0.3297      562.58      137.675      -65.178      -10.584     0.84483     0.00000
 262    163.633      136.336          -6.497      -25.934       133699.7          551.2    0.6865    0.3300      562.67      138.783      -64.765      -10.616     0.84408     0.00000
 263    167.560      138.420          -2.266      -26.036       133352.4          551.0    0.6808    0.3326      562.67      140.850      -64.186      -10.515     0.84213     0.00000
 264    170.957      140.164           2.430      -26.442       133006.0          550.8    0.6740    0.3349      562.65      142.639      -63.586      -10.548     0.84018     0.00000
 265    173.997      141.742           7.364      -26.706       132717.9          550.7    0.6667    0.3373      562.70      144.239      -62.992      -10.539     0.83853     0.00000
 266    177.453      143.560          13.222      -26.880       132330.1          550.5    0.6582    0.3404      562.72      146.059      -62.259      -10.489     0.83632     0.00000
 267    178.179      143.937          19.611      -26.946       132052.0          550.3    0.6472    0.3410      562.65      146.441      -61.653      -10.489     0.83471     0.00000
 268    179.603      144.719          26.148      -26.840       131878.5          550.4    0.6364    0.3433      562.82      147.190      -60.938      -10.399     0.83358     0.00000
 269    180.912      145.361          33.236      -27.154       131322.1          550.0    0.6252    0.3466      562.70      147.879      -60.173      -10.486     0.83057     0.00000
 270    181.401      145.676          41.554      -26.864       131049.1          549.9    0.6113    0.3502      562.88      148.137      -59.306      -10.369     0.82892     0.00000
 271    182.281      146.167          50.673      -26.756       130392.3          549.4    0.5967    0.3558      562.83      148.600      -58.232      -10.316     0.82534     0.00000
 272    181.092      145.550          60.313      -26.649       129935.2          549.2    0.5800    0.3605      562.88      147.974      -57.173      -10.325     0.82282     0.00000
 273    179.820      144.971          70.647      -26.083       129302.7          548.7    0.5625    0.3671      562.89      147.305      -55.933      -10.172     0.81943     0.00000
 274    177.357      143.715          81.231      -25.741       128583.1          548.2    0.5442    0.3742      562.94      146.008      -54.633      -10.145     0.81546     0.00000
 275    173.653      141.862          92.924      -25.010       127835.1          547.8    0.5236    0.3828      563.12      144.058      -53.176      -10.036     0.81131     0.00000
 276    169.943      139.998         104.566      -24.327       126863.1          547.1    0.5033    0.3929      563.16      142.105      -51.465       -9.910     0.80602     0.00000
 277    163.458      136.664         116.337      -23.554       125805.5          546.3    0.4812    0.4023      563.07      138.691      -49.808       -9.882     0.80042     0.00000
 278    157.428      133.633         127.445      -22.426       125005.2          545.8    0.4605    0.4129      563.38      135.516      -47.930       -9.619     0.79588     0.00000
 279    145.576      127.554         135.203      -20.933       123524.0          544.8    0.4447    0.4158      562.97      129.278      -46.732       -9.415     0.78782     0.00000
 280    131.372      120.145         148.464      -19.796       122888.9          544.6    0.4163    0.4253      563.69      121.800      -45.138       -9.856     0.78364     0.00000
 281    131.980      120.564         162.657      -19.250       120904.0          543.3    0.3918    0.4504      563.81      122.120      -41.324       -9.338     0.77297     0.00000
 282    128.915      119.056         171.459      -18.451       118486.7          541.4    0.3792    0.4655      563.17      120.506      -38.205       -8.989     0.76021     0.00000
 283    119.471      114.170         182.423      -17.486       117530.2          540.8    0.3598    0.4798      563.94      115.535      -35.313       -8.940     0.75433     0.00000
 284    115.004      111.905         194.319      -16.731       115245.8          539.0    0.3421    0.5006      563.81      113.183      -31.342       -8.706     0.74208     0.00000
 285    109.116      108.870         205.520      -16.052       113158.5          537.4    0.3255    0.5198      563.88      110.084      -27.278       -8.584     0.73055     0.00000
 286    104.668      106.613         216.395      -15.308       110862.8          535.8    0.3113    0.5400      563.94      107.743      -22.820       -8.340     0.71785     0.00000
 287    101.158      104.821         226.504      -14.802       108359.2          533.9    0.3004    0.5598      563.88      105.895      -18.222       -8.177     0.70393     0.00000
 288     98.112      103.272         236.655      -14.324       105825.9          532.1    0.2917    0.5801      563.97      104.291      -13.497       -8.011     0.68967     0.00000
 289     96.897      102.683         246.867      -13.932       103023.7          530.1    0.2865    0.6018      564.00      103.651       -8.691       -7.814     0.67383     0.00000
 290     95.669      102.072         255.606      -13.649       100154.5          528.1    0.2829    0.6205      563.85      103.005       -4.502       -7.667     0.65744     0.00000
 291     92.549      100.477         260.977      -13.203        97863.8          527.1    0.2775    0.6307      563.76      101.363       -1.622       -7.483     0.64390     0.00000
 292     86.674       97.439         262.841      -12.596        96347.6          527.2    0.2683    0.6319      563.75       98.270       -0.026       -7.295     0.63450     0.00000
 293     79.780       93.878         263.195      -11.841        95406.5          527.7    0.2575    0.6296      563.93       94.641        0.820       -7.053     0.62827     0.00000
 294     73.995       90.888         264.245      -11.227        94363.5          527.9    0.2483    0.6296      563.98       91.595        1.772       -6.861     0.62169     0.00000
 295     69.641       88.640         266.278      -10.745        93105.8          527.5    0.2420    0.6327      563.92       89.303        3.315       -6.716     0.61410     0.00000
 296     65.814       86.673         267.956      -10.241        91846.7          527.0    0.2381    0.6355      563.69       87.289        4.781       -6.549     0.60667     0.00000
 297     61.082       84.219         268.208       -9.771        90910.9          526.8    0.2348    0.6348      563.43       84.797        5.437       -6.436     0.60102     0.00000
 298     55.187       81.175         267.232       -9.081        90273.2          527.0    0.2311    0.6307      563.38       81.694        5.123       -6.222     0.59667     0.00000
 299     49.681       78.311         266.120       -8.601        89837.9          527.8    0.2278    0.6263      563.90       78.796        4.398       -6.096     0.59289     0.00000
 300     48.285       77.499         265.929       -9.085        89233.0          527.5    0.2285    0.6262      563.72       78.061        4.117       -6.352     0.58932     0.00000
 301     50.825       78.774         266.824       -9.461        88265.3          525.2    0.2330    0.6312      561.89       79.398        4.529       -6.378     0.58587     0.00000
 302     52.981       79.973         267.636       -9.159        87235.9          522.2    0.2367    0.6362      559.33       80.533        4.924       -6.161     0.58286     0.00000
 303     53.928       80.523         267.778       -8.785        86448.2          519.5    0.2385    0.6391      556.81       81.031        5.193       -5.928     0.58101     0.00000
 304     54.493       80.817         267.126       -8.761        85836.2          517.1    0.2394    0.6400      554.38       81.329        5.254       -5.952     0.57981     0.00000
 305     53.406       80.273         265.721       -8.442        85554.1          515.6    0.2371    0.6383      552.41       80.757        5.394       -5.831     0.57968     0.00000
 306     47.704       77.422         262.064       -7.006        85847.9          515.3    0.2284    0.6280      550.71       77.755        4.521       -5.284     0.58197     0.00000
 307     38.401       72.564         257.587       -6.003        87039.5          516.8    0.2148    0.6122      550.43       72.858        3.247       -4.971     0.58872     0.00000
 308     26.658       66.494         251.780       -4.633        88201.6          517.7    0.2053    0.5929      549.47       66.676        0.841       -4.009     0.59579     0.00000
 309     18.158       62.097         243.034       -3.151        89314.8          517.4    0.2131    0.5699      547.55       62.201       -3.120       -2.819     0.60370     0.00000
 310     10.211       57.889         231.343       -3.206        90302.2          516.5    0.2299    0.5420      544.97       58.018       -7.643       -3.052     0.61179     0.00000
 311      3.346       54.270         226.018       -3.229        91273.8          516.6    0.2350    0.5271      544.07       54.404      -10.774       -3.478     0.61827     0.00000
 312      8.715       57.117         230.824       -3.342        91404.3          517.4    0.2254    0.5398      545.26       57.231       -9.946       -3.330     0.61783     0.00000
 313     14.622       60.229         237.113       -3.467        90771.5          517.6    0.2139    0.5554      546.29       60.340       -8.303       -3.258     0.61299     0.00000
 314     17.884       61.944         242.750       -3.594        90567.5          518.7    0.2033    0.5678      548.12       62.057       -7.055       -3.346     0.61011     0.00000
 315     21.119       63.651         247.873       -3.596        90042.9          519.3    0.1944    0.5793      549.48       63.760       -5.304       -3.259     0.60569     0.00000
 316     23.013       64.637         252.640       -3.819        89795.1          520.0    0.1863    0.5892      550.99       64.757       -3.685       -3.523     0.60296     0.00000
 317     23.970       65.148         257.001       -3.696        89341.0          520.2    0.1791    0.5982      551.98       65.261       -1.652       -3.353     0.59945     0.00000
 318     24.851       65.605         260.893       -3.860        89243.0          520.9    0.1737    0.6059      553.31       65.725        0.197       -3.514     0.59793     0.00000
 319     23.940       65.098         263.889       -4.182        88805.7          520.9    0.1682    0.6115      553.87       65.245        1.724       -3.927     0.59482     0.00000
 320     22.445       64.397         266.948       -2.655        88992.3          521.7    0.1639    0.6167      555.22       64.458        3.482       -2.304     0.59509     0.00000
 321     22.532       64.039         267.710       -7.571        88635.1          521.8    0.1625    0.6179      555.35       64.504        3.405       -7.032     0.59257     0.00000
 322     11.067       58.291         270.894        4.067        88665.4          522.9    0.1505    0.6207      556.89       58.469        6.166        4.188     0.59151     0.00000
 323    -39.163       31.485         279.371       -5.862        89973.9          518.3    0.0756    0.6315      552.68       32.026       17.896      -10.372     0.60490     0.00000
 324    -28.701       33.098         285.272      -17.700        90435.8          519.7    0.0917    0.6453      555.68       37.534       23.401      -25.247     0.60638     0.00000
 325     -4.234       50.345         259.378       -0.258        89677.2          519.8    0.1224    0.5944      550.56       50.414      -17.022        0.838     0.60111     0.00000
 326    -15.156       44.331         254.002       -5.132        89430.5          521.8    0.1150    0.5795      551.20       44.664      -25.803       -7.332     0.59710     0.00000
 327    -21.314       41.279         250.396       -3.120        89762.0          524.0    0.1132    0.5694      552.51       41.422      -31.723       -3.975     0.59682     0.00000
 328    -26.519       38.498         247.508       -3.138        89515.8          525.0    0.1136    0.5620      552.81       38.682      -36.914       -3.942     0.59410     0.00000
 329    -33.293       34.879         245.580       -3.387        89717.6          526.4    0.1132    0.5564      553.82       35.116      -41.901       -5.536     0.59381     0.00000
 330    -37.655       31.818         242.875       -2.638        89628.3          527.7    0.1178    0.5497      554.62       32.820      -45.217       -2.185     0.59173     0.00000
 331    -39.402       26.818         238.999       -2.326        89695.3          528.9    0.1262    0.5405      555.02       31.900      -46.686       -1.164     0.59091     0.00000
 332    -29.587       20.221         238.364       -0.884        89641.0          527.6    0.1331    0.5405      553.78       37.067      -38.324        1.524     0.59194     0.00000
 333    -15.643       11.439         243.924        0.022        89578.6          524.6    0.1391    0.5564      552.12       44.408      -26.354        2.775     0.59506     0.00000
 334     -0.739        2.832         249.898        0.275        89459.4          521.8    0.1550    0.5741      551.01       52.254      -18.007        1.979     0.59757     0.00000
 335     10.527       -4.039         252.401        0.091        89375.8          519.8    0.1727    0.5835      550.10       58.184      -14.947        1.623     0.59929     0.00000
 336     17.824       -8.346         254.055       -0.192        89333.6          518.3    0.1864    0.5902      549.34       62.025      -13.067        1.179     0.60082     0.00000
 337     20.763      -10.496         256.462       -0.595        89370.2          517.1    0.1958    0.5973      549.03       63.573      -11.100        0.350     0.60247     0.00000
 338     21.214      -10.803         259.547       -1.085        89436.5          516.2    0.2023    0.6050      549.01       63.810       -8.687        0.068     0.60407     0.00000
 339     18.711       -9.561         263.391       -1.723        89547.7          515.4    0.2066    0.6136      549.30       62.492       -5.944       -1.022     0.60575     0.00000
 340     13.790       -6.742         267.850       -2.724        89646.1          514.8    0.2097    0.6230      549.85       59.902       -2.607       -2.754     0.60717     0.00000
 341      5.389       -1.873         272.875       -4.372        89773.0          514.4    0.2112    0.6328      550.72       55.480        1.475       -5.975     0.60850     0.00000
 342     -5.473        5.146         277.354       -5.997        89829.2          514.1    0.2108    0.6411      551.57       49.761        6.119      -11.348     0.60915     0.00000
 343    -15.974       13.905         280.329       -7.007        89844.2          513.8    0.2082    0.6463      551.91       44.233       10.257      -15.110     0.60964     0.00000
 344    -18.777       22.076         282.883       -7.933        89800.7          513.6    0.2095    0.6514      552.48       42.758       11.074      -15.543     0.60954     0.00000
 345     -9.596       30.507         277.133       -7.702        89276.4          513.3    0.2184    0.6399      551.19       47.591       -0.521      -11.271     0.60640     0.00000
 346     -8.111       36.371         269.419       -6.660        88995.3          512.9    0.2318    0.6231      549.44       48.373      -10.023       -9.921     0.60496     0.00000
 347     -5.809       42.011         267.900       -6.752        88744.8          512.6    0.2405    0.6205      549.18       49.585      -13.008      -11.221     0.60357     0.00000
 348     -0.791       48.111         267.790       -6.756        88338.5          512.2    0.2497    0.6219      549.17       52.226      -14.972      -12.556     0.60124     0.00000
 349      6.774       54.281         268.161       -6.749        87945.6          511.9    0.2591    0.6248      549.36       56.209      -15.569      -13.323     0.59895     0.00000
 350     17.462       60.815         269.095       -6.791        87414.1          511.4    0.2703    0.6298      549.65       61.835      -15.819      -11.854     0.59587     0.00000
 351     31.545       68.523         269.359       -6.895        86962.6          511.2    0.2816    0.6339      550.12       69.249      -16.218       -8.892     0.59300     0.00000
 352     42.774       74.562         266.883       -6.598        86583.4          511.0    0.2855    0.6317      549.52       75.160      -16.791       -7.219     0.59063     0.00000
 353     48.679       77.762         264.037       -6.226        86641.5          511.3    0.2848    0.6268      549.15       78.268      -16.574       -6.126     0.59067     0.00000
 354     55.519       81.417         262.698       -6.365        86434.7          511.2    0.2886    0.6262      548.97       81.869      -16.520       -5.673     0.58935     0.00000
 355     63.024       85.418         261.605       -6.414        86184.2          511.1    0.2944    0.6265      548.92       85.820      -16.662       -5.294     0.58778     0.00000
 356     72.632       90.527         259.826       -6.230        85864.6          510.9    0.3014    0.6265      548.70       90.878      -17.269       -4.872     0.58582     0.00000
 357     80.331       94.621         256.465       -5.912        85658.1          510.8    0.3047    0.6223      548.03       94.931      -18.005       -4.462     0.58447     0.00000
 358     84.565       96.869         252.956       -5.775        85589.7          510.9    0.3052    0.6166      547.31       97.160      -18.465       -4.185     0.58391     0.00000
 359     89.674       99.581         250.643       -5.779        85464.8          510.9    0.3091    0.6140      547.01       99.849      -18.869       -4.011     0.58305     0.00000
 360     97.350      103.640         247.819       -5.737        85152.0          510.6    0.3153    0.6119      546.48      103.890      -19.650       -3.872     0.58118     0.00000
 361    101.811      106.007         243.521       -5.452        85032.9          510.7    0.3170    0.6051      545.57      106.238      -20.650       -3.639     0.58036     0.00000
 362    104.763      107.581         239.485       -5.097        84981.5          510.7    0.3181    0.5984      544.74      107.792      -21.352       -3.347     0.57996     0.00000
 363    109.023      109.835         236.366       -5.048        84828.7          510.6    0.3225    0.5945      544.19      110.035      -22.038       -3.262     0.57904     0.00000
 364    114.356      112.657         231.892       -4.780        84590.9          510.4    0.3276    0.5887      543.25      112.842      -23.321       -3.104     0.57765     0.00000
 365    117.724      114.443         226.773       -4.378        84471.5          510.3    0.3309    0.5805      542.17      114.615      -24.533       -2.864     0.57693     0.00000
 366    120.678      116.009         221.732       -4.114        84375.1          510.3    0.3343    0.5725      541.18      116.171      -25.682       -2.725     0.57633     0.00000
 367    122.029      116.728         216.090       -3.705        84262.4          510.2    0.3365    0.5627      539.89      116.882      -27.004       -2.528     0.57568     0.00000
 368    123.393      117.445         210.984       -3.555        84225.6          510.2    0.3400    0.5540      538.94      117.600      -28.187       -2.465     0.57546     0.00000
 369    125.556      118.587         204.963       -3.248        84017.1          509.9    0.3453    0.5443      537.63      118.739      -29.808       -2.357     0.57432     0.00000
 370    126.089      118.869         198.210       -2.666        83911.4          509.8    0.3492    0.5323      536.19      119.019      -31.420       -2.093     0.57375     0.00000
 371    126.037      118.841         191.950       -2.177        83820.8          509.7    0.3538    0.5212      534.91      118.992      -32.884       -1.879     0.57329     0.00000
 372    127.024      119.353         185.296       -1.827        83617.1          509.4    0.3603    0.5104      533.49      119.511      -34.413       -1.744     0.57227     0.00000
 373    126.943      119.303         178.053       -1.566        83407.7          508.9    0.3673    0.4983      531.85      119.469      -36.136       -1.643     0.57132     0.00000
 374    127.292      119.483         170.461       -0.945        83205.0          508.3    0.3758    0.4863      530.09      119.652      -37.802       -1.346     0.57058     0.00000
 375    128.178      119.936         162.647       -0.482        82887.6          507.3    0.3863    0.4752      527.99      120.119      -39.362       -1.127     0.56949     0.00000
 376    128.626      120.157         154.623       -0.143        82611.5          505.9    0.3979    0.4641      525.64      120.355      -40.993       -0.978     0.56896     0.00000
 377    129.641      120.680         146.432        0.367        82262.0          504.1    0.4113    0.4538      522.94      120.889      -42.561       -0.761     0.56837     0.00000
 378    130.510      121.138         138.441        0.766        81877.6          502.1    0.4254    0.4444      520.09      121.346      -44.021       -0.593     0.56778     0.00000
 379    131.677      121.764         130.517        1.102        81422.6          499.8    0.4405    0.4360      517.17      121.961      -45.367       -0.427     0.56686     0.00000
 380    133.056      122.499         122.462        1.380        80867.7          497.5    0.4564    0.4283      514.13      122.687      -46.662       -0.277     0.56541     0.00000
 381    134.394      123.212         114.591        1.490        80243.1          495.1    0.4725    0.4215      511.17      123.391      -47.860       -0.201     0.56347     0.00000
 382    135.511      123.807         106.885        1.796        79561.9          492.8    0.4884    0.4156      508.37      123.979      -48.994       -0.039     0.56103     0.00000
 383    137.677      124.949          99.128        2.237        78798.5          490.6    0.5054    0.4113      505.77      125.119      -50.003        0.180     0.55787     0.00000
 384    139.835      126.090          91.380        2.336        77918.6          488.5    0.5227    0.4077      503.25      126.255      -50.953        0.251     0.55383     0.00000
 385    141.635      127.043          83.642        2.526        77048.9          486.5    0.5397    0.4046      500.94      127.203      -51.901        0.372     0.54964     0.00000
 386    144.479      128.538          75.716        2.925        76069.1          484.5    0.5581    0.4031      498.70      128.700      -52.745        0.580     0.54466     0.00000
 387    147.808      130.289          67.422        3.197        74958.0          482.4    0.5777    0.4026      496.41      130.453      -53.569        0.719     0.53880     0.00000
 388    150.938      131.934          58.995        3.421        73796.9          480.4    0.5976    0.4027      494.15      132.100      -54.360        0.839     0.53253     0.00000
 389    153.766      133.419          50.595        3.659        72593.0          478.2    0.6173    0.4031      491.90      133.589      -55.137        0.966     0.52594     0.00000
 390    156.813      135.020          42.129        3.850        71374.8          476.1    0.6375    0.4039      489.67      135.193      -55.899        1.078     0.51920     0.00000
 391    159.800      136.586          34.182        4.165        70101.5          474.0    0.6571    0.4062      487.50      136.765      -56.475        1.244     0.51210     0.00000
 392    162.664      138.088          25.750        4.429        68809.0          471.8    0.6772    0.4082      485.27      138.273      -57.225        1.377     0.50479     0.00000
 393    166.279      139.995          17.115        4.367        67438.7          469.5    0.6984    0.4102      483.02      140.176      -57.909        1.391     0.49697     0.00000
 394    168.322      141.070          10.038        4.456        66142.5          467.5    0.7156    0.4117      480.96      141.251      -58.441        1.482     0.48955     0.00000
 395    168.827      141.329           4.330        4.736        65242.7          466.2    0.7283    0.4106      479.46      141.517      -59.028        1.658     0.48433     0.00000
 396    168.383      141.097           0.125        4.655        64465.8          465.2    0.7370    0.4072      478.15      141.284      -59.554        1.707     0.47991     0.00000
 397    165.683      139.678          -2.780        4.564        64027.0          464.7    0.7413    0.4005      477.27      139.863      -60.179        1.770     0.47749     0.00000
 398    163.642      138.604          -5.219        4.592        63669.7          464.4    0.7451    0.3941      476.56      138.788      -60.756        1.868     0.47556     0.00000
 399    162.207      137.857          -7.706        4.433        63226.3          463.9    0.7495    0.3884      475.76      138.033      -61.300        1.865     0.47313     0.00000
 400    161.421      137.449         -10.236        4.432        62796.5          463.4    0.7545    0.3840      475.05      137.619      -61.786        1.900     0.47073     0.00000
 401    161.745      137.624         -12.731        4.489        62319.3          462.9    0.7600    0.3813      474.36      137.789      -62.154        1.939     0.46799     0.00000
 402    161.877      137.704         -14.979        4.285        61838.6          462.3    0.7647    0.3789      473.69      137.859      -62.498        1.865     0.46517     0.00000
 403    161.563      137.549         -16.871        4.104        61419.0          461.9    0.7683    0.3761      473.09      137.693      -62.837        1.809     0.46268     0.00000
 404    161.441      137.494         -18.273        3.995        61089.0          461.6    0.7709    0.3736      472.67      137.629      -63.106        1.785     0.46067     0.00000
 405    160.975      137.258         -19.351        3.884        60825.6          461.4    0.7725    0.3708      472.33      137.384      -63.357        1.761     0.45904     0.00000
 406    160.350      136.932         -20.212        3.981        60610.0          461.2    0.7736    0.3678      472.05      137.055      -63.605        1.821     0.45768     0.00000
 407    160.558      137.048         -20.918        3.909        60383.9          461.1    0.7750    0.3661      471.83      137.165      -63.751        1.805     0.45623     0.00000
 408    159.216      136.351         -21.207        3.687        60214.8          461.0    0.7743    0.3628      471.58      136.458      -64.007        1.728     0.45512     0.00000
 409    159.145      136.320         -20.983        3.575        60206.5          461.2    0.7736    0.3611      471.70      136.421      -64.048        1.693     0.45494     0.00000
 410    156.262      134.809         -19.742        3.439        60105.9          461.1    0.7689    0.3566      471.41      134.903      -64.276        1.662     0.45428     0.00000
 411    156.813      135.102         -18.713        3.440        60508.3          462.0    0.7664    0.3550      472.19      135.193      -64.108        1.641     0.45645     0.00000
 412    154.009      133.633         -17.703        3.377        60310.1          461.7    0.7623    0.3500      471.61      133.717      -64.289        1.607     0.45531     0.00000
 413    157.943      135.707         -20.761        3.522        60785.5          461.8    0.7705    0.3489      471.65      135.788      -64.300        1.595     0.45868     0.00000
 414    153.437      133.304         -14.627        3.215        60754.6          462.9    0.7557    0.3474      472.75      133.416      -63.790        1.536     0.45740     0.00000
 415    105.936      108.255          18.863        1.533        61971.2          470.0    0.6610    0.3597      481.37      108.410      -56.187        2.217     0.45972     0.00000
 416     79.718       86.708          47.079        0.458        63983.2          474.4    0.6206    0.3828      488.96       94.608      -47.105       -0.908     0.46966     0.00000
 417     57.057       79.493          37.438        0.300        65431.7          475.8    0.5869    0.3327      485.94       82.679      -64.265       -2.031     0.47865     0.00000
 418     69.203       89.046           9.501        0.462        65975.3          472.7    0.6493    0.2727      478.97       89.073      -70.598        0.003     0.48578     0.00000
 419     87.948       98.929          -7.545        0.670        65159.8          468.1    0.6964    0.2638      473.72       98.941      -69.935        0.305     0.48481     0.00000
 420     94.993      102.642         -16.290        0.204        64715.3          466.2    0.7192    0.2623      471.65      102.649      -69.992        0.053     0.48357     0.00000
 421    101.588      106.117         -21.909        0.061        63985.6          464.6    0.7351    0.2664      470.17      106.121      -69.811        0.005     0.47982     0.00000
 422    103.628      107.191         -27.086        0.155        63535.1          463.5    0.7478    0.2680      469.12      107.195      -69.999        0.089     0.47756     0.00000
 423    102.947      106.830         -31.711        0.509        63009.2          462.2    0.7585    0.2681      467.79      106.837      -70.372        0.295     0.47496     0.00000
 424    102.048      106.357         -36.251        0.724        62849.5          461.5    0.7687    0.2700      467.13      106.363      -70.728        0.415     0.47452     0.00000
 425    108.591      109.802         -41.065       -0.927        62318.5          460.2    0.7830    0.2801      466.28      109.808      -70.467       -0.469     0.47177     0.00000
 426    120.178      115.906         -44.186       -0.270        61809.0          459.0    0.7959    0.2962      465.74      115.907      -69.670       -0.130     0.46916     0.00000
 427    124.082      117.960         -46.533        0.529        61445.7          458.2    0.8035    0.3031      465.20      117.962      -69.476        0.253     0.46725     0.00000
 428    123.346      117.574         -48.155        0.283        61507.9          458.2    0.8068    0.3039      465.25      117.575      -69.626        0.135     0.46772     0.00000
 429    122.654      117.210         -48.941        0.494        61617.5          458.4    0.8081    0.3038      465.48      117.211      -69.727        0.240     0.46832     0.00000
 430    121.469      116.586         -48.889        0.472        61736.3          458.8    0.8071    0.3021      465.80      116.587      -69.823        0.231     0.46883     0.00000
 431    119.725      115.668         -48.175        0.520        61887.7          459.3    0.8043    0.2991      466.14      115.669      -69.930        0.257     0.46949     0.00000
 432    118.441      114.992         -47.408        0.507        62065.7          459.8    0.8016    0.2967      466.49      114.993      -69.996        0.253     0.47038     0.00000
 433    116.957      114.211         -46.879        0.538        62206.2          460.1    0.7995    0.2943      466.75      114.212      -70.092        0.270     0.47108     0.00000
 434    119.387      115.490         -47.266        0.462        62115.3          460.2    0.8014    0.2974      467.00      115.491      -69.913        0.230     0.47028     0.00000
